   1.0000000e-08   0.0000000e+00  -0.0000000e+00
   1.0000010e-02  -1.1150000e-03  -1.1998826e-03
   2.0000010e-02  -3.5050000e-03  -3.7673417e-03
   3.0000010e-02  -2.0700000e-03  -2.2230395e-03
   4.0000010e-02   9.0510000e-03   9.7554090e-03
   5.0000010e-02   2.9526000e-02   3.1812585e-02
   6.0000010e-02   5.5875000e-02   6.0164583e-02
   7.0000010e-02   8.8823000e-02   9.5674270e-02
   8.0000010e-02   1.3204600e-01   1.4225718e-01
   9.0000010e-02   1.8372500e-01   1.9793233e-01
   1.0000001e-01   2.3593300e-01   2.5418791e-01
   1.1000001e-01   2.8475800e-01   3.0679780e-01
   1.2000001e-01   3.3406900e-01   3.5986305e-01
   1.3000001e-01   3.8333100e-01   4.1292893e-01
   1.4000001e-01   4.2201400e-01   4.5451604e-01
   1.5000001e-01   4.4699900e-01   4.8146982e-01
   1.6000001e-01   4.6769900e-01   5.0377447e-01
   1.7000001e-01   4.7919900e-01   5.1613029e-01
   1.8000001e-01   4.5813800e-01   4.9340028e-01
   1.9000001e-01   3.9873700e-01   4.2943603e-01
   2.0000001e-01   3.2438800e-01   3.4942170e-01
   2.1000001e-01   2.5537200e-01   2.7510819e-01
   2.2000001e-01   1.8621100e-01   2.0060157e-01
   2.3000001e-01   1.0433500e-01   1.1240749e-01
   2.4000001e-01   1.9709000e-02   2.1270382e-02
   2.5000001e-01  -4.2067000e-02  -4.5233976e-02
   2.6000001e-01  -7.3958000e-02  -7.9518381e-02
   2.7000001e-01  -8.9573000e-02  -9.6311895e-02
   2.8000001e-01  -9.1884000e-02  -9.8688120e-02
   2.9000001e-01  -6.4421000e-02  -6.9092952e-02
   3.0000001e-01   3.5970000e-03   4.1621411e-03
   3.1000001e-01   9.6086000e-02   1.0374842e-01
   3.2000001e-01   1.8241400e-01   1.9658658e-01
   3.3000001e-01   2.4096900e-01   2.5971798e-01
   3.4000001e-01   2.7043600e-01   2.9151083e-01
   3.5000001e-01   2.9570100e-01   3.1871222e-01
   3.6000001e-01   3.4360900e-01   3.7029311e-01
   3.7000001e-01   4.0022600e-01   4.3113539e-01
   3.8000001e-01   4.2976600e-01   4.6294283e-01
   3.9000001e-01   4.3484900e-01   4.6841455e-01
   4.0000001e-01   4.4479900e-01   4.7902720e-01
   4.1000001e-01   4.4689500e-01   4.8129666e-01
   4.2000001e-01   3.9067100e-01   4.2074296e-01
   4.3000001e-01   2.6878400e-01   2.8947937e-01
   4.4000001e-01   1.4473800e-01   1.5600851e-01
   4.5000001e-01   8.4164000e-02   9.0671487e-02
   4.6000001e-01   7.8147000e-02   8.4153826e-02
   4.7000001e-01   5.7712000e-02   6.2146302e-02
   4.8000001e-01  -1.0354000e-02  -1.1081272e-02
   4.9000001e-01  -8.2316000e-02  -8.8485717e-02
   5.0000001e-01  -1.1258600e-01  -1.2108528e-01
   5.1000001e-01  -1.1794800e-01  -1.2673061e-01
   5.2000001e-01  -1.2984500e-01  -1.3953609e-01
   5.3000001e-01  -1.1975500e-01  -1.2867025e-01
   5.4000001e-01  -2.9094000e-02  -3.1055282e-02
   5.5000001e-01   1.3167500e-01   1.4197503e-01
   5.6000001e-01   2.7415900e-01   2.9544831e-01
   5.7000001e-01   3.3880500e-01   3.6508879e-01
   5.8000001e-01   3.6122000e-01   3.8927386e-01
   5.9000001e-01   3.9967100e-01   4.3069635e-01
   6.0000001e-01   4.4304100e-01   4.7727099e-01
   6.1000001e-01   4.4428300e-01   4.7860372e-01
   6.2000001e-01   4.0809400e-01   4.3954876e-01
   6.3000001e-01   3.8295800e-01   4.1240280e-01
   6.4000001e-01   3.7499400e-01   4.0381181e-01
   6.5000001e-01   3.2707200e-01   3.5221339e-01
   6.6000001e-01   2.0545300e-01   2.2137233e-01
   6.7000001e-01   5.9547000e-02   6.4184148e-02
   6.8000001e-01  -3.9717000e-02  -4.2672013e-02
   6.9000001e-01  -8.9763000e-02  -9.6590066e-02
   7.0000001e-01  -1.4129500e-01  -1.5198718e-01
   7.1000001e-01  -1.9728400e-01  -2.1227263e-01
   7.2000001e-01  -1.9473900e-01  -2.0953895e-01
   7.3000001e-01  -1.0991600e-01  -1.1812062e-01
   7.4000001e-01  -7.4210000e-03  -7.8054563e-03
   7.5000001e-01   4.0527000e-02   4.3851208e-02
   7.6000001e-01   4.2622000e-02   4.6208958e-02
   7.7000001e-01   7.0026000e-02   7.5618813e-02
   7.8000001e-01   1.4320800e-01   1.5436788e-01
   7.9000001e-01   1.8280300e-01   1.9700879e-01
   8.0000001e-01   1.2409900e-01   1.3379005e-01
   8.1000001e-01   2.2897000e-02   2.4777026e-02
   8.2000001e-01  -3.1071000e-02  -3.3340763e-02
   8.3000001e-01  -5.8389000e-02  -6.2773836e-02
   8.4000001e-01  -1.5698600e-01  -1.6894437e-01
   8.5000001e-01  -3.3977600e-01  -3.6575683e-01
   8.6000001e-01  -4.9679400e-01  -5.3485139e-01
   8.7000001e-01  -5.4203400e-01  -5.8357851e-01
   8.8000001e-01  -5.2475400e-01  -5.6498969e-01
   8.9000001e-01  -5.4465900e-01  -5.8642258e-01
   9.0000001e-01  -6.0067100e-01  -6.4674710e-01
   9.1000001e-01  -6.0389600e-01  -6.5020577e-01
   9.2000001e-01  -5.3000300e-01  -5.7059791e-01
   9.3000001e-01  -4.5917500e-01  -4.9427787e-01
   9.4000001e-01  -4.4258000e-01  -4.7642031e-01
   9.5000001e-01  -4.2494900e-01  -4.5749115e-01
   9.6000001e-01  -3.4066600e-01  -3.6667565e-01
   9.7000001e-01  -2.2255800e-01  -2.3947793e-01
   9.8000001e-01  -1.5945500e-01  -1.7151675e-01
   9.9000001e-01  -1.6196000e-01  -1.7412375e-01
   1.0000000e+00  -1.3711500e-01  -1.4734409e-01
   1.0100000e+00  -2.3090000e-03  -2.1751833e-03
   1.0200000e+00   2.1718300e-01   2.3412745e-01
   1.0300000e+00   4.1510400e-01   4.4713067e-01
   1.0400000e+00   5.2801400e-01   5.6867897e-01
   1.0500000e+00   5.8011400e-01   6.2482487e-01
   1.0600000e+00   5.8746200e-01   6.3272505e-01
   1.0700000e+00   5.0890400e-01   5.4815408e-01
   1.0800000e+00   3.3206600e-01   3.5774610e-01
   1.0900000e+00   1.4950600e-01   1.6109803e-01
   1.1000000e+00   7.6383000e-02   8.2281069e-02
   1.1100000e+00   9.3024000e-02   1.0001089e-01
   1.1200000e+00   5.5010000e-02   5.9050519e-02
   1.1300000e+00  -1.2893900e-01  -1.3893366e-01
   1.1400000e+00  -4.0131300e-01  -4.3206090e-01
   1.1500000e+00  -6.4578400e-01  -6.9527101e-01
   1.1600000e+00  -8.1623400e-01  -8.7894494e-01
   1.1700000e+00  -9.3039300e-01  -1.0019284e+00
   1.1800000e+00  -9.6978100e-01  -1.0443259e+00
   1.1900000e+00  -8.8468600e-01  -9.5275876e-01
   1.2000000e+00  -7.0502300e-01  -7.5931799e-01
   1.2100000e+00  -5.5750300e-01  -6.0032401e-01
   1.2200000e+00  -5.2168200e-01  -5.6162242e-01
   1.2300000e+00  -5.1480900e-01  -5.5441965e-01
   1.2400000e+00  -3.8371300e-01  -4.1325185e-01
   1.2500000e+00  -8.7108000e-02  -9.3729899e-02
   1.2600000e+00   2.7147900e-01   2.9235803e-01
   1.2700000e+00   5.7708900e-01   6.2143702e-01
   1.2800000e+00   7.9910700e-01   8.6060110e-01
   1.2900000e+00   9.3221600e-01   1.0038788e+00
   1.3000000e+00   9.3241900e-01   1.0041826e+00
   1.3100000e+00   7.9127800e-01   8.5225257e-01
   1.3200000e+00   6.0328200e-01   6.4976103e-01
   1.3300000e+00   4.9164400e-01   5.2947171e-01
   1.3400000e+00   4.6328900e-01   4.9899687e-01
   1.3500000e+00   3.9002400e-01   4.2010330e-01
   1.3600000e+00   1.6194800e-01   1.7450579e-01
   1.3700000e+00  -1.8412200e-01  -1.9817448e-01
   1.3800000e+00  -5.2646700e-01  -5.6688714e-01
   1.3900000e+00  -8.0107700e-01  -8.6259515e-01
   1.4000000e+00  -1.0146650e+00  -1.0940117e+00
   1.4100000e+00  -1.1469990e+00  -1.2383769e+00
   1.4200000e+00  -1.1557070e+00  -1.2466331e+00
   1.4300000e+00  -1.0641480e+00  -1.1463559e+00
   1.4400000e+00  -9.7699600e-01  -1.0519963e+00
   1.4500000e+00  -9.7515700e-01  -1.0499476e+00
   1.4600000e+00  -1.0059170e+00  -1.0575474e+00
   1.4700000e+00  -9.1170200e-01  -9.8174458e-01
   1.4800000e+00  -6.2203600e-01  -6.6982505e-01
   1.4900000e+00  -2.2587600e-01  -2.4323031e-01
   1.5000000e+00   1.5488200e-01   1.6682100e-01
   1.5100000e+00   4.7517600e-01   5.1170732e-01
   1.5200000e+00   7.3017100e-01   7.8626676e-01
   1.5300000e+00   8.7624700e-01   9.4356437e-01
   1.5400000e+00   8.7115300e-01   9.3809069e-01
   1.5500000e+00   7.7608400e-01   8.3593220e-01
   1.5600000e+00   7.1996700e-01   7.7530009e-01
   1.5700000e+00   7.3887900e-01   7.9629255e-01
   1.5800000e+00   7.1770900e-01   7.7286113e-01
   1.5900000e+00   5.3367400e-01   5.7468504e-01
   1.6000000e+00   2.1041800e-01   2.2659416e-01
   1.6100000e+00  -1.3356600e-01  -1.4381580e-01
   1.6200000e+00  -4.3805300e-01  -4.7171202e-01
   1.6300000e+00  -7.1658000e-01  -7.7162033e-01
   1.6400000e+00  -9.5038300e-01  -1.0233851e+00
   1.6500000e+00  -1.0668200e+00  -1.1487679e+00
   1.6600000e+00  -1.0564620e+00  -1.1368497e+00
   1.6700000e+00  -1.0275740e+00  -1.1066548e+00
   1.6800000e+00  -1.0978450e+00  -1.1817226e+00
   1.6900000e+00  -1.2192020e+00  -1.2975111e+00
   1.7000000e+00  -1.2057090e+00  -1.2799055e+00
   1.7100000e+00  -9.5474600e-01  -1.0209197e+00
   1.7200000e+00  -5.7835000e-01  -6.2290442e-01
   1.7300000e+00  -2.1158900e-01  -2.2796654e-01
   1.7400000e+00   1.5834100e-01   1.7038422e-01
   1.7500000e+00   5.5646100e-01   5.9908999e-01
   1.7600000e+00   8.6792400e-01   9.3448122e-01
   1.7700000e+00   9.5727500e-01   1.0307005e+00
   1.7800000e+00   8.7960000e-01   9.4947678e-01
   1.7900000e+00   8.3612200e-01   9.0006353e-01
   1.8000000e+00   9.1430000e-01   9.8446456e-01
   1.8100000e+00   9.9431900e-01   1.0655448e+00
   1.8200000e+00   9.2506400e-01   9.9412239e-01
   1.8300000e+00   7.0344800e-01   7.5842110e-01
   1.8400000e+00   4.2320000e-01   4.5558811e-01
   1.8500000e+00   1.2750600e-01   1.3723654e-01
   1.8600000e+00  -1.9837100e-01  -2.1367536e-01
   1.8700000e+00  -5.1810700e-01  -5.5797601e-01
   1.8800000e+00  -7.2017600e-01  -7.7556916e-01
   1.8900000e+00  -7.4927700e-01  -8.0690602e-01
   1.9000000e+00  -7.0202800e-01  -7.5781600e-01
   1.9100000e+00  -7.2426700e-01  -7.8007899e-01
   1.9200000e+00  -8.3108800e-01  -8.9497582e-01
   1.9300000e+00  -8.9355000e-01  -9.6223397e-01
   1.9400000e+00  -8.1339300e-01  -8.7594413e-01
   1.9500000e+00  -6.2664300e-01  -6.7473645e-01
   1.9600000e+00  -4.0351200e-01  -4.3457334e-01
   1.9700000e+00  -1.4675800e-01  -1.5809217e-01
   1.9800000e+00   1.4481800e-01   1.5588449e-01
   1.9900000e+00   3.8393900e-01   4.1337609e-01
   2.0000000e+00   4.6005900e-01   4.9534356e-01
   2.0100000e+00   3.9037200e-01   4.2432829e-01
   2.0200000e+00   3.2272600e-01   3.4832797e-01
   2.0300000e+00   3.7394900e-01   4.0259679e-01
   2.0400000e+00   5.0217200e-01   5.4065395e-01
   2.0500000e+00   5.6352600e-01   6.0669041e-01
   2.0600000e+00   4.8837500e-01   5.2575484e-01
   2.0700000e+00   3.3217700e-01   3.5755365e-01
   2.0800000e+00   1.4906100e-01   1.6042070e-01
   2.0900000e+00  -6.5609000e-02  -7.0747702e-02
   2.1000000e+00  -2.8800800e-01  -3.1023277e-01
   2.1100000e+00  -4.2524500e-01  -4.5801193e-01
   2.1200000e+00  -4.1852000e-01  -4.5077028e-01
   2.1300000e+00  -3.5505400e-01  -3.8516255e-01
   2.1400000e+00  -3.9514800e-01  -4.2567056e-01
   2.1500000e+00  -5.6751800e-01  -6.1117921e-01
   2.1600000e+00  -7.2721000e-01  -7.8301488e-01
   2.1700000e+00  -7.4065700e-01  -7.9747409e-01
   2.1800000e+00  -6.1829600e-01  -6.6574689e-01
   2.1900000e+00  -4.2969000e-01  -4.6277138e-01
   2.2000000e+00  -1.8849100e-01  -2.0319293e-01
   2.2100000e+00   9.4099000e-02   1.0125702e-01
   2.2200000e+00   3.1362700e-01   3.3765283e-01
   2.2300000e+00   3.4381200e-01   3.7015704e-01
   2.2400000e+00   2.1380000e-01   2.3202546e-01
   2.2500000e+00   1.3260600e-01   1.4345389e-01
   2.2600000e+00   2.6106300e-01   2.8106087e-01
   2.2700000e+00   5.0545800e-01   5.4419646e-01
   2.2800000e+00   6.3673000e-01   6.8545586e-01
   2.2900000e+00   5.5868300e-01   6.0141013e-01
   2.3000000e+00   3.5084500e-01   3.7765502e-01
   2.3100000e+00   1.0133200e-01   1.0910144e-01
   2.3200000e+00  -1.7286500e-01  -1.8610386e-01
   2.3300000e+00  -4.1307600e-01  -4.4490061e-01
   2.3400000e+00  -4.6445500e-01  -5.0023061e-01
   2.3500000e+00  -2.7032000e-01  -2.9118092e-01
   2.3600000e+00  -2.5684000e-02  -2.7867831e-02
   2.3700000e+00  -2.8400000e-04  -4.9240845e-04
   2.3800000e+00  -2.4690600e-01  -2.6594136e-01
   2.3900000e+00  -5.5680300e-01  -5.9954603e-01
   2.4000000e+00  -7.1385600e-01  -7.6862031e-01
   2.4100000e+00  -7.2588000e-01  -7.8171094e-01
   2.4200000e+00  -7.1186900e-01  -7.6663551e-01
   2.4300000e+00  -6.2770500e-01  -6.7618707e-01
   2.4400000e+00  -3.6534800e-01  -3.9349398e-01
   2.4500000e+00  -1.0477300e-01  -1.1290021e-01
   2.4600000e+00  -1.8723800e-01  -2.0170007e-01
   2.4700000e+00  -5.6276200e-01  -6.0607323e-01
   2.4800000e+00  -7.5268100e-01  -8.1058837e-01
   2.4900000e+00  -4.8052800e-01  -5.1757134e-01
   2.5000000e+00  -2.1902000e-02  -2.2088293e-02
   2.5100000e+00   1.9291300e-01   2.0614705e-01
   2.5200000e+00   1.2707400e-01   1.3580077e-01
   2.5300000e+00   7.8291000e-02   8.4164504e-02
   2.5400000e+00   1.3770900e-01   1.4837066e-01
   2.5500000e+00   6.0608000e-02   7.4914532e-02
   2.5600000e+00  -2.1375500e-01  -2.3032954e-01
   2.5700000e+00  -3.0556300e-01  -3.2919162e-01
   2.5800000e+00   8.7569000e-02   9.4143176e-02
   2.5900000e+00   6.7474500e-01   7.2640376e-01
   2.6000000e+00   9.0095200e-01   9.7005538e-01
   2.6100000e+00   6.7334700e-01   7.2497198e-01
   2.6200000e+00   4.2993700e-01   4.6477053e-01
   2.6300000e+00   4.7830800e-01   5.1494763e-01
   2.6400000e+00   5.8582800e-01   6.3180250e-01
   2.6500000e+00   4.3433900e-01   4.6466844e-01
   2.6600000e+00   1.2394100e-01   1.3337373e-01
   2.6700000e+00  -4.9296000e-02  -5.3171959e-02
   2.6800000e+00  -1.6607200e-01  -1.7891926e-01
   2.6900000e+00  -5.5121500e-01  -5.9365069e-01
   2.7000000e+00  -1.1380260e+00  -1.2148392e+00
   2.7100000e+00  -1.4140320e+00  -1.5227484e+00
   2.7200000e+00  -1.0516900e+00  -1.1325774e+00
   2.7300000e+00  -3.2130900e-01  -3.4608409e-01
   2.7400000e+00   2.4636500e-01   2.6520169e-01
   2.7500000e+00   4.8012500e-01   5.1692058e-01
   2.7600000e+00   6.2110500e-01   6.6873143e-01
   2.7700000e+00   8.0137800e-01   8.6555286e-01
   2.7800000e+00   8.4836700e-01   9.1350616e-01
   2.7900000e+00   6.4197100e-01   6.9153970e-01
   2.8000000e+00   4.1450800e-01   4.4626321e-01
   2.8100000e+00   4.4749700e-01   4.8178679e-01
   2.8200000e+00   5.9872000e-01   6.4452116e-01
   2.8300000e+00   4.3002100e-01   4.6296792e-01
   2.8400000e+00  -1.4900500e-01  -1.6054171e-01
   2.8500000e+00  -6.9657100e-01  -7.5017105e-01
   2.8600000e+00  -8.0684700e-01  -8.6892371e-01
   2.8700000e+00  -6.0116300e-01  -6.4743758e-01
   2.8800000e+00  -4.6797000e-01  -5.0731107e-01
   2.8900000e+00  -5.1584500e-01  -5.5671313e-01
   2.9000000e+00  -5.3058700e-01  -5.7145592e-01
   2.9100000e+00  -4.5469800e-01  -4.8972071e-01
   2.9200000e+00  -5.3252500e-01  -5.5160242e-01
   2.9300000e+00  -8.3965100e-01  -8.9072242e-01
   2.9400000e+00  -9.5810800e-01  -1.0317143e+00
   2.9500000e+00  -4.5106200e-01  -4.8580535e-01
   2.9600000e+00   5.1295200e-01   5.5226859e-01
   2.9700000e+00   1.2732040e+00   1.3709282e+00
   2.9800000e+00   1.4841290e+00   1.5980701e+00
   2.9900000e+00   1.4589910e+00   1.5707566e+00
   3.0000000e+00   1.5798850e+00   1.7001145e+00
   3.0100000e+00   1.7172480e+00   1.8435603e+00
   3.0200000e+00   1.5805720e+00   1.7009822e+00
   3.0300000e+00   1.2604020e+00   1.3533729e+00
   3.0400000e+00   1.0791270e+00   1.1617109e+00
   3.0500000e+00   1.0382770e+00   1.1180590e+00
   3.0600000e+00   7.0807600e-01   7.6249070e-01
   3.0700000e+00  -1.7867700e-01  -1.9238696e-01
   3.0800000e+00  -1.2017920e+00  -1.2941040e+00
   3.0900000e+00  -1.6824240e+00  -1.8100729e+00
   3.1000000e+00  -1.5205780e+00  -1.6351691e+00
   3.1100000e+00  -1.2626050e+00  -1.3588410e+00
   3.1200000e+00  -1.2894970e+00  -1.3918264e+00
   3.1300000e+00  -1.3912220e+00  -1.4944041e+00
   3.1400000e+00  -1.3353860e+00  -1.4380037e+00
   3.1500000e+00  -1.3141300e+00  -1.4158664e+00
   3.1600000e+00  -1.5773770e+00  -1.6929289e+00
   3.1700000e+00  -1.8229740e+00  -1.9626040e+00
   3.1800000e+00  -1.4892120e+00  -1.6036629e+00
   3.1900000e+00  -5.9259600e-01  -6.3816383e-01
   3.2000000e+00   2.1570200e-01   2.3223214e-01
   3.2100000e+00   4.9520800e-01   5.3321245e-01
   3.2200000e+00   5.4515500e-01   5.8699667e-01
   3.2300000e+00   8.4156300e-01   9.0565695e-01
   3.2400000e+00   1.3211390e+00   1.4200850e+00
   3.2500000e+00   1.6393090e+00   1.7613253e+00
   3.2600000e+00   1.7768860e+00   1.9091449e+00
   3.2700000e+00   1.9795650e+00   2.1283777e+00
   3.2800000e+00   2.1903540e+00   2.3545993e+00
   3.2900000e+00   1.9799060e+00   2.1325529e+00
   3.3000000e+00   1.0956600e+00   1.1801462e+00
   3.3100000e+00  -6.8769000e-02  -7.3785564e-02
   3.3200000e+00  -8.7152700e-01  -9.3821641e-01
   3.3300000e+00  -1.1260510e+00  -1.2122945e+00
   3.3400000e+00  -1.1566190e+00  -1.2432476e+00
   3.3500000e+00  -1.2934100e+00  -1.3923924e+00
   3.3600000e+00  -1.5040800e+00  -1.6198520e+00
   3.3700000e+00  -1.6479350e+00  -1.7713780e+00
   3.3800000e+00  -1.8147250e+00  -1.9496398e+00
   3.3900000e+00  -2.1141900e+00  -2.2722400e+00
   3.4000000e+00  -2.2910660e+00  -2.4606343e+00
   3.4100000e+00  -1.9013170e+00  -2.0482642e+00
   3.4200000e+00  -9.3792000e-01  -1.0093579e+00
   3.4300000e+00  -1.8095000e-02  -1.9456420e-02
   3.4400000e+00   3.4853800e-01   3.7534379e-01
   3.4500000e+00   3.3097000e-01   3.5642648e-01
   3.4600000e+00   4.0045100e-01   4.3124555e-01
   3.4700000e+00   6.8348000e-01   7.3579044e-01
   3.4800000e+00   9.7071500e-01   1.0430304e+00
   3.4900000e+00   1.2200270e+00   1.3134121e+00
   3.5000000e+00   1.6092340e+00   1.7334938e+00
   3.5100000e+00   2.1034260e+00   2.2586046e+00
   3.5200000e+00   2.2653050e+00   2.4209939e+00
   3.5300000e+00   1.7936170e+00   1.9220164e+00
   3.5400000e+00   9.5297700e-01   1.0254189e+00
   3.5500000e+00   3.5740900e-01   3.8461994e-01
   3.5600000e+00   2.5759700e-01   2.7746135e-01
   3.5700000e+00   2.4858200e-01   2.6775341e-01
   3.5800000e+00  -4.6163000e-02  -4.9635250e-02
   3.5900000e+00  -5.5322600e-01  -5.9483231e-01
   3.6000000e+00  -1.0760450e+00  -1.1576550e+00
   3.6100000e+00  -1.5797720e+00  -1.7013911e+00
   3.6200000e+00  -2.1224660e+00  -2.2714504e+00
   3.6300000e+00  -2.5024490e+00  -2.6633075e+00
   3.6400000e+00  -2.3354110e+00  -2.5017765e+00
   3.6500000e+00  -1.5482060e+00  -1.6680272e+00
   3.6600000e+00  -5.7495700e-01  -6.1887812e-01
   3.6700000e+00   6.8100000e-04   6.2968661e-04
   3.6800000e+00   1.2827200e-01   1.3802356e-01
   3.6900000e+00   2.0381100e-01   2.1936565e-01
   3.7000000e+00   4.5099400e-01   4.8553899e-01
   3.7100000e+00   7.7996500e-01   8.3960143e-01
   3.7200000e+00   1.1215350e+00   1.2067330e+00
   3.7300000e+00   1.5045280e+00   1.6200290e+00
   3.7400000e+00   1.8405630e+00   1.9826241e+00
   3.7500000e+00   1.8343570e+00   1.9755850e+00
   3.7600000e+00   1.3269110e+00   1.4294137e+00
   3.7700000e+00   5.2395100e-01   5.8768112e-01
   3.7800000e+00  -9.4085000e-02  -1.0182466e-01
   3.7900000e+00  -2.3811000e-01  -2.5651581e-01
   3.8000000e+00  -1.5511100e-01  -1.6714070e-01
   3.8100000e+00  -2.1579000e-01  -2.3248148e-01
   3.8200000e+00  -4.9059300e-01  -5.2839688e-01
   3.8300000e+00  -9.0764000e-01  -9.7690375e-01
   3.8400000e+00  -1.4463830e+00  -1.5565596e+00
   3.8500000e+00  -2.0406910e+00  -2.1966259e+00
   3.8600000e+00  -2.4274460e+00  -2.5988059e+00
   3.8700000e+00  -2.3218830e+00  -2.4880428e+00
   3.8800000e+00  -1.7605280e+00  -1.8957566e+00
   3.8900000e+00  -1.1039610e+00  -1.1962422e+00
   3.9000000e+00  -7.7881300e-01  -8.3886406e-01
   3.9100000e+00  -8.7086600e-01  -9.3757875e-01
   3.9200000e+00  -1.0445800e+00  -1.1249455e+00
   3.9300000e+00  -9.3907100e-01  -1.0113307e+00
   3.9400000e+00  -4.8169200e-01  -5.1881384e-01
   3.9500000e+00   1.9727300e-01   2.1231242e-01
   3.9600000e+00   9.7871800e-01   1.0532952e+00
   3.9700000e+00   1.6924180e+00   1.8243500e+00
   3.9800000e+00   2.0015750e+00   2.1483511e+00
   3.9900000e+00   1.7191450e+00   1.8330782e+00
   4.0000000e+00   1.0287430e+00   1.0998442e+00
   4.0100000e+00   3.8854400e-01   4.0656553e-01
   4.0200000e+00   1.1794800e-01   1.4914541e-01
   4.0300000e+00   5.3872000e-02   5.8120765e-02
   4.0400000e+00  -1.6819600e-01  -1.8105716e-01
   4.0500000e+00  -6.1294600e-01  -6.6023221e-01
   4.0600000e+00  -1.1489170e+00  -1.2371539e+00
   4.0700000e+00  -1.7734100e+00  -1.9084727e+00
   4.0800000e+00  -2.4521090e+00  -2.6376034e+00
   4.0900000e+00  -2.8758950e+00  -3.0693322e+00
   4.1000000e+00  -2.7856340e+00  -2.9519025e+00
   4.1100000e+00  -2.2331170e+00  -2.3696243e+00
   4.1200000e+00  -1.5160500e+00  -1.6208712e+00
   4.1300000e+00  -9.7719200e-01  -1.0540674e+00
   4.1400000e+00  -7.7615000e-01  -8.3397420e-01
   4.1500000e+00  -7.5996300e-01  -8.1654573e-01
   4.1600000e+00  -6.7176900e-01  -7.2343408e-01
   4.1700000e+00  -3.2175300e-01  -3.4675551e-01
   4.1800000e+00   3.6971000e-01   3.9782871e-01
   4.1900000e+00   1.2753410e+00   1.3730356e+00
   4.2000000e+00   2.0626230e+00   2.2199851e+00
   4.2100000e+00   2.3165620e+00   2.4951468e+00
   4.2200000e+00   1.9788960e+00   2.1146227e+00
   4.2300000e+00   1.4200260e+00   1.4847833e+00
   4.2400000e+00   9.2941800e-01   9.5598044e-01
   4.2500000e+00   5.5877400e-01   5.6951349e-01
   4.2600000e+00   2.5871500e-01   2.6693766e-01
   4.2700000e+00  -2.5776000e-02  -1.9577525e-02
   4.2800000e+00  -3.6370900e-01  -3.6577193e-01
   4.2900000e+00  -9.4744600e-01  -9.9994567e-01
   4.3000000e+00  -1.9270220e+00  -2.0601781e+00
   4.3100000e+00  -3.1053530e+00  -3.2574434e+00
   4.3200000e+00  -3.9683710e+00  -4.0742549e+00
   4.3300000e+00  -4.1590320e+00  -4.2602833e+00
   4.3400000e+00  -3.5848080e+00  -3.7226455e+00
   4.3500000e+00  -2.7286270e+00  -2.8355082e+00
   4.3600000e+00  -2.0146480e+00  -2.0960607e+00
   4.3700000e+00  -1.2569790e+00  -1.3156645e+00
   4.3800000e+00  -3.4709100e-01  -3.5927481e-01
   4.3900000e+00   4.5878900e-01   4.7714623e-01
   4.4000000e+00   9.3799400e-01   9.5537578e-01
   4.4100000e+00   1.3715720e+00   1.4027506e+00
   4.4200000e+00   2.3309460e+00   2.4147733e+00
   4.4300000e+00   3.9019950e+00   4.0052364e+00
   4.4400000e+00   5.4130480e+00   5.4967360e+00
   4.4500000e+00   6.3278630e+00   6.3844923e+00
   4.4600000e+00   6.5936400e+00   6.6406282e+00
   4.4700000e+00   6.4256510e+00   6.4917995e+00
   4.4800000e+00   6.0890720e+00   6.1725658e+00
   4.4900000e+00   5.7664010e+00   5.8610836e+00
   4.5000000e+00   5.4714830e+00   5.5770170e+00
   4.5100000e+00   5.0604660e+00   5.2201800e+00
   4.5200000e+00   4.5311440e+00   4.7717807e+00
   4.5300000e+00   3.8968520e+00   4.1758311e+00
   4.5400000e+00   2.8857880e+00   3.1113479e+00
   4.5500000e+00   1.2353250e+00   1.3357358e+00
   4.5600000e+00  -7.5772800e-01  -8.1043424e-01
   4.5700000e+00  -2.6190530e+00  -2.8108320e+00
   4.5800000e+00  -3.6710150e+00  -3.8199719e+00
   4.5900000e+00  -3.8511740e+00  -3.9757747e+00
   4.6000000e+00  -3.4221610e+00  -3.5402730e+00
   4.6100000e+00  -2.8415830e+00  -2.9458898e+00
   4.6200000e+00  -2.0336480e+00  -2.1311560e+00
   4.6300000e+00  -9.4000200e-01  -9.8929535e-01
   4.6400000e+00   8.9227000e-02   9.8530049e-02
   4.6500000e+00   7.8056100e-01   7.9854135e-01
   4.6600000e+00   1.4133950e+00   1.4439829e+00
   4.6700000e+00   2.5587000e+00   2.6385405e+00
   4.6800000e+00   4.3149150e+00   4.4124839e+00
   4.6900000e+00   6.0298890e+00   6.0955526e+00
   4.7000000e+00   7.1780750e+00   7.1928470e+00
   4.7100000e+00   7.6109200e+00   7.6069510e+00
   4.7200000e+00   7.4430300e+00   7.4489158e+00
   4.7300000e+00   6.9622200e+00   6.9695111e+00
   4.7400000e+00   6.4667160e+00   6.4618573e+00
   4.7500000e+00   6.0048860e+00   5.9978541e+00
   4.7600000e+00   5.3640500e+00   5.3763629e+00
   4.7700000e+00   4.4170110e+00   4.4623169e+00
   4.7800000e+00   3.3069390e+00   3.4027723e+00
   4.7900000e+00   2.1376420e+00   2.2680982e+00
   4.8000000e+00   6.5610300e-01   7.4972901e-01
   4.8100000e+00  -1.2598730e+00  -1.2315637e+00
   4.8200000e+00  -3.3213240e+00  -3.3052146e+00
   4.8300000e+00  -5.0132360e+00  -4.9592834e+00
   4.8400000e+00  -6.0540740e+00  -5.9486811e+00
   4.8500000e+00  -6.5499480e+00  -6.4089081e+00
   4.8600000e+00  -6.7952210e+00  -6.6232248e+00
   4.8700000e+00  -6.9903390e+00  -6.7840150e+00
   4.8800000e+00  -7.1367220e+00  -6.9076871e+00
   4.8900000e+00  -7.0941180e+00  -6.8575304e+00
   4.9000000e+00  -6.7964970e+00  -6.5835354e+00
   4.9100000e+00  -6.2967330e+00  -6.1300084e+00
   4.9200000e+00  -5.6087510e+00  -5.4990421e+00
   4.9300000e+00  -4.6418190e+00  -4.6161946e+00
   4.9400000e+00  -3.2169440e+00  -3.2808999e+00
   4.9500000e+00  -1.3454390e+00  -1.4411746e+00
   4.9600000e+00   5.7629800e-01   6.1130594e-01
   4.9700000e+00   2.0545210e+00   2.2113799e+00
   4.9800000e+00   2.8610820e+00   3.0831068e+00
   4.9900000e+00   3.3418240e+00   3.5836838e+00
   5.0000000e+00   3.6585920e+00   3.8834897e+00
   5.0100000e+00   3.8774480e+00   4.0961480e+00
   5.0200000e+00   4.2177020e+00   4.4462599e+00
   5.0300000e+00   4.7955170e+00   5.0207888e+00
   5.0400000e+00   4.8788820e+00   5.0958029e+00
   5.0500000e+00   3.7020800e+00   3.9406849e+00
   5.0600000e+00   1.3222030e+00   1.4147924e+00
   5.0700000e+00  -1.0368760e+00  -1.1302082e+00
   5.0800000e+00  -2.5208020e+00  -2.6066268e+00
   5.0900000e+00  -3.6138420e+00  -3.6463761e+00
   5.1000000e+00  -4.7994240e+00  -4.7336807e+00
   5.1100000e+00  -5.7938910e+00  -5.6653191e+00
   5.1200000e+00  -6.0810810e+00  -5.9508633e+00
   5.1300000e+00  -5.5755940e+00  -5.4642201e+00
   5.1400000e+00  -4.9294920e+00  -4.8290043e+00
   5.1500000e+00  -4.9603800e+00  -4.8611394e+00
   5.1600000e+00  -5.5254080e+00  -5.4341708e+00
   5.1700000e+00  -5.5860850e+00  -5.5690845e+00
   5.1800000e+00  -3.9616320e+00  -4.0971165e+00
   5.1900000e+00  -8.0101100e-01  -8.3990141e-01
   5.2000000e+00   1.5848300e+00   1.6324859e+00
   5.2100000e+00   2.9086890e+00   3.0053434e+00
   5.2200000e+00   4.2107740e+00   4.3285744e+00
   5.2300000e+00   6.0745950e+00   6.1852676e+00
   5.2400000e+00   8.0973680e+00   8.1756958e+00
   5.2500000e+00   9.4109520e+00   9.4442984e+00
   5.2600000e+00   9.7055720e+00   9.7027396e+00
   5.2700000e+00   9.5353470e+00   9.5252607e+00
   5.2800000e+00   9.8490670e+00   9.8517096e+00
   5.2900000e+00   1.0904418e+01   1.0910599e+01
   5.3000000e+00   1.1833642e+01   1.1813635e+01
   5.3100000e+00   1.1314153e+01   1.1279276e+01
   5.3200000e+00   8.7219480e+00   8.7803501e+00
   5.3300000e+00   4.7072600e+00   4.8367733e+00
   5.3400000e+00   7.3682900e-01   8.2388035e-01
   5.3500000e+00  -1.9821850e+00  -2.1299622e+00
   5.3600000e+00  -3.7748250e+00  -3.8095043e+00
   5.3700000e+00  -6.0704640e+00  -5.8462616e+00
   5.3800000e+00  -8.7771500e+00  -8.3245608e+00
   5.3900000e+00  -1.0742583e+01  -1.0147004e+01
   5.4000000e+00  -1.1399884e+01  -1.0751362e+01
   5.4100000e+00  -1.1132938e+01  -1.0506061e+01
   5.4200000e+00  -1.0867324e+01  -1.0239046e+01
   5.4300000e+00  -1.1147401e+01  -1.0459723e+01
   5.4400000e+00  -1.1563193e+01  -1.0819883e+01
   5.4500000e+00  -1.1107779e+01  -1.0427132e+01
   5.4600000e+00  -9.1176230e+00  -8.6750601e+00
   5.4700000e+00  -5.8704150e+00  -5.7563527e+00
   5.4800000e+00  -2.3389360e+00  -2.4786500e+00
   5.4900000e+00   5.3290000e-01   5.8143705e-01
   5.5000000e+00   1.9408810e+00   2.1124138e+00
   5.5100000e+00   3.9969650e+00   4.2491949e+00
   5.5200000e+00   6.6664140e+00   6.7468614e+00
   5.5300000e+00   8.4979830e+00   8.4272149e+00
   5.5400000e+00   8.8708220e+00   8.7820196e+00
   5.5500000e+00   8.0416580e+00   8.0208701e+00
   5.5600000e+00   7.0040150e+00   7.0576182e+00
   5.5700000e+00   6.4252970e+00   6.5276608e+00
   5.5800000e+00   5.9664680e+00   6.0785631e+00
   5.5900000e+00   4.6744250e+00   4.7954114e+00
   5.6000000e+00   1.7768320e+00   1.8910444e+00
   5.6100000e+00  -2.5378480e+00  -2.7650193e+00
   5.6200000e+00  -4.7914500e+00  -4.7824282e+00
   5.6300000e+00  -5.6997930e+00  -5.5495881e+00
   5.6400000e+00  -6.3987880e+00  -6.1599856e+00
   5.6500000e+00  -7.3806750e+00  -7.0559199e+00
   5.6600000e+00  -8.6660610e+00  -8.2504692e+00
   5.6700000e+00  -9.7605090e+00  -9.2894951e+00
   5.6800000e+00  -1.0064171e+01  -9.5959795e+00
   5.6900000e+00  -9.5041140e+00  -9.0791610e+00
   5.7000000e+00  -8.5747290e+00  -8.2016798e+00
   5.7100000e+00  -7.8425880e+00  -7.5048352e+00
   5.7200000e+00  -7.3837090e+00  -7.0832788e+00
   5.7300000e+00  -6.6655740e+00  -6.4493706e+00
   5.7400000e+00  -4.9700080e+00  -4.9363795e+00
   5.7500000e+00  -1.8862210e+00  -1.9860086e+00
   5.7600000e+00   2.5038770e+00   2.7291574e+00
   5.7700000e+00   4.9050730e+00   5.1088153e+00
   5.7800000e+00   6.3675680e+00   6.5122900e+00
   5.7900000e+00   7.9285330e+00   7.9582356e+00
   5.8000000e+00   9.8567950e+00   9.7374770e+00
   5.8100000e+00   1.1865238e+01   1.1627685e+01
   5.8200000e+00   1.3252402e+01   1.2953349e+01
   5.8300000e+00   1.3469345e+01   1.3186692e+01
   5.8400000e+00   1.2659895e+01   1.2433140e+01
   5.8500000e+00   1.1564328e+01   1.1379686e+01
   5.8600000e+00   1.0898924e+01   1.0717447e+01
   5.8700000e+00   1.0522383e+01   1.0333736e+01
   5.8800000e+00   9.3932770e+00   9.2807839e+00
   5.8900000e+00   6.5529360e+00   6.6050803e+00
   5.9000000e+00   1.9235140e+00   1.9798076e+00
   5.9100000e+00  -1.3557480e+00  -1.4378303e+00
   5.9200000e+00  -2.2783310e+00  -2.3636972e+00
   5.9300000e+00  -2.7354930e+00  -2.7883613e+00
   5.9400000e+00  -4.2330870e+00  -4.2162306e+00
   5.9500000e+00  -6.4288340e+00  -6.2923616e+00
   5.9600000e+00  -7.8383810e+00  -7.6065689e+00
   5.9700000e+00  -7.5036050e+00  -7.2834519e+00
   5.9800000e+00  -5.9725030e+00  -5.8494547e+00
   5.9900000e+00  -4.6575750e+00  -4.6150373e+00
   6.0000000e+00  -4.5169170e+00  -4.4793837e+00
   6.0100000e+00  -4.9172500e+00  -4.8750869e+00
   6.0200000e+00  -4.0072220e+00  -4.0320886e+00
   6.0300000e+00  -4.7486200e-01  -5.3323618e-01
   6.0400000e+00   3.6216430e+00   3.8847837e+00
   6.0500000e+00   4.2540240e+00   4.4783401e+00
   6.0600000e+00   3.4352350e+00   3.6069040e+00
   6.0700000e+00   3.9894760e+00   4.0908319e+00
   6.0800000e+00   6.4165120e+00   6.4718313e+00
   6.0900000e+00   8.7709550e+00   8.7572474e+00
   6.1000000e+00   9.0987230e+00   9.1145708e+00
   6.1100000e+00   7.1744920e+00   7.2878058e+00
   6.1200000e+00   4.6687840e+00   4.8091450e+00
   6.1300000e+00   3.4390170e+00   3.5658873e+00
   6.1400000e+00   3.3755380e+00   3.5001108e+00
   6.1500000e+00   2.3404360e+00   2.4408055e+00
   6.1600000e+00  -1.1808970e+00  -1.1914266e+00
   6.1700000e+00  -5.6867230e+00  -5.6713718e+00
   6.1800000e+00  -7.4640170e+00  -7.2806098e+00
   6.1900000e+00  -7.1502840e+00  -6.9334818e+00
   6.2000000e+00  -6.4628000e+00  -6.2452458e+00
   6.2100000e+00  -6.7914470e+00  -6.5037003e+00
   6.2200000e+00  -8.0328090e+00  -7.6423746e+00
   6.2300000e+00  -8.9148650e+00  -8.4891462e+00
   6.2400000e+00  -8.1583360e+00  -7.8575641e+00
   6.2500000e+00  -5.8031260e+00  -5.7156837e+00
   6.2600000e+00  -3.3095060e+00  -3.3186019e+00
   6.2700000e+00  -2.0942560e+00  -2.1276019e+00
   6.2800000e+00  -1.9052950e+00  -1.9380961e+00
   6.2900000e+00  -8.7615400e-01  -9.0266575e-01
   6.3000000e+00   2.2959180e+00   2.3429439e+00
   6.3100000e+00   6.1360690e+00   6.1953105e+00
   6.3200000e+00   7.4218320e+00   7.4222859e+00
   6.3300000e+00   6.7837640e+00   6.8242081e+00
   6.3400000e+00   6.2107510e+00   6.2877540e+00
   6.3500000e+00   6.9936000e+00   7.0524330e+00
   6.3600000e+00   8.2631460e+00   8.2871807e+00
   6.3700000e+00   8.3260210e+00   8.3900600e+00
   6.3800000e+00   6.4628480e+00   6.5734863e+00
   6.3900000e+00   3.4646640e+00   3.5572209e+00
   6.4000000e+00   9.4777900e-01   9.9025343e-01
   6.4100000e+00  -2.4737100e-01  -2.2841667e-01
   6.4200000e+00  -9.5787200e-01  -9.4555850e-01
   6.4300000e+00  -2.8246330e+00  -2.8319732e+00
   6.4400000e+00  -6.0821540e+00  -5.9837576e+00
   6.4500000e+00  -8.4542940e+00  -8.1798196e+00
   6.4600000e+00  -9.0260930e+00  -8.6020796e+00
   6.4700000e+00  -8.3206040e+00  -7.8742364e+00
   6.4800000e+00  -7.5240820e+00  -7.1374399e+00
   6.4900000e+00  -7.3746490e+00  -7.0384605e+00
   6.5000000e+00  -7.4658790e+00  -7.1993797e+00
   6.5100000e+00  -6.7343110e+00  -6.6179998e+00
   6.5200000e+00  -4.4802310e+00  -4.4800098e+00
   6.5300000e+00  -1.2884640e+00  -1.2808823e+00
   6.5400000e+00   1.3483430e+00   1.3898874e+00
   6.5500000e+00   2.6574650e+00   2.7118906e+00
   6.5600000e+00   3.2917870e+00   3.3554935e+00
   6.5700000e+00   5.0684440e+00   5.1172052e+00
   6.5800000e+00   7.8647540e+00   7.8349913e+00
   6.5900000e+00   9.8624450e+00   9.7343952e+00
   6.6000000e+00   1.0207046e+01   1.0027281e+01
   6.6100000e+00   9.3081330e+00   9.2048716e+00
   6.6200000e+00   8.3415060e+00   8.3356956e+00
   6.6300000e+00   7.9492560e+00   7.9759964e+00
   6.6400000e+00   7.7252540e+00   7.7379704e+00
   6.6500000e+00   6.6982420e+00   6.7171630e+00
   6.6600000e+00   4.4570550e+00   4.5289867e+00
   6.6700000e+00   1.4795610e+00   1.6010235e+00
   6.6800000e+00  -1.0173220e+00  -1.0858457e+00
   6.6900000e+00  -1.9792670e+00  -2.1346585e+00
   6.7000000e+00  -2.9278020e+00  -3.1032273e+00
   6.7100000e+00  -4.7292030e+00  -4.7285564e+00
   6.7200000e+00  -6.3984610e+00  -6.1818067e+00
   6.7300000e+00  -7.6300660e+00  -7.2564383e+00
   6.7400000e+00  -7.8392650e+00  -7.4767774e+00
   6.7500000e+00  -7.1326000e+00  -6.8844692e+00
   6.7600000e+00  -5.9521910e+00  -5.8502844e+00
   6.7700000e+00  -4.8225430e+00  -4.8105533e+00
   6.7800000e+00  -4.0616180e+00  -4.0300182e+00
   6.7900000e+00  -3.4369510e+00  -3.3719766e+00
   6.8000000e+00  -2.2685990e+00  -2.2657955e+00
   6.8100000e+00  -6.5057200e-01  -7.1269459e-01
   6.8200000e+00   6.4903700e-01   7.0852878e-01
   6.8300000e+00   7.7345800e-01   8.4558763e-01
   6.8400000e+00   9.6674700e-01   1.0510897e+00
   6.8500000e+00   2.4654150e+00   2.6781034e+00
   6.8600000e+00   4.2450750e+00   4.3963527e+00
   6.8700000e+00   5.0695320e+00   5.2070928e+00
   6.8800000e+00   4.2413330e+00   4.4190139e+00
   6.8900000e+00   2.2859600e+00   2.4765137e+00
   6.9000000e+00   9.4698100e-01   1.0195718e+00
   6.9100000e+00   1.0989440e+00   1.1237829e+00
   6.9200000e+00   1.6639590e+00   1.7044775e+00
   6.9300000e+00   1.4426380e+00   1.5377040e+00
   6.9400000e+00   2.7050000e-01   3.0753219e-01
   6.9500000e+00  -6.5666700e-01  -6.9749966e-01
   6.9600000e+00  -6.8804700e-01  -7.2709674e-01
   6.9700000e+00  -1.1184760e+00  -1.1970992e+00
   6.9800000e+00  -2.9754050e+00  -3.1526494e+00
   6.9900000e+00  -4.6545140e+00  -4.6591861e+00
   7.0000000e+00  -5.1772790e+00  -5.1239905e+00
   7.0100000e+00  -4.4648440e+00  -4.4621500e+00
   7.0200000e+00  -3.2870320e+00  -3.3128308e+00
   7.0300000e+00  -2.9242780e+00  -2.9123599e+00
   7.0400000e+00  -3.6717600e+00  -3.6347660e+00
   7.0500000e+00  -4.5066600e+00  -4.4742138e+00
   7.0600000e+00  -4.4488100e+00  -4.4530662e+00
   7.0700000e+00  -3.2389770e+00  -3.3479733e+00
   7.0800000e+00  -1.2991900e+00  -1.3981529e+00
   7.0900000e+00   2.7032700e-01   3.0063716e-01
   7.1000000e+00   1.4273790e+00   1.5466665e+00
   7.1100000e+00   3.6265920e+00   3.8817909e+00
   7.1200000e+00   6.0486220e+00   6.2154698e+00
   7.1300000e+00   7.4174410e+00   7.4741259e+00
   7.1400000e+00   7.1392360e+00   7.1671367e+00
   7.1500000e+00   5.6284230e+00   5.6774710e+00
   7.1600000e+00   4.2271870e+00   4.2759800e+00
   7.1700000e+00   4.1153550e+00   4.1896447e+00
   7.1800000e+00   4.7790890e+00   4.9029399e+00
   7.1900000e+00   4.4972990e+00   4.6712072e+00
   7.2000000e+00   2.1996130e+00   2.3460949e+00
   7.2100000e+00  -1.2536640e+00  -1.3445817e+00
   7.2200000e+00  -3.5246260e+00  -3.7366677e+00
   7.2300000e+00  -4.3713960e+00  -4.4403451e+00
   7.2400000e+00  -5.1999500e+00  -5.1109916e+00
   7.2500000e+00  -6.5551100e+00  -6.2712338e+00
   7.2600000e+00  -7.9070550e+00  -7.5101180e+00
   7.2700000e+00  -8.3659380e+00  -7.9936534e+00
   7.2800000e+00  -7.6154740e+00  -7.3686429e+00
   7.2900000e+00  -6.2966540e+00  -6.1889464e+00
   7.3000000e+00  -5.6033080e+00  -5.5752091e+00
   7.3100000e+00  -5.9737780e+00  -5.9179303e+00
   7.3200000e+00  -6.5077720e+00  -6.3653313e+00
   7.3300000e+00  -5.6682120e+00  -5.5842410e+00
   7.3400000e+00  -2.8339180e+00  -2.9078373e+00
   7.3500000e+00   7.4635200e-01   7.3356290e-01
   7.3600000e+00   3.1788290e+00   3.3350734e+00
   7.3700000e+00   3.9454730e+00   4.2167642e+00
   7.3800000e+00   5.1040130e+00   5.3856951e+00
   7.3900000e+00   7.3627620e+00   7.4738214e+00
   7.4000000e+00   9.2736160e+00   9.1851325e+00
   7.4100000e+00   9.5570790e+00   9.4082613e+00
   7.4200000e+00   8.0305670e+00   7.9606735e+00
   7.4300000e+00   5.9368280e+00   6.0299111e+00
   7.4400000e+00   5.0080880e+00   5.2637407e+00
   7.4500000e+00   5.6826120e+00   5.8792969e+00
   7.4600000e+00   6.1111200e+00   6.2322832e+00
   7.4700000e+00   4.1912440e+00   4.3719982e+00
   7.4800000e+00  -5.0633800e-01  -5.4591353e-01
   7.4900000e+00  -3.9111750e+00  -3.9989259e+00
   7.5000000e+00  -4.1998180e+00  -4.2149584e+00
   7.5100000e+00  -3.8616860e+00  -3.8526333e+00
   7.5200000e+00  -4.2607780e+00  -4.1857447e+00
   7.5300000e+00  -5.4664990e+00  -5.3076647e+00
   7.5400000e+00  -6.3392570e+00  -6.1687455e+00
   7.5500000e+00  -5.6874930e+00  -5.5970564e+00
   7.5600000e+00  -3.6463070e+00  -3.6331581e+00
   7.5700000e+00  -1.8825420e+00  -1.9079484e+00
   7.5800000e+00  -1.8031610e+00  -1.8724167e+00
   7.5900000e+00  -2.6472800e+00  -2.7383536e+00
   7.6000000e+00  -2.0689230e+00  -2.1635216e+00
   7.6100000e+00   1.0880280e+00   1.1945769e+00
   7.6200000e+00   4.2033920e+00   4.3228820e+00
   7.6300000e+00   5.2554930e+00   5.3607064e+00
   7.6400000e+00   5.1415440e+00   5.2530064e+00
   7.6500000e+00   4.9682410e+00   5.0867723e+00
   7.6600000e+00   5.4307380e+00   5.5282670e+00
   7.6700000e+00   6.0543890e+00   6.1162919e+00
   7.6800000e+00   6.1442850e+00   6.1683402e+00
   7.6900000e+00   5.5013270e+00   5.5309254e+00
   7.7000000e+00   4.8017690e+00   4.8742643e+00
   7.7100000e+00   4.9663130e+00   5.0881548e+00
   7.7200000e+00   5.7862720e+00   5.9235537e+00
   7.7300000e+00   6.2587390e+00   6.3423689e+00
   7.7400000e+00   5.9962480e+00   6.0694720e+00
   7.7500000e+00   4.8425880e+00   5.0083370e+00
   7.7600000e+00   2.3621510e+00   2.4788784e+00
   7.7700000e+00   6.6019000e-01   5.9372565e-01
   7.7800000e+00   5.0003600e-01   4.3175452e-01
   7.7900000e+00   8.9505700e-01   8.7052151e-01
   7.8000000e+00   5.4531200e-01   5.2723861e-01
   7.8100000e+00  -3.4642900e-01  -3.3637170e-01
   7.8200000e+00  -7.5015900e-01  -7.1416246e-01
   7.8300000e+00  -4.1142900e-01  -3.7951184e-01
   7.8400000e+00  -1.0740000e-03  -1.6898653e-02
   7.8500000e+00  -4.4556000e-01  -5.0262592e-01
   7.8600000e+00  -1.2745160e+00  -1.3518050e+00
   7.8700000e+00  -1.2048640e+00  -1.2666050e+00
   7.8800000e+00   2.1445000e-01   2.0385555e-01
   7.8900000e+00   2.2195320e+00   2.4207077e+00
   7.9000000e+00   2.4174610e+00   2.5299042e+00
   7.9100000e+00   2.0758210e+00   2.1763316e+00
   7.9200000e+00   2.1906040e+00   2.3067076e+00
   7.9300000e+00   2.9363880e+00   3.0597795e+00
   7.9400000e+00   3.7402930e+00   3.7789075e+00
   7.9500000e+00   4.3537590e+00   4.3736913e+00
   7.9600000e+00   5.1284270e+00   5.2293474e+00
   7.9700000e+00   6.3048370e+00   6.4302647e+00
   7.9800000e+00   7.2844870e+00   7.3835785e+00
   7.9900000e+00   7.0859130e+00   7.1873025e+00
   8.0000000e+00   5.8124990e+00   5.9114948e+00
   8.0100000e+00   4.5400220e+00   4.6169914e+00
   8.0200000e+00   3.4228880e+00   3.5761436e+00
   8.0300000e+00   1.1948960e+00   1.2420987e+00
   8.0400000e+00  -9.7263400e-01  -1.0133108e+00
   8.0500000e+00  -1.9856390e+00  -2.0687977e+00
   8.0600000e+00  -2.0953050e+00  -2.1855179e+00
   8.0700000e+00  -2.1662270e+00  -2.1835760e+00
   8.0800000e+00  -3.2280040e+00  -3.2326421e+00
   8.0900000e+00  -4.9747020e+00  -5.0380207e+00
   8.1000000e+00  -6.2766420e+00  -6.2043137e+00
   8.1100000e+00  -6.4100640e+00  -6.2444846e+00
   8.1200000e+00  -6.0082300e+00  -5.8399197e+00
   8.1300000e+00  -6.3831090e+00  -6.1160127e+00
   8.1400000e+00  -7.7574780e+00  -7.4613819e+00
   8.1500000e+00  -9.2319940e+00  -8.9986806e+00
   8.1600000e+00  -9.6578580e+00  -9.2992945e+00
   8.1700000e+00  -9.2918590e+00  -8.9083268e+00
   8.1800000e+00  -8.8012320e+00  -8.5220843e+00
   8.1900000e+00  -8.4713550e+00  -8.2964797e+00
   8.2000000e+00  -7.5501780e+00  -7.5323544e+00
   8.2100000e+00  -5.2919850e+00  -5.4915045e+00
   8.2200000e+00  -2.3053010e+00  -2.4186251e+00
   8.2300000e+00   5.1253800e-01   6.4262180e-01
   8.2400000e+00   3.3513670e+00   3.5400123e+00
   8.2500000e+00   5.4410190e+00   5.6517416e+00
   8.2600000e+00   5.8317520e+00   6.0117091e+00
   8.2700000e+00   5.5165920e+00   5.5811623e+00
   8.2800000e+00   6.0693860e+00   6.0312278e+00
   8.2900000e+00   6.7088320e+00   6.7005139e+00
   8.3000000e+00   5.8486750e+00   5.7960513e+00
   8.3100000e+00   4.8025780e+00   4.7530184e+00
   8.3200000e+00   4.7998700e+00   4.8563095e+00
   8.3300000e+00   5.5395370e+00   5.6335479e+00
   8.3400000e+00   5.1058160e+00   5.2160874e+00
   8.3500000e+00   3.3667820e+00   3.4673975e+00
   8.3600000e+00   1.8894080e+00   1.7987977e+00
   8.3700000e+00   1.2881480e+00   1.1052132e+00
   8.3800000e+00   1.2400550e+00   1.1025661e+00
   8.3900000e+00   1.4435170e+00   1.3820808e+00
   8.4000000e+00   1.3300900e+00   1.3463509e+00
   8.4100000e+00   6.8348600e-01   7.7994619e-01
   8.4200000e+00  -2.3739000e-01  -1.2476241e-01
   8.4300000e+00  -8.7683100e-01  -8.5897091e-01
   8.4400000e+00  -1.2581620e+00  -1.3992366e+00
   8.4500000e+00  -1.7795140e+00  -2.0159907e+00
   8.4600000e+00  -2.0562860e+00  -2.2808056e+00
   8.4700000e+00  -1.6812420e+00  -1.7874288e+00
   8.4800000e+00  -3.9541500e-01  -4.0061255e-01
   8.4900000e+00   1.4163950e+00   1.5218827e+00
   8.5000000e+00   1.6470950e+00   1.7919272e+00
   8.5100000e+00   6.5385300e-01   7.0529639e-01
   8.5200000e+00  -5.5409800e-01  -6.0318796e-01
   8.5300000e+00  -9.0811300e-01  -9.3782183e-01
   8.5400000e+00  -2.5873100e-01  -3.1716897e-01
   8.5500000e+00   6.6563500e-01   5.9761603e-01
   8.5600000e+00   1.2583290e+00   1.3207105e+00
   8.5700000e+00   1.9661930e+00   2.1541686e+00
   8.5800000e+00   2.6224670e+00   2.8228155e+00
   8.5900000e+00   3.2039650e+00   3.4725756e+00
   8.6000000e+00   2.8751220e+00   3.0581982e+00
   8.6100000e+00   1.9492090e+00   2.0323117e+00
   8.6200000e+00   5.7889100e-01   5.0672285e-01
   8.6300000e+00   9.6697400e-01   8.0116672e-01
   8.6400000e+00   2.7744220e+00   2.7383871e+00
   8.6500000e+00   4.6004000e+00   4.6016213e+00
   8.6600000e+00   4.7439850e+00   4.7404383e+00
   8.6700000e+00   3.3066770e+00   3.3223141e+00
   8.6800000e+00   1.8874780e+00   1.8621738e+00
   8.6900000e+00   1.7705970e+00   1.6517959e+00
   8.7000000e+00   2.3266250e+00   2.1667284e+00
   8.7100000e+00   2.1869600e+00   2.0877534e+00
   8.7200000e+00   1.2062910e+00   1.1619432e+00
   8.7300000e+00   1.0770330e+00   1.0854025e+00
   8.7400000e+00   3.1343580e+00   3.2187064e+00
   8.7500000e+00   5.1804000e+00   5.2721551e+00
   8.7600000e+00   3.7600830e+00   4.0016853e+00
   8.7700000e+00  -1.0251420e+00  -1.0076828e+00
   8.7800000e+00  -4.2234530e+00  -4.3143451e+00
   8.7900000e+00  -4.6058880e+00  -4.6977710e+00
   8.8000000e+00  -3.6570000e+00  -3.7501425e+00
