   1.0000000e-08  -2.4000000e+01  -0.0000000e+00
   1.0000010e-02  -2.3999717e+01  -2.7375197e+01
   2.0000010e-02  -2.4002149e+01  -2.7377945e+01
   3.0000010e-02  -2.4019686e+01  -2.7397973e+01
   4.0000010e-02  -2.4070202e+01  -2.7455514e+01
   5.0000010e-02  -2.4161178e+01  -2.7559576e+01
   6.0000010e-02  -2.4275307e+01  -2.7689869e+01
   7.0000010e-02  -2.4374754e+01  -2.7803303e+01
   8.0000010e-02  -2.4426578e+01  -2.7862426e+01
   9.0000010e-02  -2.4427319e+01  -2.7863323e+01
   1.0000001e-01  -2.4401637e+01  -2.7834012e+01
   1.1000001e-01  -2.4375722e+01  -2.7804303e+01
   1.2000001e-01  -2.4354402e+01  -2.7780192e+01
   1.3000001e-01  -2.4324264e+01  -2.7745878e+01
   1.4000001e-01  -2.4273435e+01  -2.7688115e+01
   1.5000001e-01  -2.4205787e+01  -2.7611205e+01
   1.6000001e-01  -2.4138158e+01  -2.7534158e+01
   1.7000001e-01  -2.4085416e+01  -2.7474021e+01
   1.8000001e-01  -2.4047781e+01  -2.7430988e+01
   1.9000001e-01  -2.4008897e+01  -2.7386680e+01
   2.0000001e-01  -2.3946023e+01  -2.7315135e+01
   2.1000001e-01  -2.3850215e+01  -2.7206011e+01
   2.2000001e-01  -2.3742655e+01  -2.7083321e+01
   2.3000001e-01  -2.3669242e+01  -2.6999571e+01
   2.4000001e-01  -2.3671514e+01  -2.7002092e+01
   2.5000001e-01  -2.3754671e+01  -2.7096930e+01
   2.6000001e-01  -2.3881026e+01  -2.7241221e+01
   2.7000001e-01  -2.3996054e+01  -2.7372508e+01
   2.8000001e-01  -2.4064816e+01  -2.7450569e+01
   2.9000001e-01  -2.4091473e+01  -2.7480802e+01
   3.0000001e-01  -2.4111679e+01  -2.7503670e+01
   3.1000001e-01  -2.4166305e+01  -2.7566114e+01
   3.2000001e-01  -2.4272381e+01  -2.7687579e+01
   3.3000001e-01  -2.4405836e+01  -2.7839506e+01
   3.4000001e-01  -2.4509939e+01  -2.7958162e+01
   3.5000001e-01  -2.4532895e+01  -2.7984345e+01
   3.6000001e-01  -2.4469182e+01  -2.7911765e+01
   3.7000001e-01  -2.4366517e+01  -2.7794978e+01
   3.8000001e-01  -2.4289190e+01  -2.7706811e+01
   3.9000001e-01  -2.4270413e+01  -2.7685392e+01
   4.0000001e-01  -2.4294003e+01  -2.7711885e+01
   4.1000001e-01  -2.4312920e+01  -2.7733388e+01
   4.2000001e-01  -2.4280682e+01  -2.7696569e+01
   4.3000001e-01  -2.4173931e+01  -2.7575158e+01
   4.4000001e-01  -2.4005138e+01  -2.7382902e+01
   4.5000001e-01  -2.3826223e+01  -2.7178575e+01
   4.6000001e-01  -2.3709565e+01  -2.7045427e+01
   4.7000001e-01  -2.3703780e+01  -2.7038869e+01
   4.8000001e-01  -2.3796221e+01  -2.7144406e+01
   4.9000001e-01  -2.3921049e+01  -2.7287023e+01
   5.0000001e-01  -2.4010865e+01  -2.7389459e+01
   5.1000001e-01  -2.4045663e+01  -2.7428729e+01
   5.2000001e-01  -2.4058396e+01  -2.7443244e+01
   5.3000001e-01  -2.4102217e+01  -2.7493195e+01
   5.4000001e-01  -2.4213352e+01  -2.7620001e+01
   5.5000001e-01  -2.4390911e+01  -2.7822833e+01
   5.6000001e-01  -2.4593334e+01  -2.8053700e+01
   5.7000001e-01  -2.4751414e+01  -2.8234016e+01
   5.8000001e-01  -2.4802384e+01  -2.8292096e+01
   5.9000001e-01  -2.4731021e+01  -2.8210671e+01
   6.0000001e-01  -2.4583945e+01  -2.8043313e+01
   6.1000001e-01  -2.4438378e+01  -2.7877336e+01
   6.2000001e-01  -2.4348072e+01  -2.7774177e+01
   6.3000001e-01  -2.4310865e+01  -2.7731467e+01
   6.4000001e-01  -2.4279546e+01  -2.7695652e+01
   6.5000001e-01  -2.4198965e+01  -2.7603848e+01
   6.6000001e-01  -2.4041407e+01  -2.7424443e+01
   6.7000001e-01  -2.3826626e+01  -2.7179460e+01
   6.8000001e-01  -2.3619327e+01  -2.6943114e+01
   6.9000001e-01  -2.3496580e+01  -2.6803089e+01
   7.0000001e-01  -2.3497714e+01  -2.6804591e+01
   7.1000001e-01  -2.3596192e+01  -2.6916934e+01
   7.2000001e-01  -2.3722875e+01  -2.7061458e+01
   7.3000001e-01  -2.3823592e+01  -2.7176097e+01
   7.4000001e-01  -2.3895666e+01  -2.7258160e+01
   7.5000001e-01  -2.3968944e+01  -2.7341706e+01
   7.6000001e-01  -2.4061717e+01  -2.7447338e+01
   7.7000001e-01  -2.4163381e+01  -2.7563715e+01
   7.8000001e-01  -2.4250278e+01  -2.7662894e+01
   7.9000001e-01  -2.4302611e+01  -2.7722552e+01
   8.0000001e-01  -2.4304772e+01  -2.7725045e+01
   8.1000001e-01  -2.4245629e+01  -2.7657430e+01
   8.2000001e-01  -2.4133194e+01  -2.7529204e+01
   8.3000001e-01  -2.4004182e+01  -2.7382034e+01
   8.4000001e-01  -2.3902717e+01  -2.7266416e+01
   8.5000001e-01  -2.3843006e+01  -2.7198357e+01
   8.6000001e-01  -2.3799719e+01  -2.7149071e+01
   8.7000001e-01  -2.3739121e+01  -2.7080013e+01
   8.8000001e-01  -2.3653879e+01  -2.6982835e+01
   8.9000001e-01  -2.3564817e+01  -2.6881282e+01
   9.0000001e-01  -2.3498925e+01  -2.6806173e+01
   9.1000001e-01  -2.3476045e+01  -2.6780240e+01
   9.2000001e-01  -2.3509714e+01  -2.6818584e+01
   9.3000001e-01  -2.3601955e+01  -2.6923639e+01
   9.4000001e-01  -2.3728946e+01  -2.7068485e+01
   9.5000001e-01  -2.3842364e+01  -2.7197964e+01
   9.6000001e-01  -2.3900687e+01  -2.7264355e+01
   9.7000001e-01  -2.3903294e+01  -2.7267261e+01
   9.8000001e-01  -2.3889107e+01  -2.7251124e+01
   9.9000001e-01  -2.3902636e+01  -2.7266398e+01
   1.0000000e+00  -2.3964367e+01  -2.7336678e+01
   1.0100000e+00  -2.4067067e+01  -2.7453752e+01
   1.0200000e+00  -2.4184408e+01  -2.7587694e+01
   1.0300000e+00  -2.4274999e+01  -2.7691161e+01
   1.0400000e+00  -2.4292943e+01  -2.7711835e+01
   1.0500000e+00  -2.4217684e+01  -2.7626041e+01
   1.0600000e+00  -2.4080273e+01  -2.7469404e+01
   1.0700000e+00  -2.3949737e+01  -2.7320426e+01
   1.0800000e+00  -2.3882152e+01  -2.7243301e+01
   1.0900000e+00  -2.3880279e+01  -2.7241196e+01
   1.1000000e+00  -2.3901903e+01  -2.7265817e+01
   1.1100000e+00  -2.3900747e+01  -2.7264150e+01
   1.1200000e+00  -2.3856627e+01  -2.7213678e+01
   1.1300000e+00  -2.3778704e+01  -2.7125030e+01
   1.1400000e+00  -2.3697734e+01  -2.7032940e+01
   1.1500000e+00  -2.3656431e+01  -2.6986135e+01
   1.1600000e+00  -2.3686528e+01  -2.7020595e+01
   1.1700000e+00  -2.3774452e+01  -2.7120966e+01
   1.1800000e+00  -2.3854308e+01  -2.7212175e+01
   1.1900000e+00  -2.3857849e+01  -2.7216095e+01
   1.2000000e+00  -2.3780422e+01  -2.7127958e+01
   1.2100000e+00  -2.3692803e+01  -2.7028152e+01
   1.2200000e+00  -2.3681134e+01  -2.7014673e+01
   1.2300000e+00  -2.3774315e+01  -2.7121202e+01
   1.2400000e+00  -2.3926994e+01  -2.7295306e+01
   1.2500000e+00  -2.4060632e+01  -2.7447424e+01
   1.2600000e+00  -2.4113456e+01  -2.7507800e+01
   1.2700000e+00  -2.4068151e+01  -2.7456161e+01
   1.2800000e+00  -2.3959754e+01  -2.7332868e+01
   1.2900000e+00  -2.3863140e+01  -2.7222887e+01
   1.3000000e+00  -2.3848329e+01  -2.7206007e+01
   1.3100000e+00  -2.3925200e+01  -2.7293499e+01
   1.3200000e+00  -2.4022994e+01  -2.7405394e+01
   1.3300000e+00  -2.4044017e+01  -2.7429635e+01
   1.3400000e+00  -2.3946759e+01  -2.7318798e+01
   1.3500000e+00  -2.3780539e+01  -2.7129249e+01
   1.3600000e+00  -2.3643808e+01  -2.6973327e+01
   1.3700000e+00  -2.3610746e+01  -2.6935942e+01
   1.3800000e+00  -2.3687909e+01  -2.7023575e+01
   1.3900000e+00  -2.3818571e+01  -2.7172435e+01
   1.4000000e+00  -2.3916447e+01  -2.7280439e+01
   1.4100000e+00  -2.3913905e+01  -2.7272228e+01
   1.4200000e+00  -2.3808222e+01  -2.7154470e+01
   1.4300000e+00  -2.3673479e+01  -2.7006075e+01
   1.4400000e+00  -2.3614532e+01  -2.6940406e+01
   1.4500000e+00  -2.3689558e+01  -2.7025898e+01
   1.4600000e+00  -2.3866245e+01  -2.7257835e+01
   1.4700000e+00  -2.4047418e+01  -2.7434213e+01
   1.4800000e+00  -2.4140472e+01  -2.7540325e+01
   1.4900000e+00  -2.4111778e+01  -2.7507843e+01
   1.5000000e+00  -2.3997668e+01  -2.7377662e+01
   1.5100000e+00  -2.3876110e+01  -2.7239145e+01
   1.5200000e+00  -2.3819956e+01  -2.7174826e+01
   1.5300000e+00  -2.3850324e+01  -2.7209455e+01
   1.5400000e+00  -2.3918509e+01  -2.7287260e+01
   1.5500000e+00  -2.3937431e+01  -2.7308207e+01
   1.5600000e+00  -2.3851594e+01  -2.7211177e+01
   1.5700000e+00  -2.3687262e+01  -2.7021084e+01
   1.5800000e+00  -2.3537505e+01  -2.6853011e+01
   1.5900000e+00  -2.3494806e+01  -2.6804338e+01
   1.6000000e+00  -2.3591716e+01  -2.6914849e+01
   1.6100000e+00  -2.3785739e+01  -2.7136104e+01
   1.6200000e+00  -2.3985543e+01  -2.7364306e+01
   1.6300000e+00  -2.4099505e+01  -2.7493906e+01
   1.6400000e+00  -2.4085210e+01  -2.7477606e+01
   1.6500000e+00  -2.3981125e+01  -2.7358917e+01
   1.6600000e+00  -2.3890573e+01  -2.7257862e+01
   1.6700000e+00  -2.3911431e+01  -2.7278186e+01
   1.6800000e+00  -2.4055465e+01  -2.7444947e+01
   1.6900000e+00  -2.4232027e+01  -2.7674746e+01
   1.7000000e+00  -2.4315658e+01  -2.7768900e+01
   1.7100000e+00  -2.4244104e+01  -2.7663896e+01
   1.7200000e+00  -2.4055689e+01  -2.7444657e+01
   1.7300000e+00  -2.3864261e+01  -2.7226362e+01
   1.7400000e+00  -2.3784944e+01  -2.7135911e+01
   1.7500000e+00  -2.3860822e+01  -2.7222438e+01
   1.7600000e+00  -2.4032321e+01  -2.7418007e+01
   1.7700000e+00  -2.4164527e+01  -2.7568770e+01
   1.7800000e+00  -2.4129472e+01  -2.7519132e+01
   1.7900000e+00  -2.3902430e+01  -2.7270462e+01
   1.8000000e+00  -2.3595511e+01  -2.6919945e+01
   1.8100000e+00  -2.3387754e+01  -2.6689773e+01
   1.8200000e+00  -2.3391210e+01  -2.6689260e+01
   1.8300000e+00  -2.3579278e+01  -2.6897889e+01
   1.8400000e+00  -2.3816991e+01  -2.7172702e+01
   1.8500000e+00  -2.3955304e+01  -2.7330491e+01
   1.8600000e+00  -2.3937637e+01  -2.7310345e+01
   1.8700000e+00  -2.3826099e+01  -2.7183152e+01
   1.8800000e+00  -2.3752456e+01  -2.7099174e+01
   1.8900000e+00  -2.3831453e+01  -2.7189257e+01
   1.9000000e+00  -2.4082790e+01  -2.7470646e+01
   1.9100000e+00  -2.4406320e+01  -2.7844529e+01
   1.9200000e+00  -2.4633081e+01  -2.8103327e+01
   1.9300000e+00  -2.4634012e+01  -2.8104463e+01
   1.9400000e+00  -2.4409804e+01  -2.7848857e+01
   1.9500000e+00  -2.4090652e+01  -2.7484692e+01
   1.9600000e+00  -2.3862512e+01  -2.7224753e+01
   1.9700000e+00  -2.3841458e+01  -2.7200703e+01
   1.9800000e+00  -2.3995667e+01  -2.7376555e+01
   1.9900000e+00  -2.4166101e+01  -2.7570910e+01
   2.0000000e+00  -2.4169021e+01  -2.7574244e+01
   2.0100000e+00  -2.3917487e+01  -2.7274359e+01
   2.0200000e+00  -2.3485929e+01  -2.6793151e+01
   2.0300000e+00  -2.3075072e+01  -2.6326752e+01
   2.0400000e+00  -2.2896061e+01  -2.6122695e+01
   2.0500000e+00  -2.3019558e+01  -2.6263413e+01
   2.0600000e+00  -2.3351169e+01  -2.6641487e+01
   2.0700000e+00  -2.3678667e+01  -2.7015110e+01
   2.0800000e+00  -2.3806011e+01  -2.7160512e+01
   2.0900000e+00  -2.3698835e+01  -2.7038231e+01
   2.1000000e+00  -2.3512175e+01  -2.6825374e+01
   2.1100000e+00  -2.3481298e+01  -2.6790161e+01
   2.1200000e+00  -2.3748860e+01  -2.7095274e+01
   2.1300000e+00  -2.4251434e+01  -2.7661212e+01
   2.1400000e+00  -2.4749422e+01  -2.8236102e+01
   2.1500000e+00  -2.4980137e+01  -2.8499393e+01
   2.1600000e+00  -2.4842634e+01  -2.8342390e+01
   2.1700000e+00  -2.4450127e+01  -2.7894523e+01
   2.1800000e+00  -2.4059284e+01  -2.7449111e+01
   2.1900000e+00  -2.3911765e+01  -2.7281167e+01
   2.2000000e+00  -2.4069208e+01  -2.7460539e+01
   2.2100000e+00  -2.4373551e+01  -2.7807744e+01
   2.2200000e+00  -2.4553323e+01  -2.8012751e+01
   2.2300000e+00  -2.4404863e+01  -2.7843454e+01
   2.2400000e+00  -2.3929750e+01  -2.7297086e+01
   2.2500000e+00  -2.3341782e+01  -2.6629403e+01
   2.2600000e+00  -2.2940044e+01  -2.6173026e+01
   2.2700000e+00  -2.2924427e+01  -2.6155166e+01
   2.2800000e+00  -2.3255485e+01  -2.6532346e+01
   2.2900000e+00  -2.3691647e+01  -2.7029763e+01
   2.3000000e+00  -2.3913871e+01  -2.7283492e+01
   2.3100000e+00  -2.3747458e+01  -2.7093804e+01
   2.3200000e+00  -2.3297740e+01  -2.6580838e+01
   2.3300000e+00  -2.2892045e+01  -2.6118462e+01
   2.3400000e+00  -2.2862341e+01  -2.6084597e+01
   2.3500000e+00  -2.3314777e+01  -2.6600532e+01
   2.3600000e+00  -2.4067168e+01  -2.7458327e+01
   2.3700000e+00  -2.4751750e+01  -2.8239026e+01
   2.3800000e+00  -2.5043731e+01  -2.8572163e+01
   2.3900000e+00  -2.4855247e+01  -2.8356894e+01
   2.4000000e+00  -2.4381899e+01  -2.7816692e+01
   2.4100000e+00  -2.3969477e+01  -2.7346739e+01
   2.4200000e+00  -2.3891520e+01  -2.7258290e+01
   2.4300000e+00  -2.4167437e+01  -2.7572581e+01
   2.4400000e+00  -2.4554079e+01  -2.8013835e+01
   2.4500000e+00  -2.4711355e+01  -2.8193189e+01
   2.4600000e+00  -2.4422101e+01  -2.7863339e+01
   2.4700000e+00  -2.3729747e+01  -2.7073813e+01
   2.4800000e+00  -2.2920002e+01  -2.6150471e+01
   2.4900000e+00  -2.2374379e+01  -2.5528410e+01
   2.5000000e+00  -2.2310614e+01  -2.5447544e+01
   2.5100000e+00  -2.2668559e+01  -2.5851460e+01
   2.5200000e+00  -2.3166208e+01  -2.6425626e+01
   2.5300000e+00  -2.3263724e+01  -2.6542553e+01
   2.5400000e+00  -2.2953943e+01  -2.6189006e+01
   2.5500000e+00  -2.2391454e+01  -2.5559542e+01
   2.5600000e+00  -2.1939685e+01  -2.5032926e+01
   2.5700000e+00  -2.1910571e+01  -2.4999726e+01
   2.5800000e+00  -2.2348426e+01  -2.5499033e+01
   2.5900000e+00  -2.3068381e+01  -2.6320019e+01
   2.6000000e+00  -2.3709456e+01  -2.7051167e+01
   2.6100000e+00  -2.3950142e+01  -2.7325531e+01
   2.6200000e+00  -2.3717529e+01  -2.7055295e+01
   2.6300000e+00  -2.3162926e+01  -2.6427989e+01
   2.6400000e+00  -2.2712325e+01  -2.5908160e+01
   2.6500000e+00  -2.2531036e+01  -2.5697861e+01
   2.6600000e+00  -2.2664491e+01  -2.5859771e+01
   2.6700000e+00  -2.2897568e+01  -2.6125561e+01
   2.6800000e+00  -2.2735908e+01  -2.5941212e+01
   2.6900000e+00  -2.2126902e+01  -2.5246732e+01
   2.7000000e+00  -2.1190563e+01  -2.4195478e+01
   2.7100000e+00  -2.0261503e+01  -2.3119506e+01
   2.7200000e+00  -1.9718630e+01  -2.2500462e+01
   2.7300000e+00  -1.9869387e+01  -2.2672377e+01
   2.7400000e+00  -2.0452753e+01  -2.3337617e+01
   2.7500000e+00  -2.1148630e+01  -2.4131160e+01
   2.7600000e+00  -2.1542117e+01  -2.4579874e+01
   2.7700000e+00  -2.1460748e+01  -2.4480303e+01
   2.7800000e+00  -2.1006152e+01  -2.3968635e+01
   2.7900000e+00  -2.0699410e+01  -2.3617655e+01
   2.8000000e+00  -2.0601899e+01  -2.3507697e+01
   2.8100000e+00  -2.0853885e+01  -2.3795049e+01
   2.8200000e+00  -2.1209001e+01  -2.4199864e+01
   2.8300000e+00  -2.1425028e+01  -2.4446352e+01
   2.8400000e+00  -2.1338661e+01  -2.4347864e+01
   2.8500000e+00  -2.0993464e+01  -2.3954212e+01
   2.8600000e+00  -2.0628950e+01  -2.3538545e+01
   2.8700000e+00  -2.0539437e+01  -2.3436469e+01
   2.8800000e+00  -2.0856350e+01  -2.3787285e+01
   2.8900000e+00  -2.1329335e+01  -2.4333880e+01
   2.9000000e+00  -2.1868005e+01  -2.4951476e+01
   2.9100000e+00  -2.1955175e+01  -2.5050904e+01
   2.9200000e+00  -2.1609220e+01  -2.4688013e+01
   2.9300000e+00  -2.1087196e+01  -2.4079088e+01
   2.9400000e+00  -2.0696348e+01  -2.3615268e+01
   2.9500000e+00  -2.0676592e+01  -2.3592873e+01
   2.9600000e+00  -2.1048358e+01  -2.4016815e+01
   2.9700000e+00  -2.1601591e+01  -2.4647696e+01
   2.9800000e+00  -2.1995812e+01  -2.5097264e+01
   2.9900000e+00  -2.1983274e+01  -2.5083589e+01
   3.0000000e+00  -2.1573415e+01  -2.4613281e+01
   3.0100000e+00  -2.1044716e+01  -2.4019564e+01
   3.0200000e+00  -2.0713132e+01  -2.3631103e+01
   3.0300000e+00  -2.0804755e+01  -2.3752743e+01
   3.0400000e+00  -2.0954543e+01  -2.3910712e+01
   3.0500000e+00  -2.1417778e+01  -2.4438451e+01
   3.0600000e+00  -2.1417655e+01  -2.4438310e+01
   3.0700000e+00  -2.1126695e+01  -2.4106515e+01
   3.0800000e+00  -2.0662108e+01  -2.3576724e+01
   3.0900000e+00  -2.0309030e+01  -2.3176099e+01
   3.1000000e+00  -2.0315480e+01  -2.3184813e+01
   3.1100000e+00  -2.0719994e+01  -2.3641241e+01
   3.1200000e+00  -2.1311456e+01  -2.4359133e+01
   3.1300000e+00  -2.1576177e+01  -2.4623520e+01
   3.1400000e+00  -2.1591863e+01  -2.4640932e+01
   3.1500000e+00  -2.1132041e+01  -2.4125563e+01
   3.1600000e+00  -2.0527113e+01  -2.3461974e+01
   3.1700000e+00  -2.0153511e+01  -2.3008526e+01
   3.1800000e+00  -2.0180029e+01  -2.3027314e+01
   3.1900000e+00  -2.0643953e+01  -2.3556349e+01
   3.2000000e+00  -2.1014546e+01  -2.3978956e+01
   3.2100000e+00  -2.1206276e+01  -2.4197594e+01
   3.2200000e+00  -2.1045357e+01  -2.4014091e+01
   3.2300000e+00  -2.0636031e+01  -2.3544447e+01
   3.2400000e+00  -2.0298852e+01  -2.3174645e+01
   3.2500000e+00  -2.0299812e+01  -2.3185725e+01
   3.2600000e+00  -2.0645161e+01  -2.3580187e+01
   3.2700000e+00  -2.1265814e+01  -2.4286585e+01
   3.2800000e+00  -2.1598267e+01  -2.4637216e+01
   3.2900000e+00  -2.1541677e+01  -2.4574610e+01
   3.3000000e+00  -2.1092516e+01  -2.4068661e+01
   3.3100000e+00  -2.0563282e+01  -2.3465261e+01
   3.3200000e+00  -2.0301796e+01  -2.3167075e+01
   3.3300000e+00  -2.0515298e+01  -2.3410541e+01
   3.3400000e+00  -2.1131618e+01  -2.4117309e+01
   3.3500000e+00  -2.1791109e+01  -2.4860118e+01
   3.3600000e+00  -2.2056787e+01  -2.5184722e+01
   3.3700000e+00  -2.1553574e+01  -2.4609833e+01
   3.3800000e+00  -2.1140215e+01  -2.4174449e+01
   3.3900000e+00  -2.0497077e+01  -2.3462543e+01
   3.4000000e+00  -2.0339339e+01  -2.3212954e+01
   3.4100000e+00  -2.0747627e+01  -2.3666325e+01
   3.4200000e+00  -2.1408118e+01  -2.4430995e+01
   3.4300000e+00  -2.1930283e+01  -2.5024850e+01
   3.4400000e+00  -2.1997095e+01  -2.5101040e+01
   3.4500000e+00  -2.1523625e+01  -2.4561119e+01
   3.4600000e+00  -2.0754560e+01  -2.3684116e+01
   3.4700000e+00  -2.0149125e+01  -2.2992932e+01
   3.4800000e+00  -2.0079867e+01  -2.2914173e+01
   3.4900000e+00  -2.0529890e+01  -2.3424496e+01
   3.5000000e+00  -2.1173737e+01  -2.4156855e+01
   3.5100000e+00  -2.1527361e+01  -2.4571633e+01
   3.5200000e+00  -2.1382706e+01  -2.4427457e+01
   3.5300000e+00  -2.0849292e+01  -2.3823633e+01
   3.5400000e+00  -2.0234073e+01  -2.3088483e+01
   3.5500000e+00  -2.0103963e+01  -2.2943202e+01
   3.5600000e+00  -2.0453288e+01  -2.3340719e+01
   3.5700000e+00  -2.1266565e+01  -2.4268138e+01
   3.5800000e+00  -2.2104369e+01  -2.5223527e+01
   3.5900000e+00  -2.2463987e+01  -2.5633666e+01
   3.6000000e+00  -2.2192387e+01  -2.5320144e+01
   3.6100000e+00  -2.1440756e+01  -2.4460807e+01
   3.6200000e+00  -2.0694141e+01  -2.3642424e+01
   3.6300000e+00  -2.0403151e+01  -2.3342556e+01
   3.6400000e+00  -2.0674007e+01  -2.3606005e+01
   3.6500000e+00  -2.1422228e+01  -2.4437746e+01
   3.6600000e+00  -2.2066115e+01  -2.5180319e+01
   3.6700000e+00  -2.2202379e+01  -2.5335750e+01
   3.6800000e+00  -2.1777608e+01  -2.4851363e+01
   3.6900000e+00  -2.0997331e+01  -2.3961576e+01
   3.7000000e+00  -2.0347768e+01  -2.3220846e+01
   3.7100000e+00  -2.0234315e+01  -2.3090546e+01
   3.7200000e+00  -2.0678360e+01  -2.3596448e+01
   3.7300000e+00  -2.1327762e+01  -2.4332752e+01
   3.7400000e+00  -2.1604528e+01  -2.4643505e+01
   3.7500000e+00  -2.1264992e+01  -2.4255604e+01
   3.7600000e+00  -2.0372595e+01  -2.3270755e+01
   3.7700000e+00  -1.9525495e+01  -2.2346543e+01
   3.7800000e+00  -1.9051233e+01  -2.1747211e+01
   3.7900000e+00  -1.9468094e+01  -2.2217738e+01
   3.8000000e+00  -2.0374269e+01  -2.3251093e+01
   3.8100000e+00  -2.1407130e+01  -2.4428916e+01
   3.8200000e+00  -2.1942381e+01  -2.5039288e+01
   3.8300000e+00  -2.1750565e+01  -2.4821324e+01
   3.8400000e+00  -2.1011295e+01  -2.3973825e+01
   3.8500000e+00  -2.0313322e+01  -2.3174216e+01
   3.8600000e+00  -2.0154096e+01  -2.3026315e+01
   3.8700000e+00  -2.0568379e+01  -2.3494922e+01
   3.8800000e+00  -2.1418740e+01  -2.4437464e+01
   3.8900000e+00  -2.2085626e+01  -2.5243473e+01
   3.9000000e+00  -2.1990973e+01  -2.5079156e+01
   3.9100000e+00  -2.1243001e+01  -2.4241527e+01
   3.9200000e+00  -2.0437590e+01  -2.3323300e+01
   3.9300000e+00  -1.9679024e+01  -2.2458270e+01
   3.9400000e+00  -1.9614753e+01  -2.2384977e+01
   3.9500000e+00  -2.0178038e+01  -2.3027318e+01
   3.9600000e+00  -2.1029757e+01  -2.3998109e+01
   3.9700000e+00  -2.1480392e+01  -2.4501358e+01
   3.9800000e+00  -2.1235594e+01  -2.4249156e+01
   3.9900000e+00  -2.0270812e+01  -2.3172771e+01
   4.0000000e+00  -1.9371275e+01  -2.2133289e+01
   4.0100000e+00  -1.8845999e+01  -2.1550895e+01
   4.0200000e+00  -1.8988304e+01  -2.1690997e+01
   4.0300000e+00  -1.9555268e+01  -2.2317097e+01
   4.0400000e+00  -2.0613557e+01  -2.3524533e+01
   4.0500000e+00  -2.1000206e+01  -2.3963785e+01
   4.0600000e+00  -2.0707236e+01  -2.3631524e+01
   4.0700000e+00  -1.9957017e+01  -2.2774976e+01
   4.0800000e+00  -1.9440786e+01  -2.2184028e+01
   4.0900000e+00  -1.9562648e+01  -2.2367728e+01
   4.1000000e+00  -2.0294528e+01  -2.3268172e+01
   4.1100000e+00  -2.1528648e+01  -2.4659765e+01
   4.1200000e+00  -2.2589281e+01  -2.5862787e+01
   4.1300000e+00  -2.2992496e+01  -2.6247656e+01
   4.1400000e+00  -2.2604206e+01  -2.5801553e+01
   4.1500000e+00  -2.1704866e+01  -2.4770141e+01
   4.1600000e+00  -2.0909136e+01  -2.3867979e+01
   4.1700000e+00  -2.0834867e+01  -2.3777846e+01
   4.1800000e+00  -2.1463162e+01  -2.4494322e+01
   4.1900000e+00  -2.2263224e+01  -2.5406667e+01
   4.2000000e+00  -2.2549015e+01  -2.5734444e+01
   4.2100000e+00  -2.2052739e+01  -2.5154537e+01
   4.2200000e+00  -2.0879033e+01  -2.3855969e+01
   4.2300000e+00  -1.9389267e+01  -2.2325202e+01
   4.2400000e+00  -1.8255429e+01  -2.1166760e+01
   4.2500000e+00  -1.7845531e+01  -2.0710707e+01
   4.2600000e+00  -1.8151526e+01  -2.1050813e+01
   4.2700000e+00  -1.8779578e+01  -2.1754501e+01
   4.2800000e+00  -1.9092322e+01  -2.2004700e+01
   4.2900000e+00  -1.8822108e+01  -2.1610438e+01
   4.3000000e+00  -1.8104406e+01  -2.0744850e+01
   4.3100000e+00  -1.7503022e+01  -2.0144623e+01
   4.3200000e+00  -1.7420804e+01  -2.0194083e+01
   4.3300000e+00  -1.8020871e+01  -2.0940219e+01
   4.3400000e+00  -1.9434172e+01  -2.2484883e+01
   4.3500000e+00  -2.1401516e+01  -2.4739791e+01
   4.3600000e+00  -2.2985816e+01  -2.6526285e+01
   4.3700000e+00  -2.3883864e+01  -2.7512352e+01
   4.3800000e+00  -2.4143382e+01  -2.7897782e+01
   4.3900000e+00  -2.3909070e+01  -2.7766199e+01
   4.4000000e+00  -2.3836296e+01  -2.7737495e+01
   4.4100000e+00  -2.4478046e+01  -2.8415490e+01
   4.4200000e+00  -2.5664272e+01  -2.9730435e+01
   4.4300000e+00  -2.6880239e+01  -3.1265400e+01
   4.4400000e+00  -2.7620181e+01  -3.2280846e+01
   4.4500000e+00  -2.7830446e+01  -3.2585898e+01
   4.4600000e+00  -2.7549824e+01  -3.2298003e+01
   4.4700000e+00  -2.6767067e+01  -3.1410349e+01
   4.4800000e+00  -2.5682830e+01  -3.0131189e+01
   4.4900000e+00  -2.4636316e+01  -2.8868632e+01
   4.5000000e+00  -2.4016607e+01  -2.8107191e+01
   4.5100000e+00  -2.4009674e+01  -2.7981118e+01
   4.5200000e+00  -2.4336258e+01  -2.8157043e+01
   4.5300000e+00  -2.4414400e+01  -2.7898757e+01
   4.5400000e+00  -2.3988777e+01  -2.7403368e+01
   4.5500000e+00  -2.2384646e+01  -2.5577141e+01
   4.5600000e+00  -2.0405006e+01  -2.3319660e+01
   4.5700000e+00  -1.8922798e+01  -2.1624609e+01
   4.5800000e+00  -1.8524788e+01  -2.1335996e+01
   4.5900000e+00  -1.8936079e+01  -2.1945308e+01
   4.6000000e+00  -2.0213829e+01  -2.3446011e+01
   4.6100000e+00  -2.1882060e+01  -2.5327790e+01
   4.6200000e+00  -2.3059975e+01  -2.6563191e+01
   4.6300000e+00  -2.3699026e+01  -2.7283605e+01
   4.6400000e+00  -2.3762470e+01  -2.7546693e+01
   4.6500000e+00  -2.3696774e+01  -2.7566951e+01
   4.6600000e+00  -2.4367702e+01  -2.8322627e+01
   4.6700000e+00  -2.5663370e+01  -2.9771967e+01
   4.6800000e+00  -2.7068813e+01  -3.1537738e+01
   4.6900000e+00  -2.7966843e+01  -3.2736743e+01
   4.7000000e+00  -2.8263663e+01  -3.3155094e+01
   4.7100000e+00  -2.7929664e+01  -3.2820789e+01
   4.7200000e+00  -2.6933726e+01  -3.1713559e+01
   4.7300000e+00  -2.5448917e+01  -2.9993244e+01
   4.7400000e+00  -2.3799390e+01  -2.8039014e+01
   4.7500000e+00  -2.2400396e+01  -2.6403580e+01
   4.7600000e+00  -2.1514758e+01  -2.5320897e+01
   4.7700000e+00  -2.0923548e+01  -2.4542288e+01
   4.7800000e+00  -2.0004315e+01  -2.3468112e+01
   4.7900000e+00  -1.8279713e+01  -2.1263100e+01
   4.8000000e+00  -1.6125435e+01  -1.8407339e+01
   4.8100000e+00  -1.3999891e+01  -1.5502577e+01
   4.8200000e+00  -1.2275262e+01  -1.3047558e+01
   4.8300000e+00  -1.1184124e+01  -1.1469137e+01
   4.8400000e+00  -1.0693626e+01  -1.0730755e+01
   4.8500000e+00  -1.0729684e+01  -1.0755469e+01
   4.8600000e+00  -1.1069398e+01  -1.1284902e+01
   4.8700000e+00  -1.1464962e+01  -1.1817734e+01
   4.8800000e+00  -1.1836830e+01  -1.2306440e+01
   4.8900000e+00  -1.2006319e+01  -1.2553705e+01
   4.9000000e+00  -1.2029861e+01  -1.2736436e+01
   4.9100000e+00  -1.2152190e+01  -1.3200967e+01
   4.9200000e+00  -1.2708189e+01  -1.4297036e+01
   4.9300000e+00  -1.3994339e+01  -1.6249342e+01
   4.9400000e+00  -1.6041666e+01  -1.8849301e+01
   4.9500000e+00  -1.8881894e+01  -2.1798956e+01
   4.9600000e+00  -2.1874522e+01  -2.5055794e+01
   4.9700000e+00  -2.3360380e+01  -2.6747227e+01
   4.9800000e+00  -2.3725586e+01  -2.7133245e+01
   4.9900000e+00  -2.3478693e+01  -2.6952376e+01
   5.0000000e+00  -2.3340192e+01  -2.6983503e+01
   5.0100000e+00  -2.3508096e+01  -2.7211652e+01
   5.0200000e+00  -2.4226464e+01  -2.8030275e+01
   5.0300000e+00  -2.4777762e+01  -2.8588890e+01
   5.0400000e+00  -2.4664436e+01  -2.8416566e+01
   5.0500000e+00  -2.3442162e+01  -2.6875703e+01
   5.0600000e+00  -2.1153204e+01  -2.4243107e+01
   5.0700000e+00  -1.7978890e+01  -2.0598014e+01
   5.0800000e+00  -1.5662383e+01  -1.8292520e+01
   5.0900000e+00  -1.4027480e+01  -1.6467002e+01
   5.1000000e+00  -1.3635894e+01  -1.5805507e+01
   5.1100000e+00  -1.4114568e+01  -1.6201382e+01
   5.1200000e+00  -1.4765106e+01  -1.6966496e+01
   5.1300000e+00  -1.5049544e+01  -1.7473598e+01
   5.1400000e+00  -1.4903334e+01  -1.7389366e+01
   5.1500000e+00  -1.4874684e+01  -1.7345411e+01
   5.1600000e+00  -1.5401012e+01  -1.7995869e+01
   5.1700000e+00  -1.6796258e+01  -1.9670030e+01
   5.1800000e+00  -1.9494381e+01  -2.2741801e+01
   5.1900000e+00  -2.3438815e+01  -2.7396193e+01
   5.2000000e+00  -2.7274466e+01  -3.2143573e+01
   5.2100000e+00  -3.0201605e+01  -3.5424917e+01
   5.2200000e+00  -3.2608469e+01  -3.7927405e+01
   5.2300000e+00  -3.4132947e+01  -3.9372013e+01
   5.2400000e+00  -3.4971596e+01  -4.0139075e+01
   5.2500000e+00  -3.5466337e+01  -4.0656060e+01
   5.2600000e+00  -3.5986303e+01  -4.1339084e+01
   5.2700000e+00  -3.6596408e+01  -4.2092112e+01
   5.2800000e+00  -3.7205536e+01  -4.2817524e+01
   5.2900000e+00  -3.7418778e+01  -4.3095282e+01
   5.3000000e+00  -3.6803950e+01  -4.2435830e+01
   5.3100000e+00  -3.5073032e+01  -4.0631447e+01
   5.3200000e+00  -3.2029773e+01  -3.7469269e+01
   5.3300000e+00  -2.7808206e+01  -3.2739913e+01
   5.3400000e+00  -2.2956980e+01  -2.6581139e+01
   5.3500000e+00  -1.8090688e+01  -2.0863881e+01
   5.3600000e+00  -1.4496100e+01  -1.7070079e+01
   5.3700000e+00  -1.1713721e+01  -1.3105156e+01
   5.3800000e+00  -1.0980332e+01  -1.1406520e+01
   5.3900000e+00  -1.0550464e+01  -1.0385270e+01
   5.4000000e+00  -9.8363810e+00  -9.3437172e+00
   5.4100000e+00  -8.9090340e+00  -8.2844525e+00
   5.4200000e+00  -8.0984770e+00  -7.4080315e+00
   5.4300000e+00  -7.8690680e+00  -7.1305463e+00
   5.4400000e+00  -8.5237190e+00  -7.8451699e+00
   5.4500000e+00  -1.0035383e+01  -9.7688480e+00
   5.4600000e+00  -1.2115135e+01  -1.2750477e+01
   5.4700000e+00  -1.4556122e+01  -1.6709800e+01
   5.4800000e+00  -1.7140637e+01  -1.9904320e+01
   5.4900000e+00  -2.1445497e+01  -2.4749385e+01
   5.5000000e+00  -2.5019980e+01  -2.8795466e+01
   5.5100000e+00  -2.7325336e+01  -3.1581313e+01
   5.5200000e+00  -2.8583992e+01  -3.3640994e+01
   5.5300000e+00  -2.8813446e+01  -3.3825643e+01
   5.5400000e+00  -2.9600599e+01  -3.4623223e+01
   5.5500000e+00  -3.0123975e+01  -3.5357365e+01
   5.5600000e+00  -2.9942036e+01  -3.5220668e+01
   5.5700000e+00  -2.9141273e+01  -3.4243835e+01
   5.5800000e+00  -2.7659385e+01  -3.2494279e+01
   5.5900000e+00  -2.5367329e+01  -2.9805527e+01
   5.6000000e+00  -2.2484489e+01  -2.6038573e+01
   5.6100000e+00  -1.9378423e+01  -2.2275650e+01
   5.6200000e+00  -1.6044825e+01  -1.8864425e+01
   5.6300000e+00  -1.2998594e+01  -1.4846972e+01
   5.6400000e+00  -1.1467479e+01  -1.2672281e+01
   5.6500000e+00  -1.0528467e+01  -1.1188156e+01
   5.6600000e+00  -1.0247848e+01  -1.0419707e+01
   5.6700000e+00  -1.0360899e+01  -1.0216194e+01
   5.6800000e+00  -1.0376708e+01  -1.0107781e+01
   5.6900000e+00  -1.0127637e+01  -9.9385911e+00
   5.7000000e+00  -9.8673970e+00  -9.9050297e+00
   5.7100000e+00  -1.0019497e+01  -1.0318428e+01
   5.7200000e+00  -1.0945262e+01  -1.1531948e+01
   5.7300000e+00  -1.2709842e+01  -1.3857569e+01
   5.7400000e+00  -1.5136717e+01  -1.7369607e+01
   5.7500000e+00  -1.7779438e+01  -2.0726055e+01
   5.7600000e+00  -2.1787647e+01  -2.5062239e+01
   5.7700000e+00  -2.6012509e+01  -3.0349039e+01
   5.7800000e+00  -2.8324669e+01  -3.3306429e+01
   5.7900000e+00  -3.0008383e+01  -3.5411207e+01
   5.8000000e+00  -3.0939248e+01  -3.6345957e+01
   5.8100000e+00  -3.1628860e+01  -3.6692726e+01
   5.8200000e+00  -3.2477788e+01  -3.7396475e+01
   5.8300000e+00  -3.3168316e+01  -3.8309060e+01
   5.8400000e+00  -3.3315144e+01  -3.8776305e+01
   5.8500000e+00  -3.2818608e+01  -3.8391735e+01
   5.8600000e+00  -3.1655661e+01  -3.7017424e+01
   5.8700000e+00  -2.9839077e+01  -3.4862597e+01
   5.8800000e+00  -2.7276210e+01  -3.2032062e+01
   5.8900000e+00  -2.3917957e+01  -2.8337416e+01
   5.9000000e+00  -1.9940719e+01  -2.3329738e+01
   5.9100000e+00  -1.6704477e+01  -1.9704426e+01
   5.9200000e+00  -1.4062425e+01  -1.6565425e+01
   5.9300000e+00  -1.2645131e+01  -1.4568919e+01
   5.9400000e+00  -1.2284454e+01  -1.3569785e+01
   5.9500000e+00  -1.2554052e+01  -1.3465365e+01
   5.9600000e+00  -1.2632989e+01  -1.3422656e+01
   5.9700000e+00  -1.2297126e+01  -1.3178316e+01
   5.9800000e+00  -1.1933956e+01  -1.3123033e+01
   5.9900000e+00  -1.1926306e+01  -1.3288643e+01
   6.0000000e+00  -1.2805588e+01  -1.4328621e+01
   6.0100000e+00  -1.4543437e+01  -1.6578991e+01
   6.0200000e+00  -1.6569408e+01  -1.9437376e+01
   6.0300000e+00  -1.8722504e+01  -2.1545680e+01
   6.0400000e+00  -2.2272025e+01  -2.5701521e+01
   6.0500000e+00  -2.5508665e+01  -2.9654107e+01
   6.0600000e+00  -2.7675060e+01  -3.2189555e+01
   6.0700000e+00  -2.9357905e+01  -3.4485489e+01
   6.0800000e+00  -3.0009887e+01  -3.5306965e+01
   6.0900000e+00  -3.0502120e+01  -3.5585552e+01
   6.1000000e+00  -3.1096945e+01  -3.6205838e+01
   6.1100000e+00  -3.1172039e+01  -3.6494695e+01
   6.1200000e+00  -3.0485776e+01  -3.5943237e+01
   6.1300000e+00  -2.9100593e+01  -3.4361116e+01
   6.1400000e+00  -2.7192208e+01  -3.2102881e+01
   6.1500000e+00  -2.4713761e+01  -2.9204081e+01
   6.1600000e+00  -2.2085184e+01  -2.6177134e+01
   6.1700000e+00  -1.9321067e+01  -2.2839187e+01
   6.1800000e+00  -1.6728930e+01  -1.9307495e+01
   6.1900000e+00  -1.4591432e+01  -1.6588511e+01
   6.2000000e+00  -1.2699001e+01  -1.4298577e+01
   6.2100000e+00  -1.1460962e+01  -1.2563299e+01
   6.2200000e+00  -1.1162574e+01  -1.1804236e+01
   6.2300000e+00  -1.1464296e+01  -1.1879473e+01
   6.2400000e+00  -1.1901586e+01  -1.2410374e+01
   6.2500000e+00  -1.2311244e+01  -1.3097129e+01
   6.2600000e+00  -1.2981057e+01  -1.4323009e+01
   6.2700000e+00  -1.3994293e+01  -1.5968306e+01
   6.2800000e+00  -1.5611308e+01  -1.8117487e+01
   6.2900000e+00  -1.7790686e+01  -2.0882144e+01
   6.3000000e+00  -2.0034272e+01  -2.3690617e+01
   6.3100000e+00  -2.2446513e+01  -2.6579532e+01
   6.3200000e+00  -2.5075009e+01  -2.9654600e+01
   6.3300000e+00  -2.7712117e+01  -3.2661814e+01
   6.3400000e+00  -2.9788887e+01  -3.5031944e+01
   6.3500000e+00  -3.1035787e+01  -3.6512144e+01
   6.3600000e+00  -3.1373197e+01  -3.6801829e+01
   6.3700000e+00  -3.1221267e+01  -3.6314783e+01
   6.3800000e+00  -3.0874527e+01  -3.5709676e+01
   6.3900000e+00  -3.0139966e+01  -3.5042336e+01
   6.4000000e+00  -2.8662526e+01  -3.3720492e+01
   6.4100000e+00  -2.6516209e+01  -3.1358480e+01
   6.4200000e+00  -2.4160573e+01  -2.8620409e+01
   6.4300000e+00  -2.1466538e+01  -2.5359336e+01
   6.4400000e+00  -1.8575192e+01  -2.1765114e+01
   6.4500000e+00  -1.5929108e+01  -1.7926655e+01
   6.4600000e+00  -1.4093178e+01  -1.5380170e+01
   6.4700000e+00  -1.2449497e+01  -1.3435746e+01
   6.4800000e+00  -1.1378116e+01  -1.2290380e+01
   6.4900000e+00  -1.1207325e+01  -1.2127569e+01
   6.5000000e+00  -1.1947881e+01  -1.2977125e+01
   6.5100000e+00  -1.3258798e+01  -1.4506580e+01
   6.5200000e+00  -1.4653277e+01  -1.6097362e+01
   6.5300000e+00  -1.5864520e+01  -1.7934369e+01
   6.5400000e+00  -1.6777491e+01  -1.9650486e+01
   6.5500000e+00  -1.8016869e+01  -2.1286308e+01
   6.5600000e+00  -2.0179046e+01  -2.3757196e+01
   6.5700000e+00  -2.2935122e+01  -2.7041757e+01
   6.5800000e+00  -2.5342800e+01  -2.9949898e+01
   6.5900000e+00  -2.7210313e+01  -3.1869104e+01
   6.6000000e+00  -2.8823123e+01  -3.3686125e+01
   6.6100000e+00  -2.9487065e+01  -3.4648182e+01
   6.6200000e+00  -2.9199868e+01  -3.4487852e+01
   6.6300000e+00  -2.8284903e+01  -3.3447848e+01
   6.6400000e+00  -2.7058669e+01  -3.1967036e+01
   6.6500000e+00  -2.5750816e+01  -3.0381295e+01
   6.6600000e+00  -2.4853612e+01  -2.9273454e+01
   6.6700000e+00  -2.4148735e+01  -2.7899501e+01
   6.6800000e+00  -2.3269071e+01  -2.6846012e+01
   6.6900000e+00  -2.1186427e+01  -2.4412524e+01
   6.7000000e+00  -1.8184155e+01  -2.1203529e+01
   6.7100000e+00  -1.5431815e+01  -1.8289435e+01
   6.7200000e+00  -1.3251159e+01  -1.5053299e+01
   6.7300000e+00  -1.2779047e+01  -1.4034037e+01
   6.7400000e+00  -1.2610910e+01  -1.3736085e+01
   6.7500000e+00  -1.2783371e+01  -1.4181430e+01
   6.7600000e+00  -1.3234068e+01  -1.5098747e+01
   6.7700000e+00  -1.3957886e+01  -1.6257732e+01
   6.7800000e+00  -1.4940186e+01  -1.7268686e+01
   6.7900000e+00  -1.6085733e+01  -1.8588627e+01
   6.8000000e+00  -1.6482370e+01  -1.9365625e+01
   6.8100000e+00  -1.6778653e+01  -1.9363473e+01
   6.8200000e+00  -1.8500045e+01  -2.1407655e+01
   6.8300000e+00  -2.0597706e+01  -2.3784474e+01
   6.8400000e+00  -2.3427534e+01  -2.7024555e+01
   6.8500000e+00  -2.5459922e+01  -2.9272129e+01
   6.8600000e+00  -2.6679851e+01  -3.1198353e+01
   6.8700000e+00  -2.6409208e+01  -3.1031851e+01
   6.8800000e+00  -2.5962641e+01  -3.0352336e+01
   6.8900000e+00  -2.5293683e+01  -2.9280119e+01
   6.9000000e+00  -2.4546229e+01  -2.8478483e+01
   6.9100000e+00  -2.3672061e+01  -2.7803608e+01
   6.9200000e+00  -2.3422578e+01  -2.7634980e+01
   6.9300000e+00  -2.3947488e+01  -2.7840527e+01
   6.9400000e+00  -2.4406761e+01  -2.8118952e+01
   6.9500000e+00  -2.3658972e+01  -2.7282802e+01
   6.9600000e+00  -2.1650521e+01  -2.5024494e+01
   6.9700000e+00  -1.8761210e+01  -2.1690872e+01
   6.9800000e+00  -1.6776613e+01  -1.9428857e+01
   6.9900000e+00  -1.5614224e+01  -1.8430118e+01
   7.0000000e+00  -1.4912946e+01  -1.7493571e+01
   7.0100000e+00  -1.5247642e+01  -1.7986689e+01
   7.0200000e+00  -1.5576070e+01  -1.8407296e+01
   7.0300000e+00  -1.5991020e+01  -1.8918110e+01
   7.0400000e+00  -1.6005821e+01  -1.8841458e+01
   7.0500000e+00  -1.5584280e+01  -1.8270937e+01
   7.0600000e+00  -1.5145541e+01  -1.7821770e+01
   7.0700000e+00  -1.5431637e+01  -1.7992258e+01
   7.0800000e+00  -1.7120443e+01  -1.9807758e+01
   7.0900000e+00  -1.9931517e+01  -2.3040242e+01
   7.1000000e+00  -2.3702679e+01  -2.7340475e+01
   7.1100000e+00  -2.6370471e+01  -3.0376765e+01
   7.1200000e+00  -2.8066406e+01  -3.2836819e+01
   7.1300000e+00  -2.8088143e+01  -3.3105239e+01
   7.1400000e+00  -2.7614144e+01  -3.2563454e+01
   7.1500000e+00  -2.6886448e+01  -3.1681158e+01
   7.1600000e+00  -2.6207459e+01  -3.0849005e+01
   7.1700000e+00  -2.5844473e+01  -3.0410530e+01
   7.1800000e+00  -2.5774153e+01  -3.0279769e+01
   7.1900000e+00  -2.5688374e+01  -3.0049740e+01
   7.2000000e+00  -2.4927170e+01  -2.8746871e+01
   7.2100000e+00  -2.3259675e+01  -2.6824399e+01
   7.2200000e+00  -1.9871212e+01  -2.3121534e+01
   7.2300000e+00  -1.6026951e+01  -1.8966229e+01
   7.2400000e+00  -1.3225885e+01  -1.5524942e+01
   7.2500000e+00  -1.2008843e+01  -1.3526492e+01
   7.2600000e+00  -1.2305779e+01  -1.3410121e+01
   7.2700000e+00  -1.3306745e+01  -1.4451455e+01
   7.2800000e+00  -1.4232397e+01  -1.5802160e+01
   7.2900000e+00  -1.4428754e+01  -1.6501654e+01
   7.3000000e+00  -1.3962519e+01  -1.6142781e+01
   7.3100000e+00  -1.3401082e+01  -1.5271942e+01
   7.3200000e+00  -1.3194779e+01  -1.4828029e+01
   7.3300000e+00  -1.3430175e+01  -1.5240540e+01
   7.3400000e+00  -1.4317355e+01  -1.6626106e+01
   7.3500000e+00  -1.6368679e+01  -1.9377961e+01
   7.3600000e+00  -1.9607330e+01  -2.2829987e+01
   7.3700000e+00  -2.3763629e+01  -2.7427698e+01
   7.3800000e+00  -2.6541621e+01  -3.0764895e+01
   7.3900000e+00  -2.7738400e+01  -3.2749064e+01
   7.4000000e+00  -2.7227055e+01  -3.2027268e+01
   7.4100000e+00  -2.6746647e+01  -3.1309936e+01
   7.4200000e+00  -2.6311319e+01  -3.1064267e+01
   7.4300000e+00  -2.5997752e+01  -3.0660269e+01
   7.4400000e+00  -2.6156472e+01  -3.0502094e+01
   7.4500000e+00  -2.6324540e+01  -3.0880738e+01
   7.4600000e+00  -2.5430463e+01  -2.9915961e+01
   7.4700000e+00  -2.3917774e+01  -2.7737757e+01
   7.4800000e+00  -2.1634710e+01  -2.4945145e+01
   7.4900000e+00  -1.7932840e+01  -2.1075080e+01
   7.5000000e+00  -1.3993623e+01  -1.6330931e+01
   7.5100000e+00  -1.1943093e+01  -1.3904697e+01
   7.5200000e+00  -1.1015424e+01  -1.2680325e+01
   7.5300000e+00  -1.1601724e+01  -1.2937217e+01
   7.5400000e+00  -1.3322415e+01  -1.4593106e+01
   7.5500000e+00  -1.5014426e+01  -1.6571874e+01
   7.5600000e+00  -1.5537615e+01  -1.7738426e+01
   7.5700000e+00  -1.5118053e+01  -1.7897343e+01
   7.5800000e+00  -1.4970780e+01  -1.7598633e+01
   7.5900000e+00  -1.6146918e+01  -1.8944364e+01
   7.6000000e+00  -1.8084151e+01  -2.1049555e+01
   7.6100000e+00  -2.1489269e+01  -2.4766927e+01
   7.6200000e+00  -2.5397291e+01  -2.9851959e+01
   7.6300000e+00  -2.8390464e+01  -3.3433458e+01
   7.6400000e+00  -3.0720402e+01  -3.6214176e+01
   7.6500000e+00  -3.1680416e+01  -3.7343895e+01
   7.6600000e+00  -3.1259681e+01  -3.6840079e+01
   7.6700000e+00  -2.9882370e+01  -3.5127897e+01
   7.6800000e+00  -2.8352388e+01  -3.3016136e+01
   7.6900000e+00  -2.7878783e+01  -3.2588591e+01
   7.7000000e+00  -2.8270286e+01  -3.3551630e+01
   7.7100000e+00  -2.8634706e+01  -3.3683831e+01
   7.7200000e+00  -2.9372006e+01  -3.4474437e+01
   7.7300000e+00  -2.8923048e+01  -3.4010162e+01
   7.7400000e+00  -2.7316495e+01  -3.2164081e+01
   7.7500000e+00  -2.4661365e+01  -2.8874197e+01
   7.7600000e+00  -2.1292252e+01  -2.4789295e+01
   7.7700000e+00  -1.7764625e+01  -2.0876378e+01
   7.7800000e+00  -1.5536775e+01  -1.8247549e+01
   7.7900000e+00  -1.5024674e+01  -1.7751044e+01
   7.8000000e+00  -1.5391661e+01  -1.8142423e+01
   7.8100000e+00  -1.6730404e+01  -1.9109350e+01
   7.8200000e+00  -1.8148231e+01  -2.0404846e+01
   7.8300000e+00  -1.7689457e+01  -2.0188224e+01
   7.8400000e+00  -1.5769944e+01  -1.8555706e+01
   7.8500000e+00  -1.4417131e+01  -1.7082090e+01
   7.8600000e+00  -1.4480113e+01  -1.7120399e+01
   7.8700000e+00  -1.5925950e+01  -1.8839923e+01
   7.8800000e+00  -1.8741890e+01  -2.1932406e+01
   7.8900000e+00  -2.2911258e+01  -2.6362863e+01
   7.9000000e+00  -2.6404494e+01  -3.1067986e+01
   7.9100000e+00  -2.7485090e+01  -3.2288967e+01
   7.9200000e+00  -2.8079793e+01  -3.2633402e+01
   7.9300000e+00  -2.7953198e+01  -3.2583411e+01
   7.9400000e+00  -2.6966827e+01  -3.1975768e+01
   7.9500000e+00  -2.6052161e+01  -3.0486163e+01
   7.9600000e+00  -2.7763134e+01  -3.2553504e+01
   7.9700000e+00  -2.9711323e+01  -3.5021224e+01
   7.9800000e+00  -3.1020813e+01  -3.6468454e+01
   7.9900000e+00  -3.1483014e+01  -3.7008408e+01
   8.0000000e+00  -3.0235786e+01  -3.5643408e+01
   8.0100000e+00  -2.7382043e+01  -3.2286924e+01
   8.0200000e+00  -2.3442504e+01  -2.7358083e+01
   8.0300000e+00  -1.9137989e+01  -2.2309638e+01
   8.0400000e+00  -1.6107712e+01  -1.9013720e+01
   8.0500000e+00  -1.4679109e+01  -1.7211356e+01
   8.0600000e+00  -1.4849657e+01  -1.7368839e+01
   8.0700000e+00  -1.5452099e+01  -1.8274095e+01
   8.0800000e+00  -1.6259628e+01  -1.8874057e+01
   8.0900000e+00  -1.6310176e+01  -1.8810056e+01
   8.1000000e+00  -1.4729440e+01  -1.6927078e+01
   8.1100000e+00  -1.3299261e+01  -1.5172630e+01
   8.1200000e+00  -1.2766970e+01  -1.4558722e+01
   8.1300000e+00  -1.3322346e+01  -1.5019536e+01
   8.1400000e+00  -1.5358835e+01  -1.7264012e+01
   8.1500000e+00  -1.8058106e+01  -2.0404318e+01
   8.1600000e+00  -2.0446533e+01  -2.3047426e+01
   8.1700000e+00  -2.2126871e+01  -2.4920094e+01
   8.1800000e+00  -2.2828025e+01  -2.6077059e+01
   8.1900000e+00  -2.2470883e+01  -2.6043798e+01
   8.2000000e+00  -2.1989736e+01  -2.5543167e+01
   8.2100000e+00  -2.2146922e+01  -2.5674561e+01
   8.2200000e+00  -2.3199391e+01  -2.6855002e+01
   8.2300000e+00  -2.5655740e+01  -3.0108296e+01
   8.2400000e+00  -2.7842619e+01  -3.2742827e+01
   8.2500000e+00  -2.9302278e+01  -3.4209121e+01
   8.2600000e+00  -2.9673172e+01  -3.4711954e+01
   8.2700000e+00  -2.8389387e+01  -3.3391702e+01
   8.2800000e+00  -2.6017615e+01  -3.0529719e+01
   8.2900000e+00  -2.3720566e+01  -2.8158247e+01
   8.3000000e+00  -2.1748895e+01  -2.5466015e+01
   8.3100000e+00  -2.1337073e+01  -2.4920590e+01
   8.3200000e+00  -2.1186250e+01  -2.4975615e+01
   8.3300000e+00  -2.1193460e+01  -2.5058223e+01
   8.3400000e+00  -2.1176217e+01  -2.4920218e+01
   8.3500000e+00  -2.0696455e+01  -2.4464510e+01
   8.3600000e+00  -1.8686932e+01  -2.1484949e+01
   8.3700000e+00  -1.6589488e+01  -1.8961638e+01
   8.3800000e+00  -1.4844265e+01  -1.7063863e+01
   8.3900000e+00  -1.4081216e+01  -1.5972106e+01
   8.4000000e+00  -1.4695953e+01  -1.6071515e+01
   8.4100000e+00  -1.6190701e+01  -1.7360658e+01
   8.4200000e+00  -1.7206832e+01  -1.8667886e+01
   8.4300000e+00  -1.6867676e+01  -1.9116573e+01
   8.4400000e+00  -1.5496843e+01  -1.8387717e+01
   8.4500000e+00  -1.4697460e+01  -1.7272021e+01
   8.4600000e+00  -1.5406594e+01  -1.7968492e+01
   8.4700000e+00  -1.6483106e+01  -1.9148483e+01
   8.4800000e+00  -1.8105159e+01  -2.1346357e+01
   8.4900000e+00  -1.9898365e+01  -2.3018470e+01
   8.5000000e+00  -2.2368413e+01  -2.6130588e+01
   8.5100000e+00  -2.4212520e+01  -2.7967080e+01
   8.5200000e+00  -2.5053648e+01  -2.8948741e+01
   8.5300000e+00  -2.5036963e+01  -2.8938997e+01
   8.5400000e+00  -2.4615775e+01  -2.8889918e+01
   8.5500000e+00  -2.3724604e+01  -2.7869735e+01
   8.5600000e+00  -2.3890454e+01  -2.8334221e+01
   8.5700000e+00  -2.3792047e+01  -2.7554583e+01
   8.5800000e+00  -2.4210299e+01  -2.7961561e+01
   8.5900000e+00  -2.3535231e+01  -2.7183701e+01
   8.6000000e+00  -2.2144509e+01  -2.5681550e+01
   8.6100000e+00  -2.0640462e+01  -2.4009471e+01
   8.6200000e+00  -1.9411729e+01  -2.2906919e+01
   8.6300000e+00  -1.8007344e+01  -2.0894812e+01
   8.6400000e+00  -1.7353514e+01  -1.9759843e+01
   8.6500000e+00  -1.7077627e+01  -1.9373656e+01
   8.6600000e+00  -1.6780608e+01  -1.8819053e+01
   8.6700000e+00  -1.6893621e+01  -1.8492360e+01
   8.6800000e+00  -1.7278335e+01  -1.8636004e+01
   8.6900000e+00  -1.7372552e+01  -1.8954226e+01
   8.7000000e+00  -1.7182674e+01  -1.9552988e+01
   8.7100000e+00  -1.6960210e+01  -2.0277454e+01
   8.7200000e+00  -1.7263816e+01  -2.0567354e+01
   8.7300000e+00  -1.9147773e+01  -2.2690277e+01
   8.7400000e+00  -2.0494557e+01  -2.4276241e+01
   8.7500000e+00  -2.1521858e+01  -2.5198665e+01
   8.7600000e+00  -2.2671595e+01  -2.6380952e+01
   8.7700000e+00  -2.3643026e+01  -2.8047444e+01
   8.7800000e+00  -2.3442343e+01  -2.7712326e+01
   8.7900000e+00  -2.3756865e+01  -2.8097506e+01
   8.8000000e+00  -2.3847886e+01  -2.8044595e+01
