   1.0000000e-02  -1.5208000e-04  -1.5208000e-04  -1.5208000e-04  -1.5208032e-04
   2.0000000e-02  -8.3419900e-04  -8.3419900e-04  -8.3419900e-04  -8.3419908e-04
   3.0000000e-02  -2.4239400e-03  -2.4239400e-03  -2.4239400e-03  -2.4239412e-03
   4.0000000e-02  -5.2223800e-03  -5.2223800e-03  -5.2223800e-03  -5.2223841e-03
   5.0000000e-02  -9.5088200e-03  -9.5088200e-03  -9.5088200e-03  -9.5088205e-03
   6.0000000e-02  -1.5467500e-02  -1.5467500e-02  -1.5467500e-02  -1.5467471e-02
   7.0000000e-02  -2.3062100e-02  -2.3062100e-02  -2.3062100e-02  -2.3062114e-02
   8.0000000e-02  -3.2018200e-02  -3.2018200e-02  -3.2018200e-02  -3.2018179e-02
   9.0000000e-02  -4.1966100e-02  -4.1966100e-02  -4.1966100e-02  -4.1966108e-02
   1.0000000e-01  -5.2544900e-02  -5.2544900e-02  -5.2544900e-02  -5.2544867e-02
   1.1000000e-01  -6.3293000e-02  -6.3293000e-02  -6.3293000e-02  -6.3292980e-02
   1.2000000e-01  -7.3523200e-02  -7.3523200e-02  -7.3523200e-02  -7.3523065e-02
   1.3000000e-01  -8.2601000e-02  -8.2601000e-02  -8.2601000e-02  -8.2600879e-02
   1.4000000e-01  -9.0246700e-02  -9.0246700e-02  -9.0246700e-02  -9.0246507e-02
   1.5000000e-01  -9.6011300e-02  -9.6011300e-02  -9.6011300e-02  -9.6011177e-02
   1.6000000e-01  -9.8788000e-02  -9.8788000e-02  -9.8788000e-02  -9.8787876e-02
   1.7000000e-01  -9.7597500e-02  -9.7597500e-02  -9.7597500e-02  -9.7597394e-02
   1.8000000e-01  -9.2281000e-02  -9.2281100e-02  -9.2281100e-02  -9.2280968e-02
   1.9000000e-01  -8.3137300e-02  -8.3137300e-02  -8.3137300e-02  -8.3137210e-02
   2.0000000e-01  -7.0727500e-02  -7.0727600e-02  -7.0727600e-02  -7.0727463e-02
   2.1000000e-01  -5.6019700e-02  -5.6019800e-02  -5.6019800e-02  -5.6019675e-02
   2.2000000e-01  -4.0271500e-02  -4.0271600e-02  -4.0271600e-02  -4.0271516e-02
   2.3000000e-01  -2.4811900e-02  -2.4812000e-02  -2.4812000e-02  -2.4812007e-02
   2.4000000e-01  -1.0813500e-02  -1.0813500e-02  -1.0813500e-02  -1.0813604e-02
   2.5000000e-01   7.2878400e-04   7.2876200e-04   7.2876200e-04   7.2861414e-04
   2.6000000e-01   8.6807700e-03   8.6807500e-03   8.6807500e-03   8.6806396e-03
   2.7000000e-01   1.1960900e-02   1.1960900e-02   1.1960900e-02   1.1960825e-02
   2.8000000e-01   1.0084500e-02   1.0084500e-02   1.0084500e-02   1.0084381e-02
   2.9000000e-01   3.2506500e-03   3.2506300e-03   3.2506300e-03   3.2505286e-03
   3.0000000e-01  -7.6731600e-03  -7.6731800e-03  -7.6731800e-03  -7.6732761e-03
   3.1000000e-01  -2.1122000e-02  -2.1122000e-02  -2.1122000e-02  -2.1122098e-02
   3.2000000e-01  -3.4966800e-02  -3.4966800e-02  -3.4966800e-02  -3.4966864e-02
   3.3000000e-01  -4.7473100e-02  -4.7473100e-02  -4.7473100e-02  -4.7473176e-02
   3.4000000e-01  -5.8431300e-02  -5.8431300e-02  -5.8431300e-02  -5.8431341e-02
   3.5000000e-01  -6.8306900e-02  -6.8306900e-02  -6.8306900e-02  -6.8306744e-02
   3.6000000e-01  -7.6958100e-02  -7.6958100e-02  -7.6958100e-02  -7.6957927e-02
   3.7000000e-01  -8.4146600e-02  -8.4146600e-02  -8.4146600e-02  -8.4146408e-02
   3.8000000e-01  -8.9791800e-02  -8.9791800e-02  -8.9791800e-02  -8.9791696e-02
   3.9000000e-01  -9.2942400e-02  -9.2942400e-02  -9.2942400e-02  -9.2942270e-02
   4.0000000e-01  -9.1790600e-02  -9.1790600e-02  -9.1790600e-02  -9.1790364e-02
   4.1000000e-01  -8.5242300e-02  -8.5242300e-02  -8.5242300e-02  -8.5242115e-02
   4.2000000e-01  -7.3787600e-02  -7.3787600e-02  -7.3787600e-02  -7.3787461e-02
   4.3000000e-01  -5.9168400e-02  -5.9168400e-02  -5.9168400e-02  -5.9168252e-02
   4.4000000e-01  -4.3816400e-02  -4.3816400e-02  -4.3816400e-02  -4.3816256e-02
   4.5000000e-01  -2.9729200e-02  -2.9729200e-02  -2.9729200e-02  -2.9729138e-02
   4.6000000e-01  -1.7561600e-02  -1.7561600e-02  -1.7561600e-02  -1.7561599e-02
   4.7000000e-01  -7.0931600e-03  -7.0931800e-03  -7.0931800e-03  -7.0932640e-03
   4.8000000e-01   2.1645500e-03   2.1645300e-03   2.1645300e-03   2.1644173e-03
   4.9000000e-01   1.0521400e-02   1.0521300e-02   1.0521300e-02   1.0521273e-02
   5.0000000e-01   1.7207500e-02   1.7207500e-02   1.7207500e-02   1.7207454e-02
   5.1000000e-01   2.0180300e-02   2.0180300e-02   2.0180300e-02   2.0180218e-02
   5.2000000e-01   1.7204300e-02   1.7204300e-02   1.7204300e-02   1.7204146e-02
   5.3000000e-01   7.3637100e-03   7.3636900e-03   7.3636900e-03   7.3635082e-03
   5.4000000e-01  -8.2597100e-03  -8.2597400e-03  -8.2597400e-03  -8.2598843e-03
   5.5000000e-01  -2.7247700e-02  -2.7247700e-02  -2.7247700e-02  -2.7247831e-02
   5.6000000e-01  -4.6785800e-02  -4.6785900e-02  -4.6785900e-02  -4.6786021e-02
   5.7000000e-01  -6.4203000e-02  -6.4203000e-02  -6.4203000e-02  -6.4203154e-02
   5.8000000e-01  -7.7393100e-02  -7.7393100e-02  -7.7393100e-02  -7.7393102e-02
   5.9000000e-01  -8.5596500e-02  -8.5596500e-02  -8.5596500e-02  -8.5596357e-02
   6.0000000e-01  -8.9654100e-02  -8.9654100e-02  -8.9654100e-02  -8.9653984e-02
   6.1000000e-01  -9.0670000e-02  -9.0670000e-02  -9.0670000e-02  -9.0669929e-02
   6.2000000e-01  -8.8708200e-02  -8.8708200e-02  -8.8708200e-02  -8.8708049e-02
   6.3000000e-01  -8.2947800e-02  -8.2947800e-02  -8.2947800e-02  -8.2947532e-02
   6.4000000e-01  -7.2695900e-02  -7.2695900e-02  -7.2695900e-02  -7.2695587e-02
   6.5000000e-01  -5.8185900e-02  -5.8185900e-02  -5.8185900e-02  -5.8185621e-02
   6.6000000e-01  -4.0469100e-02  -4.0469100e-02  -4.0469100e-02  -4.0468905e-02
   6.7000000e-01  -2.1121200e-02  -2.1121200e-02  -2.1121200e-02  -2.1120965e-02
   6.8000000e-01  -2.2162400e-03  -2.2162500e-03  -2.2162500e-03  -2.2160568e-03
   6.9000000e-01   1.3781900e-02   1.3781900e-02   1.3781900e-02   1.3782060e-02
   7.0000000e-01   2.4328400e-02   2.4328400e-02   2.4328400e-02   2.4328415e-02
   7.1000000e-01   2.8078900e-02   2.8078900e-02   2.8078900e-02   2.8078855e-02
   7.2000000e-01   2.5659200e-02   2.5659200e-02   2.5659200e-02   2.5659136e-02
   7.3000000e-01   1.8642700e-02   1.8642700e-02   1.8642700e-02   1.8642624e-02
   7.4000000e-01   9.0095600e-03   9.0095400e-03   9.0095400e-03   9.0093723e-03
   7.5000000e-01  -1.2247200e-03  -1.2247600e-03  -1.2247600e-03  -1.2250291e-03
   7.6000000e-01  -1.0715100e-02  -1.0715100e-02  -1.0715100e-02  -1.0715398e-02
   7.7000000e-01  -1.8142000e-02  -1.8142000e-02  -1.8142000e-02  -1.8142216e-02
   7.8000000e-01  -2.1888600e-02  -2.1888600e-02  -2.1888600e-02  -2.1888717e-02
   7.9000000e-01  -2.1200700e-02  -2.1200700e-02  -2.1200700e-02  -2.1200889e-02
   8.0000000e-01  -1.6153000e-02  -1.6153100e-02  -1.6153100e-02  -1.6153170e-02
   8.1000000e-01  -6.4972600e-03  -6.4972900e-03  -6.4972900e-03  -6.4973140e-03
   8.2000000e-01   8.0947800e-03   8.0947600e-03   8.0947600e-03   8.0948129e-03
   8.3000000e-01   2.6965500e-02   2.6965400e-02   2.6965400e-02   2.6965514e-02
   8.4000000e-01   4.8321400e-02   4.8321300e-02   4.8321300e-02   4.8321390e-02
   8.5000000e-01   6.9950300e-02   6.9950300e-02   6.9950300e-02   6.9950457e-02
   8.6000000e-01   8.9700000e-02   8.9700000e-02   8.9700000e-02   8.9700305e-02
   8.7000000e-01   1.0566400e-01   1.0566400e-01   1.0566400e-01   1.0566457e-01
   8.8000000e-01   1.1655800e-01   1.1655800e-01   1.1655800e-01   1.1655810e-01
   8.9000000e-01   1.2206000e-01   1.2206000e-01   1.2206000e-01   1.2206035e-01
   9.0000000e-01   1.2299600e-01   1.2299600e-01   1.2299600e-01   1.2299582e-01
   9.1000000e-01   1.2070700e-01   1.2070700e-01   1.2070700e-01   1.2070747e-01
   9.2000000e-01   1.1568900e-01   1.1568900e-01   1.1568900e-01   1.1568901e-01
   9.3000000e-01   1.0758200e-01   1.0758200e-01   1.0758200e-01   1.0758153e-01
   9.4000000e-01   9.6682600e-02   9.6682500e-02   9.6682500e-02   9.6682314e-02
   9.5000000e-01   8.4156900e-02   8.4156800e-02   8.4156800e-02   8.4156676e-02
   9.6000000e-01   7.1040200e-02   7.1040200e-02   7.1040200e-02   7.1040039e-02
   9.7000000e-01   5.7731300e-02   5.7731300e-02   5.7731300e-02   5.7730979e-02
   9.8000000e-01   4.3738000e-02   4.3737900e-02   4.3737900e-02   4.3737492e-02
   9.9000000e-01   2.7760000e-02   2.7759900e-02   2.7759900e-02   2.7759405e-02
   1.0000000e+00   7.8661700e-03   7.8661100e-03   7.8661100e-03   7.8656863e-03
   1.0100000e+00  -1.7118500e-02  -1.7118500e-02  -1.7118500e-02  -1.7118905e-02
   1.0200000e+00  -4.5589500e-02  -4.5589600e-02  -4.5589600e-02  -4.5589937e-02
   1.0300000e+00  -7.3537400e-02  -7.3537400e-02  -7.3537400e-02  -7.3537707e-02
   1.0400000e+00  -9.5623600e-02  -9.5623700e-02  -9.5623700e-02  -9.5623788e-02
   1.0500000e+00  -1.0669100e-01  -1.0669100e-01  -1.0669100e-01  -1.0669068e-01
   1.0600000e+00  -1.0464700e-01  -1.0464700e-01  -1.0464700e-01  -1.0464671e-01
   1.0700000e+00  -9.1564800e-02  -9.1564900e-02  -9.1564900e-02  -9.1564939e-02
   1.0800000e+00  -7.2253000e-02  -7.2253100e-02  -7.2253100e-02  -7.2253136e-02
   1.0900000e+00  -5.1285000e-02  -5.1285100e-02  -5.1285100e-02  -5.1284998e-02
   1.1000000e+00  -3.0316900e-02  -3.0316900e-02  -3.0316900e-02  -3.0316751e-02
   1.1100000e+00  -8.1555500e-03  -8.1555900e-03  -8.1555900e-03  -8.1554479e-03
   1.1200000e+00   1.7877800e-02   1.7877700e-02   1.7877700e-02   1.7877740e-02
   1.1300000e+00   5.0060300e-02   5.0060200e-02   5.0060200e-02   5.0060147e-02
   1.1400000e+00   8.7665500e-02   8.7665500e-02   8.7665500e-02   8.7665322e-02
   1.1500000e+00   1.2608700e-01   1.2608700e-01   1.2608700e-01   1.2608700e-01
   1.1600000e+00   1.5833300e-01   1.5833300e-01   1.5833300e-01   1.5833236e-01
   1.1700000e+00   1.7803200e-01   1.7803200e-01   1.7803200e-01   1.7803080e-01
   1.1800000e+00   1.8277100e-01   1.8277100e-01   1.8277100e-01   1.8276941e-01
   1.1900000e+00   1.7491100e-01   1.7491100e-01   1.7491100e-01   1.7490821e-01
   1.2000000e+00   1.5911700e-01   1.5911700e-01   1.5911700e-01   1.5911389e-01
   1.2100000e+00   1.3902600e-01   1.3902600e-01   1.3902600e-01   1.3902429e-01
   1.2200000e+00   1.1534000e-01   1.1534000e-01   1.1534000e-01   1.1533913e-01
   1.2300000e+00   8.6097900e-02   8.6097800e-02   8.6097800e-02   8.6097261e-02
   1.2400000e+00   4.8497100e-02   4.8497000e-02   4.8497000e-02   4.8496635e-02
   1.2500000e+00   1.5821500e-03   1.5820900e-03   1.5820900e-03   1.5814536e-03
   1.2600000e+00  -5.1407600e-02  -5.1407600e-02  -5.1407600e-02  -5.1409315e-02
   1.2700000e+00  -1.0284700e-01  -1.0284700e-01  -1.0284700e-01  -1.0284964e-01
   1.2800000e+00  -1.4327700e-01  -1.4327700e-01  -1.4327700e-01  -1.4327968e-01
   1.2900000e+00  -1.6603400e-01  -1.6603400e-01  -1.6603400e-01  -1.6603820e-01
   1.3000000e+00  -1.7043400e-01  -1.7043400e-01  -1.7043400e-01  -1.7044336e-01
   1.3100000e+00  -1.6059000e-01  -1.6059000e-01  -1.6059000e-01  -1.6060358e-01
   1.3200000e+00  -1.4190600e-01  -1.4190600e-01  -1.4190600e-01  -1.4191898e-01
   1.3300000e+00  -1.1788300e-01  -1.1788300e-01  -1.1788300e-01  -1.1789182e-01
   1.3400000e+00  -8.8723400e-02  -8.8723300e-02  -8.8723300e-02  -8.8728722e-02
   1.3500000e+00  -5.2448300e-02  -5.2448300e-02  -5.2448300e-02  -5.2453456e-02
   1.3600000e+00  -7.3251900e-03  -7.3252200e-03  -7.3252200e-03  -7.3339924e-03
   1.3700000e+00   4.5866500e-02   4.5866500e-02   4.5866500e-02   4.5852649e-02
   1.3800000e+00   1.0255300e-01   1.0255300e-01   1.0255300e-01   1.0253649e-01
   1.3900000e+00   1.5502500e-01   1.5502500e-01   1.5502500e-01   1.5500937e-01
   1.4000000e+00   1.9568300e-01   1.9568300e-01   1.9568300e-01   1.9567523e-01
   1.4100000e+00   2.2085800e-01   2.2085800e-01   2.2085800e-01   2.2086900e-01
   1.4200000e+00   2.3177400e-01   2.3177400e-01   2.3177400e-01   2.3180511e-01
   1.4300000e+00   2.3234600e-01   2.3234600e-01   2.3234600e-01   2.3238163e-01
   1.4400000e+00   2.2597500e-01   2.2597400e-01   2.2597400e-01   2.2600106e-01
   1.4500000e+00   2.1311300e-01   2.1311300e-01   2.1311300e-01   2.1312794e-01
   1.4600000e+00   1.9114700e-01   1.9114700e-01   1.9114700e-01   1.9115591e-01
   1.4700000e+00   1.5662600e-01   1.5662600e-01   1.5662600e-01   1.5663207e-01
   1.4800000e+00   1.0778300e-01   1.0778300e-01   1.0778300e-01   1.0778938e-01
   1.4900000e+00   4.6893200e-02   4.6893200e-02   4.6893200e-02   4.6903688e-02
   1.5000000e+00  -1.8693200e-02  -1.8693200e-02  -1.8693200e-02  -1.8677402e-02
   1.5100000e+00  -7.8981000e-02  -7.8981000e-02  -7.8981000e-02  -7.8966282e-02
   1.5200000e+00  -1.2549000e-01  -1.2549000e-01  -1.2549000e-01  -1.2548888e-01
   1.5300000e+00  -1.5466900e-01  -1.5466900e-01  -1.5466900e-01  -1.5468864e-01
   1.5400000e+00  -1.6835300e-01  -1.6835300e-01  -1.6835300e-01  -1.6838464e-01
   1.5500000e+00  -1.7042300e-01  -1.7042300e-01  -1.7042300e-01  -1.7045218e-01
   1.5600000e+00  -1.6341400e-01  -1.6341400e-01  -1.6341400e-01  -1.6343472e-01
   1.5700000e+00  -1.4754400e-01  -1.4754400e-01  -1.4754400e-01  -1.4755729e-01
   1.5800000e+00  -1.2134800e-01  -1.2134800e-01  -1.2134800e-01  -1.2135713e-01
   1.5900000e+00  -8.3165300e-02  -8.3165400e-02  -8.3165400e-02  -8.3168253e-02
   1.6000000e+00  -3.3013900e-02  -3.3014000e-02  -3.3014000e-02  -3.3007945e-02
   1.6100000e+00   2.5570400e-02   2.5570300e-02   2.5570300e-02   2.5580176e-02
   1.6200000e+00   8.5417300e-02   8.5417200e-02   8.5417200e-02   8.5422502e-02
   1.6300000e+00   1.3851200e-01   1.3851200e-01   1.3851200e-01   1.3851345e-01
   1.6400000e+00   1.7960000e-01   1.7960000e-01   1.7960000e-01   1.7961101e-01
   1.6500000e+00   2.0806400e-01   2.0806400e-01   2.0806400e-01   2.0809261e-01
   1.6600000e+00   2.2686800e-01   2.2686800e-01   2.2686800e-01   2.2690615e-01
   1.6700000e+00   2.3858700e-01   2.3858700e-01   2.3858700e-01   2.3861861e-01
   1.6800000e+00   2.4242400e-01   2.4242400e-01   2.4242400e-01   2.4244340e-01
   1.6900000e+00   2.3516000e-01   2.3515900e-01   2.3515900e-01   2.3517617e-01
   1.7000000e+00   2.1301000e-01   2.1301000e-01   2.1301000e-01   2.1304325e-01
   1.7100000e+00   1.7298500e-01   1.7298500e-01   1.7298500e-01   1.7305280e-01
   1.7200000e+00   1.1501600e-01   1.1501600e-01   1.1501600e-01   1.1512238e-01
   1.7300000e+00   4.4424000e-02   4.4424500e-02   4.4424500e-02   4.4543387e-02
   1.7400000e+00  -2.8240900e-02  -2.8240300e-02  -2.8240300e-02  -2.8149211e-02
   1.7500000e+00  -9.2026800e-02  -9.2026200e-02  -9.2026200e-02  -9.1986167e-02
   1.7600000e+00  -1.4050200e-01  -1.4050200e-01  -1.4050200e-01  -1.4050276e-01
   1.7700000e+00  -1.7263900e-01  -1.7263800e-01  -1.7263800e-01  -1.7265003e-01
   1.7800000e+00  -1.9075200e-01  -1.9075200e-01  -1.9075200e-01  -1.9074979e-01
   1.7900000e+00  -1.9789400e-01  -1.9789400e-01  -1.9789400e-01  -1.9787528e-01
   1.8000000e+00  -1.9661800e-01  -1.9661800e-01  -1.9661800e-01  -1.9659824e-01
   1.8100000e+00  -1.8726100e-01  -1.8726200e-01  -1.8726200e-01  -1.8726811e-01
   1.8200000e+00  -1.6657700e-01  -1.6657800e-01  -1.6657800e-01  -1.6663352e-01
   1.8300000e+00  -1.3108400e-01  -1.3108600e-01  -1.3108600e-01  -1.3119610e-01
   1.8400000e+00  -8.1650800e-02  -8.1652600e-02  -8.1652600e-02  -8.1793575e-02
   1.8500000e+00  -2.4048700e-02  -2.4050500e-02  -2.4050500e-02  -2.4175420e-02
   1.8600000e+00   3.3320000e-02   3.3318200e-02   3.3318200e-02   3.3245408e-02
   1.8700000e+00   8.2744000e-02   8.2742200e-02   8.2742200e-02   8.2719076e-02
   1.8800000e+00   1.2004500e-01   1.2004400e-01   1.2004400e-01   1.2003638e-01
   1.8900000e+00   1.4516400e-01   1.4516300e-01   1.4516300e-01   1.4513711e-01
   1.9000000e+00   1.6065800e-01   1.6065700e-01   1.6065700e-01   1.6060194e-01
   1.9100000e+00   1.6914300e-01   1.6914300e-01   1.6914300e-01   1.6907463e-01
   1.9200000e+00   1.7141100e-01   1.7141100e-01   1.7141100e-01   1.7136547e-01
   1.9300000e+00   1.6594400e-01   1.6594400e-01   1.6594400e-01   1.6596008e-01
   1.9400000e+00   1.4950800e-01   1.4950900e-01   1.4950900e-01   1.4960277e-01
   1.9500000e+00   1.1972300e-01   1.1972400e-01   1.1972400e-01   1.1987185e-01
   1.9600000e+00   7.8301100e-02   7.8302700e-02   7.8302700e-02   7.8450271e-02
   1.9700000e+00   3.1596100e-02   3.1597700e-02   3.1597700e-02   3.1697978e-02
   1.9800000e+00  -1.2066100e-02  -1.2064400e-02  -1.2064400e-02  -1.2018961e-02
   1.9900000e+00  -4.6281000e-02  -4.6279300e-02  -4.6279300e-02  -4.6257557e-02
   2.0000000e+00  -6.8870600e-02  -6.8869300e-02  -6.8869300e-02  -6.8827081e-02
   2.0100000e+00  -8.1677600e-02  -8.1676800e-02  -8.1676800e-02  -8.1589451e-02
   2.0200000e+00  -8.8935800e-02  -8.8935100e-02  -8.8935100e-02  -8.8814925e-02
   2.0300000e+00  -9.4014800e-02  -9.4014000e-02  -9.4014000e-02  -9.3904011e-02
   2.0400000e+00  -9.6763600e-02  -9.6763200e-02  -9.6763200e-02  -9.6717220e-02
   2.0500000e+00  -9.4071800e-02  -9.4072000e-02  -9.4072000e-02  -9.4127931e-02
   2.0600000e+00  -8.1879100e-02  -8.1880200e-02  -8.1880200e-02  -8.2026641e-02
   2.0700000e+00  -5.8013000e-02  -5.8014400e-02  -5.8014400e-02  -5.8190378e-02
   2.0800000e+00  -2.5117100e-02  -2.5118600e-02  -2.5118600e-02  -2.5257134e-02
   2.0900000e+00   1.0160400e-02   1.0158700e-02   1.0158700e-02   1.0084516e-02
   2.1000000e+00   4.1193000e-02   4.1191200e-02   4.1191200e-02   4.1157404e-02
   2.1100000e+00   6.4670200e-02   6.4668500e-02   6.4668500e-02   6.4623882e-02
   2.1200000e+00   8.1729100e-02   8.1727800e-02   8.1727800e-02   8.1629756e-02
   2.1300000e+00   9.5857500e-02   9.5856500e-02   9.5856500e-02   9.5698929e-02
   2.1400000e+00   1.0927700e-01   1.0927600e-01   1.0927600e-01   1.0909904e-01
   2.1500000e+00   1.2149200e-01   1.2149100e-01   1.2149100e-01   1.2136651e-01
   2.1600000e+00   1.2912300e-01   1.2912300e-01   1.2912300e-01   1.2911473e-01
   2.1700000e+00   1.2661800e-01   1.2661800e-01   1.2661800e-01   1.2673756e-01
   2.1800000e+00   1.0943200e-01   1.0943300e-01   1.0943300e-01   1.0962275e-01
   2.1900000e+00   7.7940100e-02   7.7941300e-02   7.7941300e-02   7.8114999e-02
   2.2000000e+00   3.8686000e-02   3.8687300e-02   3.8687300e-02   3.8791846e-02
   2.2100000e+00   1.2649600e-03   1.2664900e-03   1.2664900e-03   1.3131353e-03
   2.2200000e+00  -2.6918800e-02  -2.6917200e-02  -2.6917200e-02  -2.6872493e-02
   2.2300000e+00  -4.4345100e-02  -4.4343700e-02  -4.4343700e-02  -4.4242053e-02
   2.2400000e+00  -5.5339100e-02  -5.5337900e-02  -5.5337900e-02  -5.5154526e-02
   2.2500000e+00  -6.5617600e-02  -6.5616500e-02  -6.5616500e-02  -6.5380390e-02
   2.2600000e+00  -7.7545500e-02  -7.7544200e-02  -7.7544200e-02  -7.7331722e-02
   2.2700000e+00  -8.8845900e-02  -8.8844900e-02  -8.8844900e-02  -8.8743720e-02
   2.2800000e+00  -9.3146800e-02  -9.3146600e-02  -9.3146600e-02  -9.3201418e-02
   2.2900000e+00  -8.3205800e-02  -8.3206400e-02  -8.3206400e-02  -8.3379371e-02
   2.3000000e+00  -5.6655600e-02  -5.6656600e-02  -5.6656600e-02  -5.6849607e-02
   2.3100000e+00  -1.9030000e-02  -1.9031200e-02  -1.9031200e-02  -1.9161817e-02
   2.3200000e+00   1.7948100e-02   1.7946700e-02   1.7946700e-02   1.7890185e-02
   2.3300000e+00   4.3013200e-02   4.3011600e-02   4.3011600e-02   4.2975575e-02
   2.3400000e+00   5.2721800e-02   5.2720100e-02   5.2720100e-02   5.2629209e-02
   2.3500000e+00   5.2182900e-02   5.2181500e-02   5.2181500e-02   5.1987966e-02
   2.3600000e+00   5.0928000e-02   5.0926600e-02   5.0926600e-02   5.0645009e-02
   2.3700000e+00   5.7695700e-02   5.7694200e-02   5.7694200e-02   5.7399900e-02
   2.3800000e+00   7.5395500e-02   7.5394000e-02   7.5394000e-02   7.5190361e-02
   2.3900000e+00   9.9944000e-02   9.9942900e-02   9.9942900e-02   9.9904996e-02
   2.4000000e+00   1.2315800e-01   1.2315800e-01   1.2315800e-01   1.2328028e-01
   2.4100000e+00   1.3580300e-01   1.3580400e-01   1.3580400e-01   1.3599691e-01
   2.4200000e+00   1.3160600e-01   1.3160700e-01   1.3160700e-01   1.3176078e-01
   2.4300000e+00   1.1401200e-01   1.1401300e-01   1.1401300e-01   1.1407806e-01
   2.4400000e+00   9.6056500e-02   9.6057700e-02   9.6057700e-02   9.6074767e-02
   2.4500000e+00   8.7904800e-02   8.7906200e-02   8.7906200e-02   8.7962771e-02
   2.4600000e+00   8.8119000e-02   8.8120400e-02   8.8120400e-02   8.8287586e-02
   2.4700000e+00   8.8802400e-02   8.8803700e-02   8.8803700e-02   8.9093231e-02
   2.4800000e+00   8.2647000e-02   8.2648400e-02   8.2648400e-02   8.3002545e-02
   2.4900000e+00   6.5477800e-02   6.5479400e-02   6.5479400e-02   6.5794088e-02
   2.5000000e+00   3.8798900e-02   3.8800400e-02   3.8800400e-02   3.8979651e-02
   2.5100000e+00   1.0271600e-02   1.0272400e-02   1.0272400e-02   1.0280970e-02
   2.5200000e+00  -1.0055900e-02  -1.0056000e-02  -1.0056000e-02  -1.0172875e-02
   2.5300000e+00  -1.5425800e-02  -1.5426300e-02  -1.5426300e-02  -1.5560681e-02
   2.5400000e+00  -8.0364700e-03  -8.0372100e-03  -8.0372100e-03  -8.0858581e-03
   2.5500000e+00   6.4321600e-04   6.4226500e-04   6.4226500e-04   7.0155042e-04
   2.5600000e+00  -2.1179000e-03  -2.1192000e-03  -2.1192000e-03  -2.0238341e-03
   2.5700000e+00  -2.1251500e-02  -2.1253000e-02  -2.1253000e-02  -2.1237202e-02
   2.5800000e+00  -5.2484200e-02  -5.2485700e-02  -5.2485700e-02  -5.2638517e-02
   2.5900000e+00  -8.6793800e-02  -8.6795300e-02  -8.6795300e-02  -8.7123912e-02
   2.6000000e+00  -1.1464200e-01  -1.1464400e-01  -1.1464400e-01  -1.1505591e-01
   2.6100000e+00  -1.2889000e-01  -1.2889200e-01  -1.2889200e-01  -1.2922014e-01
   2.6200000e+00  -1.2703000e-01  -1.2703100e-01  -1.2703100e-01  -1.2709939e-01
   2.6300000e+00  -1.1250900e-01  -1.1251000e-01  -1.1251000e-01  -1.1224088e-01
   2.6400000e+00  -9.1622200e-02  -9.1622300e-02  -9.1622300e-02  -9.1149987e-02
   2.6500000e+00  -6.6463500e-02  -6.6463200e-02  -6.6463200e-02  -6.6099683e-02
   2.6600000e+00  -3.1922100e-02  -3.1921700e-02  -3.1921700e-02  -3.1899341e-02
   2.6700000e+00   1.7535800e-02   1.7536500e-02   1.7536500e-02   1.7369102e-02
   2.6800000e+00   7.7518500e-02   7.7519600e-02   7.7519600e-02   7.7694335e-02
   2.6900000e+00   1.3378600e-01   1.3378700e-01   1.3378700e-01   1.3482746e-01
   2.7000000e+00   1.7026200e-01   1.7026400e-01   1.7026400e-01   1.7235178e-01
   2.7100000e+00   1.7476900e-01   1.7477000e-01   1.7477000e-01   1.7774439e-01
   2.7200000e+00   1.4286900e-01   1.4287100e-01   1.4287100e-01   1.4634425e-01
   2.7300000e+00   8.0690400e-02   8.0692200e-02   8.0692200e-02   8.4100727e-02
   2.7400000e+00   4.3739800e-03   4.3752200e-03   4.3752200e-03   7.0904723e-03
   2.7500000e+00  -6.5961400e-02  -6.5960900e-02  -6.5960900e-02  -6.4237316e-02
   2.7600000e+00  -1.1531600e-01  -1.1531600e-01  -1.1531600e-01  -1.1419730e-01
   2.7700000e+00  -1.4008700e-01  -1.4008700e-01  -1.4008700e-01  -1.3877945e-01
   2.7800000e+00  -1.4614100e-01  -1.4614100e-01  -1.4614100e-01  -1.4427216e-01
   2.7900000e+00  -1.4103500e-01  -1.4103600e-01  -1.4103600e-01  -1.3921585e-01
   2.8000000e+00  -1.2787000e-01  -1.2787100e-01  -1.2787100e-01  -1.2728046e-01
   2.8100000e+00  -1.0450900e-01  -1.0451100e-01  -1.0451100e-01  -1.0585996e-01
   2.8200000e+00  -6.8759000e-02  -6.8760600e-02  -6.8760600e-02  -7.1785029e-02
   2.8300000e+00  -2.2391600e-02  -2.2393500e-02  -2.2393500e-02  -2.6270742e-02
   2.8400000e+00   2.9100500e-02   2.9098400e-02   2.9098400e-02   2.5236748e-02
   2.8500000e+00   7.6923500e-02   7.6921700e-02   7.6921700e-02   7.3918234e-02
   2.8600000e+00   1.1134900e-01   1.1134800e-01   1.1134800e-01   1.0987321e-01
   2.8700000e+00   1.2685600e-01   1.2685600e-01   1.2685600e-01   1.2684727e-01
   2.8800000e+00   1.2647900e-01   1.2647900e-01   1.2647900e-01   1.2693481e-01
   2.8900000e+00   1.2086500e-01   1.2086500e-01   1.2086500e-01   1.2077441e-01
   2.9000000e+00   1.2073200e-01   1.2073200e-01   1.2073200e-01   1.2045086e-01
   2.9100000e+00   1.2749500e-01   1.2749500e-01   1.2749500e-01   1.2887070e-01
   2.9200000e+00   1.3062100e-01   1.3062200e-01   1.3062200e-01   1.3540887e-01
   2.9300000e+00   1.1508400e-01   1.1508500e-01   1.1508500e-01   1.2344919e-01
   2.9400000e+00   7.0456800e-02   7.0458300e-02   7.0458300e-02   8.1109227e-02
   2.9500000e+00  -3.7132100e-03  -3.7113200e-03  -3.7113200e-03   7.5069818e-03
   2.9600000e+00  -9.6779700e-02  -9.6777700e-02  -9.6777700e-02  -8.6643299e-02
   2.9700000e+00  -1.9145400e-01  -1.9145200e-01  -1.9145200e-01  -1.8392204e-01
   2.9800000e+00  -2.7033100e-01  -2.7033000e-01  -2.7033000e-01  -2.6610364e-01
   2.9900000e+00  -3.2202000e-01  -3.2201900e-01  -3.2201900e-01  -3.2005885e-01
   3.0000000e+00  -3.4489500e-01  -3.4489400e-01  -3.4489400e-01  -3.4297771e-01
   3.0100000e+00  -3.4501500e-01  -3.4501400e-01  -3.4501400e-01  -3.4190283e-01
   3.0200000e+00  -3.2848200e-01  -3.2848000e-01  -3.2848000e-01  -3.2539155e-01
   3.0300000e+00  -2.9504100e-01  -2.9504300e-01  -2.9504300e-01  -2.9451723e-01
   3.0400000e+00  -2.3945900e-01  -2.3946600e-01  -2.3946600e-01  -2.4290794e-01
   3.0500000e+00  -1.5808400e-01  -1.5809500e-01  -1.5809500e-01  -1.6463099e-01
   3.0600000e+00  -5.4800800e-02  -5.4812800e-02  -5.4812800e-02  -6.2187039e-02
   3.0700000e+00   5.7865000e-02   5.7853000e-02   5.7853000e-02   5.1787425e-02
   3.0800000e+00   1.6247300e-01   1.6246100e-01   1.6246100e-01   1.5912999e-01
   3.0900000e+00   2.4305500e-01   2.4304400e-01   2.4304400e-01   2.4310387e-01
   3.1000000e+00   2.9164700e-01   2.9164000e-01   2.9164000e-01   2.9446122e-01
   3.1100000e+00   3.1135700e-01   3.1135400e-01   3.1135400e-01   3.1470561e-01
   3.1200000e+00   3.1499900e-01   3.1499700e-01   3.1499700e-01   3.1643262e-01
   3.1300000e+00   3.1738400e-01   3.1738000e-01   3.1738000e-01   3.1661894e-01
   3.1400000e+00   3.2479400e-01   3.2479500e-01   3.2479500e-01   3.2419688e-01
   3.1500000e+00   3.3090200e-01   3.3091700e-01   3.3091700e-01   3.3315830e-01
   3.1600000e+00   3.2200700e-01   3.2203500e-01   3.2203500e-01   3.2771234e-01
   3.1700000e+00   2.8685500e-01   2.8688800e-01   2.8688800e-01   2.9446754e-01
   3.1800000e+00   2.2301200e-01   2.2304400e-01   2.2304400e-01   2.3027172e-01
   3.1900000e+00   1.3703200e-01   1.3706500e-01   1.3706500e-01   1.4183281e-01
   3.2000000e+00   4.0770800e-02   4.0806000e-02   4.0806000e-02   4.1440003e-02
   3.2100000e+00  -5.3516700e-02  -5.3486800e-02  -5.3486800e-02  -5.7355310e-02
   3.2200000e+00  -1.3831600e-01  -1.3829900e-01  -1.3829900e-01  -1.4480971e-01
   3.2300000e+00  -2.1380200e-01  -2.1379500e-01  -2.1379500e-01  -2.1973178e-01
   3.2400000e+00  -2.8419500e-01  -2.8418400e-01  -2.8418400e-01  -2.8754882e-01
   3.2500000e+00  -3.4925700e-01  -3.4923700e-01  -3.4923700e-01  -3.5085276e-01
   3.2600000e+00  -3.9806500e-01  -3.9804800e-01  -3.9804800e-01  -4.0033959e-01
   3.2700000e+00  -4.1331500e-01  -4.1332900e-01  -4.1332900e-01  -4.1777690e-01
   3.2800000e+00  -3.8257600e-01  -3.8264500e-01  -3.8264500e-01  -3.8869865e-01
   3.2900000e+00  -3.0426800e-01  -3.0438900e-01  -3.0438900e-01  -3.1029718e-01
   3.3000000e+00  -1.8825900e-01  -1.8840800e-01  -1.8840800e-01  -1.9229426e-01
   3.3100000e+00  -5.4771600e-02  -5.4922500e-02  -5.4922500e-02  -5.5180074e-02
   3.3200000e+00   7.1563700e-02   7.1426100e-02   7.1426100e-02   7.5694961e-02
   3.3300000e+00   1.7294300e-01   1.7282400e-01   1.7282400e-01   1.8082409e-01
   3.3400000e+00   2.4595200e-01   2.4585600e-01   2.4585600e-01   2.5481851e-01
   3.3500000e+00   2.9933300e-01   2.9926000e-01   2.9926000e-01   3.0617689e-01
   3.3600000e+00   3.4514200e-01   3.4508400e-01   3.4508400e-01   3.4920952e-01
   3.3700000e+00   3.8769200e-01   3.8764100e-01   3.8764100e-01   3.9090276e-01
   3.3800000e+00   4.1858800e-01   4.1856000e-01   4.1856000e-01   4.2309742e-01
   3.3900000e+00   4.2308900e-01   4.2312200e-01   4.2312200e-01   4.2878239e-01
   3.4000000e+00   3.9033700e-01   3.9046800e-01   3.9046800e-01   3.9511008e-01
   3.4100000e+00   3.1986000e-01   3.2009800e-01   3.2009800e-01   3.2159555e-01
   3.4200000e+00   2.2292100e-01   2.2323300e-01   2.2323300e-01   2.2053248e-01
   3.4300000e+00   1.1835700e-01   1.1868600e-01   1.1868600e-01   1.1158166e-01
   3.4400000e+00   2.4314600e-02   2.4616300e-02   2.4616300e-02   1.3848814e-02
   3.4500000e+00  -5.0465100e-02  -5.0194400e-02  -5.0194400e-02  -6.2164854e-02
   3.4600000e+00  -1.1051900e-01  -1.1026900e-01  -1.1026900e-01  -1.1983564e-01
   3.4700000e+00  -1.6824800e-01  -1.6802600e-01  -1.6802600e-01  -1.7315858e-01
   3.4800000e+00  -2.3285000e-01  -2.3267500e-01  -2.3267500e-01  -2.3486861e-01
   3.4900000e+00  -3.0154700e-01  -3.0142900e-01  -3.0142900e-01  -3.0406227e-01
   3.5000000e+00  -3.5945300e-01  -3.5939700e-01  -3.5939700e-01  -3.6414503e-01
   3.5100000e+00  -3.8900900e-01  -3.8902800e-01  -3.8902800e-01  -3.9445984e-01
   3.5200000e+00  -3.8023600e-01  -3.8036100e-01  -3.8036100e-01  -3.8369581e-01
   3.5300000e+00  -3.3446800e-01  -3.3472400e-01  -3.3472400e-01  -3.3399625e-01
   3.5400000e+00  -2.6287600e-01  -2.6324300e-01  -2.6324300e-01  -2.5780753e-01
   3.5500000e+00  -1.8133100e-01  -1.8173800e-01  -1.8173800e-01  -1.7183055e-01
   3.5600000e+00  -1.0238300e-01  -1.0276700e-01  -1.0276700e-01  -8.9717626e-02
   3.5700000e+00  -2.8219400e-02  -2.8576300e-02  -2.8576300e-02  -1.5278857e-02
   3.5800000e+00   4.9925500e-02   4.9571600e-02   4.9571600e-02   5.9911676e-02
   3.5900000e+00   1.4144200e-01   1.4110500e-01   1.4110500e-01   1.4760346e-01
   3.6000000e+00   2.4324300e-01   2.4297400e-01   2.4297400e-01   2.4793853e-01
   3.6100000e+00   3.3835100e-01   3.3818000e-01   3.3818000e-01   3.4465905e-01
   3.6200000e+00   4.0402700e-01   4.0394500e-01   4.0394500e-01   4.1261431e-01
   3.6300000e+00   4.2209100e-01   4.2210100e-01   4.2210100e-01   4.3088032e-01
   3.6400000e+00   3.8744200e-01   3.8759500e-01   3.8759500e-01   3.9363189e-01
   3.6500000e+00   3.0958400e-01   3.0994000e-01   3.0994000e-01   3.1136714e-01
   3.6600000e+00   2.0835200e-01   2.0887700e-01   2.0887700e-01   2.0518933e-01
   3.6700000e+00   1.0639800e-01   1.0696300e-01   1.0696300e-01   9.8750279e-02
   3.6800000e+00   1.9305400e-02   1.9821900e-02   1.9821900e-02   8.9613213e-03
   3.6900000e+00  -5.1734900e-02  -5.1227900e-02  -5.1227900e-02  -6.1582352e-02
   3.7000000e+00  -1.1685400e-01  -1.1629100e-01  -1.1629100e-01  -1.2344398e-01
   3.7100000e+00  -1.8444300e-01  -1.8387400e-01  -1.8387400e-01  -1.8797418e-01
   3.7200000e+00  -2.5038600e-01  -2.4993900e-01  -2.4993900e-01  -2.5392528e-01
   3.7300000e+00  -2.9969000e-01  -2.9942600e-01  -2.9942600e-01  -3.0592820e-01
   3.7400000e+00  -3.1709900e-01  -3.1697900e-01  -3.1697900e-01  -3.2560628e-01
   3.7500000e+00  -2.9540600e-01  -2.9539500e-01  -2.9539500e-01  -3.0323048e-01
   3.7600000e+00  -2.3860400e-01  -2.3874700e-01  -2.3874700e-01  -2.4274520e-01
   3.7700000e+00  -1.6140000e-01  -1.6175300e-01  -1.6175300e-01  -1.6041460e-01
   3.7800000e+00  -8.2607200e-02  -8.3116900e-02  -8.3116900e-02  -7.6582152e-02
   3.7900000e+00  -1.5574600e-02  -1.6109500e-02  -1.6109500e-02  -5.7819990e-03
   3.8000000e+00   3.8561100e-02   3.8051900e-02   3.8051900e-02   4.9404901e-02
   3.8100000e+00   9.1247600e-02   9.0694200e-02   9.0694200e-02   9.9651353e-02
   3.8200000e+00   1.5700800e-01   1.5636900e-01   1.5636900e-01   1.6123090e-01
   3.8300000e+00   2.3918600e-01   2.3856100e-01   2.3856100e-01   2.4114668e-01
   3.8400000e+00   3.2470400e-01   3.2423800e-01   3.2423800e-01   3.2840369e-01
   3.8500000e+00   3.9229900e-01   3.9202600e-01   3.9202600e-01   3.9998206e-01
   3.8600000e+00   4.2488400e-01   4.2474200e-01   4.2474200e-01   4.3516303e-01
   3.8700000e+00   4.1730500e-01   4.1727300e-01   4.1727300e-01   4.2664789e-01
   3.8800000e+00   3.7774900e-01   3.7790900e-01   3.7790900e-01   3.8304563e-01
   3.8900000e+00   3.2337300e-01   3.2378700e-01   3.2378700e-01   3.2335479e-01
   3.9000000e+00   2.7145200e-01   2.7203600e-01   2.7203600e-01   2.6663178e-01
   3.9100000e+00   2.2892400e-01   2.2952400e-01   2.2952400e-01   2.2134520e-01
   3.9200000e+00   1.8697700e-01   1.8756900e-01   1.8756900e-01   1.8016654e-01
   3.9300000e+00   1.2788900e-01   1.2858700e-01   1.2858700e-01   1.2542290e-01
   3.9400000e+00   3.9453700e-02   4.0288600e-02   4.0288600e-02   4.2108432e-02
   3.9500000e+00  -7.3122900e-02  -7.2319900e-02  -7.2319900e-02  -6.8664840e-02
   3.9600000e+00  -1.8587300e-01  -1.8529700e-01  -1.8529700e-01  -1.8439572e-01
   3.9700000e+00  -2.6967900e-01  -2.6935100e-01  -2.6935100e-01  -2.7310924e-01
   3.9800000e+00  -3.0602700e-01  -3.0584500e-01  -3.0584500e-01  -3.1216010e-01
   3.9900000e+00  -2.9202700e-01  -2.9195800e-01  -2.9195800e-01  -2.9690179e-01
   4.0000000e+00  -2.3841900e-01  -2.3855500e-01  -2.3855500e-01  -2.3906154e-01
   4.0100000e+00  -1.6345200e-01  -1.6386300e-01  -1.6386300e-01  -1.5889744e-01
   4.0200000e+00  -8.3289600e-02  -8.3885500e-02  -8.3885500e-02  -7.4390833e-02
   4.0300000e+00  -4.1627300e-03  -4.7993000e-03  -4.7993000e-03   6.4572343e-03
   4.0400000e+00   7.9337000e-02   7.8651300e-02   7.8651300e-02   8.7638975e-02
   4.0500000e+00   1.7696100e-01   1.7610200e-01   1.7610200e-01   1.7970213e-01
   4.0600000e+00   2.8899700e-01   2.8797700e-01   2.8797700e-01   2.8666785e-01
   4.0700000e+00   3.9972300e-01   3.9876700e-01   3.9876700e-01   3.9658859e-01
   4.0800000e+00   4.8556000e-01   4.8488200e-01   4.8488200e-01   4.8593975e-01
   4.0900000e+00   5.2759500e-01   5.2720200e-01   5.2720200e-01   5.3234046e-01
   4.1000000e+00   5.1872500e-01   5.1850100e-01   5.1850100e-01   5.2526907e-01
   4.1100000e+00   4.6619300e-01   4.6612700e-01   4.6612700e-01   4.7095715e-01
   4.1200000e+00   3.8926000e-01   3.8947500e-01   3.8947500e-01   3.8976943e-01
   4.1300000e+00   3.0905300e-01   3.0962100e-01   3.0962100e-01   3.0474165e-01
   4.1400000e+00   2.3697800e-01   2.3777400e-01   2.3777400e-01   2.2907914e-01
   4.1500000e+00   1.6960100e-01   1.7046100e-01   1.7046100e-01   1.6095082e-01
   4.1600000e+00   9.2227300e-02   9.3182900e-02   9.3182900e-02   8.6492969e-02
   4.1700000e+00  -7.8779100e-03  -6.6611900e-03  -6.6611900e-03  -8.3539551e-03
   4.1800000e+00  -1.2769500e-01  -1.2624100e-01  -1.2624100e-01  -1.2407562e-01
   4.1900000e+00  -2.4703000e-01  -2.4564900e-01  -2.4564900e-01  -2.4349036e-01
   4.2000000e+00  -3.3922100e-01  -3.3821700e-01  -3.3821700e-01  -3.3949604e-01
   4.2100000e+00  -3.8438400e-01  -3.8378100e-01  -3.8378100e-01  -3.8872652e-01
   4.2200000e+00  -3.7703300e-01  -3.7668100e-01  -3.7668100e-01  -3.8236655e-01
   4.2300000e+00  -3.2643100e-01  -3.2627400e-01  -3.2627400e-01  -3.2885346e-01
   4.2400000e+00  -2.5041200e-01  -2.5054800e-01  -2.5054800e-01  -2.4767567e-01
   4.2500000e+00  -1.6444200e-01  -1.6495100e-01  -1.6495100e-01  -1.5680853e-01
   4.2600000e+00  -7.2221800e-02  -7.3023200e-02  -7.3023200e-02  -6.1852581e-02
   4.2700000e+00   3.4476700e-02   3.3514300e-02   3.3514300e-02   4.4487324e-02
   4.2800000e+00   1.6650100e-01   1.6535600e-01   1.6535600e-01   1.7325038e-01
   4.2900000e+00   3.2539400e-01   3.2394200e-01   3.2394200e-01   3.2767856e-01
   4.3000000e+00   4.9582900e-01   4.9413400e-01   4.9413400e-01   4.9520455e-01
   4.3100000e+00   6.4827000e-01   6.4668400e-01   6.4668400e-01   6.4827820e-01
   4.3200000e+00   7.5062700e-01   7.4951000e-01   7.4951000e-01   7.5415131e-01
   4.3300000e+00   7.8081300e-01   7.8030200e-01   7.8030200e-01   7.8784621e-01
   4.3400000e+00   7.3306200e-01   7.3315800e-01   7.3315800e-01   7.4094863e-01
   4.3500000e+00   6.1853400e-01   6.1922300e-01   6.1922300e-01   6.2395966e-01
   4.3600000e+00   4.6206600e-01   4.6329600e-01   4.6329600e-01   4.6300915e-01
   4.3700000e+00   2.9021900e-01   2.9187000e-01   2.9187000e-01   2.8683111e-01
   4.3800000e+00   1.1665400e-01   1.1859100e-01   1.1859100e-01   1.1079857e-01
   4.3900000e+00  -6.2209500e-02  -6.0010700e-02  -6.0010700e-02  -6.8063677e-02
   4.4000000e+00  -2.5931600e-01  -2.5675300e-01  -2.5675300e-01  -2.6303239e-01
   4.4100000e+00  -4.8234300e-01  -4.7937200e-01  -4.7937200e-01  -4.8284760e-01
   4.4200000e+00  -7.2407300e-01  -7.2092000e-01  -7.2092000e-01  -7.2200756e-01
   4.4300000e+00  -9.6516900e-01  -9.6231700e-01  -9.6231700e-01  -9.6290667e-01
   4.4400000e+00  -1.1828700e+00  -1.1808200e+00  -1.1808200e+00  -1.1831990e+00
   4.4500000e+00  -1.3568700e+00  -1.3558600e+00  -1.3558600e+00  -1.3610034e+00
   4.4600000e+00  -1.4721700e+00  -1.4722500e+00  -1.4722500e+00  -1.4788502e+00
   4.4700000e+00  -1.5223800e+00  -1.5236400e+00  -1.5236400e+00  -1.5286458e+00
   4.4800000e+00  -1.5111700e+00  -1.5138100e+00  -1.5138100e+00  -1.5141717e+00
   4.4900000e+00  -1.4493700e+00  -1.4535100e+00  -1.4535100e+00  -1.4478876e+00
   4.5000000e+00  -1.3488200e+00  -1.3542000e+00  -1.3542000e+00  -1.3435511e+00
   4.5100000e+00  -1.2148100e+00  -1.2209900e+00  -1.2209900e+00  -1.2077561e+00
   4.5200000e+00  -1.0414400e+00  -1.0483200e+00  -1.0483200e+00  -1.0352177e+00
   4.5300000e+00  -8.1761400e-01  -8.2553800e-01  -8.2553800e-01  -8.1459002e-01
   4.5400000e+00  -5.3925200e-01  -5.4845100e-01  -5.4845100e-01  -5.4043447e-01
   4.5500000e+00  -2.1866500e-01  -2.2849500e-01  -2.2849500e-01  -2.2279086e-01
   4.5600000e+00   1.0942100e-01   1.0046000e-01   1.0046000e-01   1.0596156e-01
   4.5700000e+00   3.9559100e-01   3.8879200e-01   3.8879200e-01   3.9640765e-01
   4.5800000e+00   5.9688600e-01   5.9261600e-01   5.9261600e-01   6.0223027e-01
   4.5900000e+00   6.9094700e-01   6.8909700e-01   6.8909700e-01   6.9743265e-01
   4.6000000e+00   6.7801400e-01   6.7857700e-01   6.7857700e-01   6.8155050e-01
   4.6100000e+00   5.7771700e-01   5.8066000e-01   5.8066000e-01   5.7651126e-01
   4.6200000e+00   4.2002400e-01   4.2492000e-01   4.2492000e-01   4.1531756e-01
   4.6300000e+00   2.2971200e-01   2.3589900e-01   2.3589900e-01   2.2424175e-01
   4.6400000e+00   1.5746200e-02   2.2937000e-02   2.2937000e-02   1.1881803e-02
   4.6500000e+00  -2.2548700e-01  -2.1696200e-01  -2.1696200e-01  -2.2636939e-01
   4.6600000e+00  -4.9700600e-01  -4.8681900e-01  -4.8681900e-01  -4.9438428e-01
   4.6700000e+00  -7.8986100e-01  -7.7855900e-01  -7.7855900e-01  -7.8444410e-01
   4.6800000e+00  -1.0825000e+00  -1.0715600e+00  -1.0715600e+00  -1.0766953e+00
   4.6900000e+00  -1.3471200e+00  -1.3381400e+00  -1.3381400e+00  -1.3440348e+00
   4.7000000e+00  -1.5572900e+00  -1.5510900e+00  -1.5510900e+00  -1.5585422e+00
   4.7100000e+00  -1.6944200e+00  -1.6910200e+00  -1.6910200e+00  -1.6989438e+00
   4.7200000e+00  -1.7513700e+00  -1.7506400e+00  -1.7506400e+00  -1.7561673e+00
   4.7300000e+00  -1.7312400e+00  -1.7334100e+00  -1.7334100e+00  -1.7332703e+00
   4.7400000e+00  -1.6436300e+00  -1.6490400e+00  -1.6490400e+00  -1.6417296e+00
   4.7500000e+00  -1.5021300e+00  -1.5105700e+00  -1.5105700e+00  -1.4975966e+00
   4.7600000e+00  -1.3176100e+00  -1.3282900e+00  -1.3282900e+00  -1.3130244e+00
   4.7700000e+00  -1.0879000e+00  -1.1002400e+00  -1.1002400e+00  -1.0855334e+00
   4.7800000e+00  -7.9812100e-01  -8.1230100e-01  -8.1230100e-01  -7.9916425e-01
   4.7900000e+00  -4.3771000e-01  -4.5404700e-01  -4.5404700e-01  -4.4230673e-01
   4.8000000e+00  -1.7077000e-02  -3.5036400e-02  -3.5036400e-02  -2.4457871e-02
   4.8100000e+00   4.3288200e-01   4.1497600e-01   4.1497600e-01   4.2464059e-01
   4.8200000e+00   8.7213000e-01   8.5640200e-01   8.5640200e-01   8.6592505e-01
   4.8300000e+00   1.2630700e+00   1.2511100e+00   1.2511100e+00   1.2614272e+00
   4.8400000e+00   1.5790600e+00   1.5714900e+00   1.5714900e+00   1.5823683e+00
   4.8500000e+00   1.8077300e+00   1.8045400e+00   1.8045400e+00   1.8137228e+00
   4.8600000e+00   1.9503300e+00   1.9515000e+00   1.9515000e+00   1.9555708e+00
   4.8700000e+00   2.0171900e+00   2.0229600e+00   2.0229600e+00   2.0195745e+00
   4.8800000e+00   2.0199000e+00   2.0305300e+00   2.0305300e+00   2.0202047e+00
   4.8900000e+00   1.9661800e+00   1.9815200e+00   1.9815200e+00   1.9672229e+00
   4.9000000e+00   1.8570700e+00   1.8766500e+00   1.8766500e+00   1.8614863e+00
   4.9100000e+00   1.6860600e+00   1.7094500e+00   1.7094500e+00   1.6949033e+00
   4.9200000e+00   1.4449700e+00   1.4721300e+00   1.4721300e+00   1.4582203e+00
   4.9300000e+00   1.1337500e+00   1.1646400e+00   1.1646400e+00   1.1509730e+00
   4.9400000e+00   7.6779000e-01   8.0145900e-01   8.0145900e-01   7.8768761e-01
   4.9500000e+00   3.7994500e-01   4.1354100e-01   4.1354100e-01   3.9963476e-01
   4.9600000e+00   1.2561500e-02   4.2085900e-02   4.2085900e-02   2.8596862e-02
   4.9700000e+00  -2.9965800e-01  -2.7684300e-01  -2.7684300e-01  -2.8844312e-01
   4.9800000e+00  -5.4329300e-01  -5.2740200e-01  -5.2740200e-01  -5.3481355e-01
   4.9900000e+00  -7.2501900e-01  -7.1527900e-01  -7.1527900e-01  -7.1643989e-01
   5.0000000e+00  -8.5878100e-01  -8.5518300e-01  -8.5518300e-01  -8.4964384e-01
   5.0100000e+00  -9.5024000e-01  -9.5374000e-01  -9.5374000e-01  -9.4302214e-01
   5.0200000e+00  -9.8813800e-01  -9.9944900e-01  -9.9944900e-01  -9.8582680e-01
   5.0300000e+00  -9.5004300e-01  -9.6883300e-01  -9.6883300e-01  -9.5373413e-01
   5.0400000e+00  -8.1480700e-01  -8.4020200e-01  -8.4020200e-01  -8.2372231e-01
   5.0500000e+00  -5.7263200e-01  -6.0392900e-01  -6.0392900e-01  -5.8549969e-01
   5.0600000e+00  -2.3336500e-01  -2.6948500e-01  -2.6948500e-01  -2.4892376e-01
   5.0700000e+00   1.6656500e-01   1.2853600e-01   1.2853600e-01   1.5041003e-01
   5.0800000e+00   5.6958200e-01   5.3419700e-01   5.3419700e-01   5.5565868e-01
   5.0900000e+00   9.1954000e-01   8.9054400e-01   8.9054400e-01   9.0938039e-01
   5.1000000e+00   1.1815500e+00   1.1601400e+00   1.1601400e+00   1.1740589e+00
   5.1100000e+00   1.3494000e+00   1.3348700e+00   1.3348700e+00   1.3419678e+00
   5.1200000e+00   1.4390100e+00   1.4307300e+00   1.4307300e+00   1.4304083e+00
   5.1300000e+00   1.4682000e+00   1.4670800e+00   1.4670800e+00   1.4605284e+00
   5.1400000e+00   1.4422800e+00   1.4501200e+00   1.4501200e+00   1.4394642e+00
   5.1500000e+00   1.3556500e+00   1.3731600e+00   1.3731600e+00   1.3601681e+00
   5.1600000e+00   1.1998100e+00   1.2259600e+00   1.2259600e+00   1.2113811e+00
   5.1700000e+00   9.6561200e-01   9.9896300e-01   9.9896300e-01   9.8256269e-01
   5.1800000e+00   6.4223200e-01   6.8230300e-01   6.8230300e-01   6.6325725e-01
   5.1900000e+00   2.2860000e-01   2.7487800e-01   2.7487800e-01   2.5262829e-01
   5.2000000e+00  -2.5077400e-01  -2.0118900e-01  -2.0118900e-01  -2.2581272e-01
   5.2100000e+00  -7.4846300e-01  -7.0106600e-01  -7.0106600e-01  -7.2560722e-01
   5.2200000e+00  -1.2155900e+00  -1.1756900e+00  -1.1756900e+00  -1.1970416e+00
   5.2300000e+00  -1.6233400e+00  -1.5931600e+00  -1.5931600e+00  -1.6087336e+00
   5.2400000e+00  -1.9691800e+00  -1.9476100e+00  -1.9476100e+00  -1.9558940e+00
   5.2500000e+00  -2.2636900e+00  -2.2488900e+00  -2.2488900e+00  -2.2496344e+00
   5.2600000e+00  -2.5100700e+00  -2.5022500e+00  -2.5022500e+00  -2.4964196e+00
   5.2700000e+00  -2.6939300e+00  -2.6956800e+00  -2.6956800e+00  -2.6849484e+00
   5.2800000e+00  -2.7874100e+00  -2.8012900e+00  -2.8012900e+00  -2.7872445e+00
   5.2900000e+00  -2.7605300e+00  -2.7867800e+00  -2.7867800e+00  -2.7701868e+00
   5.3000000e+00  -2.5900200e+00  -2.6266900e+00  -2.6266900e+00  -2.6073047e+00
   5.3100000e+00  -2.2622800e+00  -2.3073600e+00  -2.3073600e+00  -2.2844407e+00
   5.3200000e+00  -1.7747800e+00  -1.8278400e+00  -1.8278400e+00  -1.8009283e+00
   5.3300000e+00  -1.1413800e+00  -1.2024700e+00  -1.2024700e+00  -1.1719396e+00
   5.3400000e+00  -4.0246500e-01  -4.6859900e-01  -4.6859900e-01  -4.3606020e-01
   5.3500000e+00   3.7184800e-01   3.0785000e-01   3.0785000e-01   3.3914327e-01
   5.3600000e+00   1.1040300e+00   1.0492900e+00   1.0492900e+00   1.0752410e+00
   5.3700000e+00   1.7437000e+00   1.7009700e+00   1.7009700e+00   1.7181930e+00
   5.3800000e+00   2.2749500e+00   2.2432000e+00   2.2432000e+00   2.2497616e+00
   5.3900000e+00   2.6995600e+00   2.6778000e+00   2.6778000e+00   2.6735916e+00
   5.4000000e+00   3.0183700e+00   3.0086000e+00   3.0086000e+00   2.9958146e+00
   5.4100000e+00   3.2214100e+00   3.2276200e+00   3.2276200e+00   3.2103269e+00
   5.4200000e+00   3.2925400e+00   3.3171000e+00   3.3171000e+00   3.2993995e+00
   5.4300000e+00   3.2188100e+00   3.2601200e+00   3.2601200e+00   3.2438723e+00
   5.4400000e+00   2.9952400e+00   3.0490000e+00   3.0490000e+00   3.0326802e+00
   5.4500000e+00   2.6265600e+00   2.6894600e+00   2.6894600e+00   2.6693080e+00
   5.4600000e+00   2.1260100e+00   2.1980400e+00   2.1980400e+00   2.1710293e+00
   5.4700000e+00   1.5144100e+00   1.5970900e+00   1.5970900e+00   1.5635618e+00
   5.4800000e+00   8.2682800e-01   9.1850300e-01   9.1850300e-01   8.8264463e-01
   5.4900000e+00   1.2299200e-01   2.1547300e-01   2.1547300e-01   1.8374658e-01
   5.5000000e+00  -5.2264500e-01  -4.4024300e-01  -4.4024300e-01  -4.6191639e-01
   5.5100000e+00  -1.0555200e+00  -9.8893100e-01  -9.8893100e-01  -9.9739681e-01
   5.5200000e+00  -1.4572100e+00  -1.4061900e+00  -1.4061900e+00  -1.4012649e+00
   5.5300000e+00  -1.7302100e+00  -1.6938200e+00  -1.6938200e+00  -1.6777369e+00
   5.5400000e+00  -1.8779900e+00  -1.8584300e+00  -1.8584300e+00  -1.8353083e+00
   5.5500000e+00  -1.8961800e+00  -1.8981400e+00  -1.8981400e+00  -1.8728261e+00
   5.5600000e+00  -1.7783600e+00  -1.8049800e+00  -1.8049800e+00  -1.7812914e+00
   5.5700000e+00  -1.5259100e+00  -1.5755400e+00  -1.5755400e+00  -1.5543726e+00
   5.5800000e+00  -1.1523500e+00  -1.2195000e+00  -1.2195000e+00  -1.1976605e+00
   5.5900000e+00  -6.8287100e-01  -7.6217300e-01  -7.6217300e-01  -7.3403991e-01
   5.6000000e+00  -1.4896300e-01  -2.3809600e-01  -2.3809600e-01  -2.0045988e-01
   5.6100000e+00   4.1693300e-01   3.1931000e-01   3.1931000e-01   3.6265227e-01
   5.6200000e+00   9.7844800e-01   8.7760300e-01   8.7760300e-01   9.1719452e-01
   5.6300000e+00   1.4937300e+00   1.3989500e+00   1.3989500e+00   1.4261988e+00
   5.6400000e+00   1.9267000e+00   1.8466300e+00   1.8466300e+00   1.8577935e+00
   5.6500000e+00   2.2582500e+00   2.1975800e+00   2.1975800e+00   2.1935475e+00
   5.6600000e+00   2.4873400e+00   2.4466300e+00   2.4466300e+00   2.4308684e+00
   5.6700000e+00   2.6235400e+00   2.6016600e+00   2.6016600e+00   2.5780084e+00
   5.6800000e+00   2.6757500e+00   2.6728500e+00   2.6728500e+00   2.6446993e+00
   5.6900000e+00   2.6424300e+00   2.6608100e+00   2.6608100e+00   2.6311333e+00
   5.7000000e+00   2.5121600e+00   2.5542600e+00   2.5542600e+00   2.5251547e+00
   5.7100000e+00   2.2732900e+00   2.3388400e+00   2.3388400e+00   2.3103110e+00
   5.7200000e+00   1.9208300e+00   2.0059800e+00   2.0059800e+00   1.9751085e+00
   5.7300000e+00   1.4611400e+00   1.5603500e+00   1.5603500e+00   1.5229700e+00
   5.7400000e+00   9.1128900e-01   1.0200800e+00   1.0200800e+00   9.7492414e-01
   5.7500000e+00   2.9099400e-01   4.0668000e-01   4.0668000e-01   3.5892398e-01
   5.7600000e+00  -3.7532600e-01  -2.5701700e-01  -2.5701700e-01  -2.9679040e-01
   5.7700000e+00  -1.0481100e+00  -9.3617300e-01  -9.3617300e-01  -9.5864370e-01
   5.7800000e+00  -1.6784300e+00  -1.5836300e+00  -1.5836300e+00  -1.5868625e+00
   5.7900000e+00  -2.2260300e+00  -2.1558700e+00  -2.1558700e+00  -2.1441694e+00
   5.8000000e+00  -2.6689500e+00  -2.6253500e+00  -2.6253500e+00  -2.6043923e+00
   5.8100000e+00  -3.0013900e+00  -2.9821100e+00  -2.9821100e+00  -2.9557396e+00
   5.8200000e+00  -3.2221900e+00  -3.2251900e+00  -3.2251900e+00  -3.1950869e+00
   5.8300000e+00  -3.3249900e+00  -3.3515900e+00  -3.3515900e+00  -3.3189434e+00
   5.8400000e+00  -3.2983200e+00  -3.3520600e+00  -3.3520600e+00  -3.3184413e+00
   5.8500000e+00  -3.1318900e+00  -3.2141200e+00  -3.2141200e+00  -3.1802392e+00
   5.8600000e+00  -2.8252200e+00  -2.9317700e+00  -2.9317700e+00  -2.8957227e+00
   5.8700000e+00  -2.3938700e+00  -2.5164200e+00  -2.5164200e+00  -2.4741393e+00
   5.8800000e+00  -1.8668300e+00  -1.9979400e+00  -1.9979400e+00  -1.9470321e+00
   5.8900000e+00  -1.2743500e+00  -1.4111300e+00  -1.4111300e+00  -1.3557880e+00
   5.9000000e+00  -6.4380500e-01  -7.8550500e-01  -7.8550500e-01  -7.3728980e-01
   5.9100000e+00  -1.3127200e-02  -1.5367100e-01  -1.5367100e-01  -1.2469717e-01
   5.9200000e+00   5.6457100e-01   4.3917300e-01   4.3917300e-01   4.4524257e-01
   5.9300000e+00   1.0406100e+00   9.4466300e-01   9.4466300e-01   9.3344205e-01
   5.9400000e+00   1.3914600e+00   1.3309800e+00   1.3309800e+00   1.3105213e+00
   5.9500000e+00   1.6219000e+00   1.5945300e+00   1.5945300e+00   1.5696223e+00
   5.9600000e+00   1.7488200e+00   1.7511300e+00   1.7511300e+00   1.7231174e+00
   5.9700000e+00   1.7785400e+00   1.8124100e+00   1.8124100e+00   1.7818505e+00
   5.9800000e+00   1.7019200e+00   1.7723900e+00   1.7723900e+00   1.7402459e+00
   5.9900000e+00   1.5116500e+00   1.6186200e+00   1.6186200e+00   1.5850125e+00
   6.0000000e+00   1.2209300e+00   1.3543800e+00   1.3543800e+00   1.3166402e+00
   6.0100000e+00   8.6128100e-01   1.0063300e+00   1.0063300e+00   9.6002766e-01
   6.0200000e+00   4.6287600e-01   6.1106500e-01   6.1106500e-01   5.5544543e-01
   6.0300000e+00   3.9419300e-02   1.9318600e-01   1.9318600e-01   1.3610609e-01
   6.0400000e+00  -4.0131700e-01  -2.4093800e-01  -2.4093800e-01  -2.8532853e-01
   6.0500000e+00  -8.3009600e-01  -6.7683500e-01  -6.7683500e-01  -6.9786822e-01
   6.0600000e+00  -1.1983400e+00  -1.0738100e+00  -1.0738100e+00  -1.0715417e+00
   6.0700000e+00  -1.4706100e+00  -1.3881000e+00  -1.3881000e+00  -1.3703617e+00
   6.0800000e+00  -1.6404700e+00  -1.5993500e+00  -1.5993500e+00  -1.5742540e+00
   6.0900000e+00  -1.7175800e+00  -1.7109800e+00  -1.7109800e+00  -1.6823445e+00
   6.1000000e+00  -1.7034200e+00  -1.7294700e+00  -1.7294700e+00  -1.6971366e+00
   6.1100000e+00  -1.5807700e+00  -1.6448000e+00  -1.6448000e+00  -1.6078370e+00
   6.1200000e+00  -1.3294000e+00  -1.4348100e+00  -1.4348100e+00  -1.3935668e+00
   6.1300000e+00  -9.5189900e-01  -1.0907400e+00  -1.0907400e+00  -1.0457260e+00
   6.1400000e+00  -4.8400400e-01  -6.3885300e-01  -6.3885300e-01  -5.8845825e-01
   6.1500000e+00   2.4329400e-02  -1.3259800e-01  -1.3259800e-01  -7.4475919e-02
   6.1600000e+00   5.3634700e-01   3.7763500e-01   3.7763500e-01   4.4099720e-01
   6.1700000e+00   1.0318000e+00   8.6550500e-01   8.6550500e-01   9.2354781e-01
   6.1800000e+00   1.4852400e+00   1.3170300e+00   1.3170300e+00   1.3562761e+00
   6.1900000e+00   1.8541800e+00   1.7047000e+00   1.7047000e+00   1.7182366e+00
   6.2000000e+00   2.0974700e+00   1.9884300e+00   1.9884300e+00   1.9798307e+00
   6.2100000e+00   2.1992500e+00   2.1400700e+00   2.1400700e+00   2.1190695e+00
   6.2200000e+00   2.1725100e+00   2.1585700e+00   2.1585700e+00   2.1335933e+00
   6.2300000e+00   2.0437700e+00   2.0655200e+00   2.0655200e+00   2.0388936e+00
   6.2400000e+00   1.8323100e+00   1.8862000e+00   1.8862000e+00   1.8551451e+00
   6.2500000e+00   1.5390800e+00   1.6288000e+00   1.6288000e+00   1.5902617e+00
   6.2600000e+00   1.1594600e+00   1.2868900e+00   1.2868900e+00   1.2408073e+00
   6.2700000e+00   7.0737200e-01   8.6412600e-01   8.6412600e-01   8.1237140e-01
   6.2800000e+00   2.2024100e-01   3.9017800e-01   3.9017800e-01   3.3371361e-01
   6.2900000e+00  -2.6043900e-01  -8.9100400e-02  -8.9100400e-02  -1.4983256e-01
   6.3000000e+00  -7.1193900e-01  -5.3906400e-01  -5.3906400e-01  -5.9975499e-01
   6.3100000e+00  -1.1272700e+00  -9.5062400e-01  -9.5062400e-01  -1.0006444e+00
   6.3200000e+00  -1.4881200e+00  -1.3193600e+00  -1.3193600e+00  -1.3470590e+00
   6.3300000e+00  -1.7569400e+00  -1.6197700e+00  -1.6197700e+00  -1.6210761e+00
   6.3400000e+00  -1.8989400e+00  -1.8125700e+00  -1.8125700e+00  -1.7935938e+00
   6.3500000e+00  -1.9034500e+00  -1.8716200e+00  -1.8716200e+00  -1.8437310e+00
   6.3600000e+00  -1.7857200e+00  -1.7988000e+00  -1.7988000e+00  -1.7704796e+00
   6.3700000e+00  -1.5704300e+00  -1.6168100e+00  -1.6168100e+00  -1.5883258e+00
   6.3800000e+00  -1.2733100e+00  -1.3492500e+00  -1.3492500e+00  -1.3145912e+00
   6.3900000e+00  -8.9704200e-01  -1.0054700e+00  -1.0054700e+00  -9.5921164e-01
   6.4000000e+00  -4.4496500e-01  -5.8610200e-01  -5.8610200e-01  -5.2819198e-01
   6.4100000e+00   6.0048200e-02  -1.0514700e-01  -1.0514700e-01  -3.9919612e-02
   6.4200000e+00   5.7581400e-01   3.9995200e-01   3.9995200e-01   4.6779776e-01
   6.4300000e+00   1.0626500e+00   8.8484000e-01   8.8484000e-01   9.5152239e-01
   6.4400000e+00   1.4986300e+00   1.3203700e+00   1.3203700e+00   1.3801467e+00
   6.4500000e+00   1.8693700e+00   1.6945100e+00   1.6945100e+00   1.7382661e+00
   6.4600000e+00   2.1483400e+00   1.9926700e+00   1.9926700e+00   2.0124708e+00
   6.4700000e+00   2.2975000e+00   2.1839200e+00   2.1839200e+00   2.1794749e+00
   6.4800000e+00   2.2881900e+00   2.2324000e+00   2.2324000e+00   2.2124526e+00
   6.4900000e+00   2.1190900e+00   2.1201900e+00   2.1201900e+00   2.0967174e+00
   6.5000000e+00   1.8161000e+00   1.8597400e+00   1.8597400e+00   1.8390338e+00
   6.5100000e+00   1.4157900e+00   1.4870500e+00   1.4870500e+00   1.4649543e+00
   6.5200000e+00   9.4713200e-01   1.0416300e+00   1.0416300e+00   1.0078326e+00
   6.5300000e+00   4.2714900e-01   5.5011900e-01   5.5011900e-01   4.9806479e-01
   6.5400000e+00  -1.2550500e-01   2.9102800e-02   2.9102800e-02  -3.7720201e-02
   6.5500000e+00  -6.7745300e-01  -4.9873400e-01  -4.9873400e-01  -5.7020737e-01
   6.5600000e+00  -1.1862200e+00  -9.9820900e-01  -9.9820900e-01  -1.0654885e+00
   6.5700000e+00  -1.6198800e+00  -1.4342300e+00  -1.4342300e+00  -1.4924786e+00
   6.5800000e+00  -1.9670100e+00  -1.7892100e+00  -1.7892100e+00  -1.8340658e+00
   6.5900000e+00  -2.2230200e+00  -2.0608200e+00  -2.0608200e+00  -2.0865859e+00
   6.6000000e+00  -2.3732300e+00  -2.2425000e+00  -2.2425000e+00  -2.2457320e+00
   6.6100000e+00  -2.3956900e+00  -2.3143500e+00  -2.3143500e+00  -2.2985977e+00
   6.6200000e+00  -2.2790000e+00  -2.2553600e+00  -2.2553600e+00  -2.2309407e+00
   6.6300000e+00  -2.0361100e+00  -2.0629400e+00  -2.0629400e+00  -2.0399050e+00
   6.6400000e+00  -1.7019200e+00  -1.7615100e+00  -1.7615100e+00  -1.7411992e+00
   6.6500000e+00  -1.3143100e+00  -1.3919100e+00  -1.3919100e+00  -1.3645655e+00
   6.6600000e+00  -8.9264600e-01  -9.8839600e-01  -9.8839600e-01  -9.4105525e-01
   6.6700000e+00  -4.3768000e-01  -5.6329400e-01  -5.6329400e-01  -4.9288347e-01
   6.6800000e+00   4.7625700e-02  -1.1446700e-01  -1.1446700e-01  -3.2181609e-02
   6.6900000e+00   5.3855600e-01   3.5049500e-01   3.5049500e-01   4.2842401e-01
   6.7000000e+00   9.9277000e-01   7.9975800e-01   7.9975800e-01   8.6351219e-01
   6.7100000e+00   1.3754900e+00   1.1941300e+00   1.1941300e+00   1.2418031e+00
   6.7200000e+00   1.6693600e+00   1.5092600e+00   1.5092600e+00   1.5404855e+00
   6.7300000e+00   1.8608500e+00   1.7305500e+00   1.7305500e+00   1.7433637e+00
   6.7400000e+00   1.9315600e+00   1.8410700e+00   1.8410700e+00   1.8351817e+00
   6.7500000e+00   1.8683100e+00   1.8261900e+00   1.8261900e+00   1.8068282e+00
   6.7600000e+00   1.6800400e+00   1.6871800e+00   1.6871800e+00   1.6634766e+00
   6.7700000e+00   1.4033900e+00   1.4494100e+00   1.4494100e+00   1.4266730e+00
   6.7800000e+00   1.0928600e+00   1.1608300e+00   1.1608300e+00   1.1335484e+00
   6.7900000e+00   7.9369000e-01   8.7432800e-01   8.7432800e-01   8.2912019e-01
   6.8000000e+00   5.1544400e-01   6.1703000e-01   6.1703000e-01   5.4648394e-01
   6.8100000e+00   2.4063700e-01   3.7951000e-01   3.7951000e-01   2.9203475e-01
   6.8200000e+00  -4.2284000e-02   1.3797300e-01   1.3797300e-01   5.1709599e-02
   6.8300000e+00  -3.1898400e-01  -1.1676400e-01  -1.1676400e-01  -1.8760054e-01
   6.8400000e+00  -5.6015200e-01  -3.6686800e-01  -3.6686800e-01  -4.1831126e-01
   6.8500000e+00  -7.4361300e-01  -5.7965800e-01  -5.7965800e-01  -6.1310237e-01
   6.8600000e+00  -8.5688800e-01  -7.2904900e-01  -7.2904900e-01  -7.4485787e-01
   6.8700000e+00  -8.8878400e-01  -8.0065900e-01  -8.0065900e-01  -7.9925820e-01
   6.8800000e+00  -8.3240000e-01  -7.8914900e-01  -7.8914900e-01  -7.7478685e-01
   6.8900000e+00  -7.0043700e-01  -7.0356700e-01  -7.0356700e-01  -6.8257972e-01
   6.9000000e+00  -5.3520400e-01  -5.7433800e-01  -5.7433800e-01  -5.4784878e-01
   6.9100000e+00  -3.8749800e-01  -4.4532200e-01  -4.4532200e-01  -4.0527077e-01
   6.9200000e+00  -2.7539800e-01  -3.4650200e-01  -3.4650200e-01  -2.8286490e-01
   6.9300000e+00  -1.7193300e-01  -2.7051000e-01  -2.7051000e-01  -1.8311361e-01
   6.9400000e+00  -3.4004500e-02  -1.7762900e-01  -1.7762900e-01  -7.8843469e-02
   6.9500000e+00   1.6000700e-01  -2.7544900e-02  -2.7544900e-02   6.6709500e-02
   6.9600000e+00   3.9442400e-01   1.8966100e-01   1.8966100e-01   2.6886841e-01
   6.9700000e+00   6.3103100e-01   4.4374800e-01   4.4374800e-01   5.0377830e-01
   6.9800000e+00   8.3498300e-01   6.8421500e-01   6.8421500e-01   7.2387132e-01
   6.9900000e+00   9.8433600e-01   8.7334600e-01   8.7334600e-01   8.9274653e-01
   7.0000000e+00   1.0684500e+00   9.9751100e-01   9.9751100e-01   9.9974852e-01
   7.0100000e+00   1.0891300e+00   1.0595300e+00   1.0595300e+00   1.0504527e+00
   7.0200000e+00   1.0640100e+00   1.0726700e+00   1.0726700e+00   1.0561295e+00
   7.0300000e+00   1.0231200e+00   1.0580900e+00   1.0580900e+00   1.0310283e+00
   7.0400000e+00   9.8528600e-01   1.0337700e+00   1.0337700e+00   9.8783157e-01
   7.0500000e+00   9.3221400e-01   9.9523100e-01   9.9523100e-01   9.2512301e-01
   7.0600000e+00   8.1462000e-01   9.0910100e-01   9.0910100e-01   8.1795510e-01
   7.0700000e+00   5.8831500e-01   7.3215400e-01   7.3215400e-01   6.2913304e-01
   7.0800000e+00   2.4600200e-01   4.3977100e-01   4.3977100e-01   3.3597449e-01
   7.0900000e+00  -1.7561800e-01   4.2327700e-02   4.2327700e-02  -5.0724132e-02
   7.1000000e+00  -6.1062400e-01  -4.0721000e-01  -4.0721000e-01  -4.7909927e-01
   7.1100000e+00  -9.9034600e-01  -8.2743000e-01  -8.2743000e-01  -8.7277851e-01
   7.1200000e+00  -1.2652800e+00  -1.1502000e+00  -1.1502000e+00  -1.1713485e+00
   7.1300000e+00  -1.4165500e+00  -1.3477900e+00  -1.3477900e+00  -1.3522342e+00
   7.1400000e+00  -1.4555900e+00  -1.4283300e+00  -1.4283300e+00  -1.4226987e+00
   7.1500000e+00  -1.4111700e+00  -1.4167600e+00  -1.4167600e+00  -1.4019275e+00
   7.1600000e+00  -1.3092600e+00  -1.3348000e+00  -1.3348000e+00  -1.3058026e+00
   7.1700000e+00  -1.1572700e+00  -1.1927000e+00  -1.1927000e+00  -1.1433366e+00
   7.1800000e+00  -9.4400400e-01  -9.9229200e-01  -9.9229200e-01  -9.2001831e-01
   7.1900000e+00  -6.5014100e-01  -7.2860500e-01  -7.2860500e-01  -6.3523523e-01
   7.2000000e+00  -2.6236300e-01  -3.9124000e-01  -3.9124000e-01  -2.8142532e-01
   7.2100000e+00   2.1082700e-01   2.5874700e-02   2.5874700e-02   1.4353273e-01
   7.2200000e+00   7.2376500e-01   5.0489500e-01   5.0489500e-01   6.1542713e-01
   7.2300000e+00   1.2014500e+00   9.8987200e-01   9.8987200e-01   1.0765450e+00
   7.2400000e+00   1.5782600e+00   1.4076800e+00   1.4076800e+00   1.4627347e+00
   7.2500000e+00   1.8243900e+00   1.7080900e+00   1.7080900e+00   1.7363425e+00
   7.2600000e+00   1.9471200e+00   1.8820000e+00   1.8820000e+00   1.8943422e+00
   7.2700000e+00   1.9812400e+00   1.9553700e+00   1.9553700e+00   1.9597227e+00
   7.2800000e+00   1.9664500e+00   1.9661300e+00   1.9661300e+00   1.9624648e+00
   7.2900000e+00   1.9208800e+00   1.9353000e+00   1.9353000e+00   1.9175822e+00
   7.3000000e+00   1.8321800e+00   1.8561900e+00   1.8561900e+00   1.8182292e+00
   7.3100000e+00   1.6726000e+00   1.7085500e+00   1.7085500e+00   1.6475247e+00
   7.3200000e+00   1.4169700e+00   1.4758500e+00   1.4758500e+00   1.3916460e+00
   7.3300000e+00   1.0504600e+00   1.1498200e+00   1.1498200e+00   1.0440938e+00
   7.3400000e+00   5.7360400e-01   7.2870400e-01   7.2870400e-01   6.0696255e-01
   7.3500000e+00   1.0073300e-02   2.1951400e-01   2.1951400e-01   9.4343695e-02
   7.3600000e+00  -5.8242200e-01  -3.4794900e-01  -3.4794900e-01  -4.5801861e-01
   7.3700000e+00  -1.1188600e+00  -9.0621300e-01  -9.0621300e-01  -9.8576271e-01
   7.3800000e+00  -1.5262800e+00  -1.3707400e+00  -1.3707400e+00  -1.4174653e+00
   7.3900000e+00  -1.7798100e+00  -1.6888800e+00  -1.6888800e+00  -1.7128145e+00
   7.4000000e+00  -1.9016800e+00  -1.8602900e+00  -1.8602900e+00  -1.8728399e+00
   7.4100000e+00  -1.9340200e+00  -1.9191300e+00  -1.9191300e+00  -1.9228282e+00
   7.4200000e+00  -1.9050400e+00  -1.9017300e+00  -1.9017300e+00  -1.8890977e+00
   7.4300000e+00  -1.8093700e+00  -1.8176500e+00  -1.8176500e+00  -1.7792561e+00
   7.4400000e+00  -1.6240400e+00  -1.6520500e+00  -1.6520500e+00  -1.5846772e+00
   7.4500000e+00  -1.3376000e+00  -1.3933900e+00  -1.3933900e+00  -1.3005277e+00
   7.4600000e+00  -9.5776900e-01  -1.0491500e+00  -1.0491500e+00  -9.3622161e-01
   7.4700000e+00  -5.0279000e-01  -6.3989200e-01  -6.3989200e-01  -5.1186096e-01
   7.4800000e+00   2.1797200e-03  -1.8737500e-01  -1.8737500e-01  -5.2020474e-02
   7.4900000e+00   5.1200000e-01   2.8505800e-01   2.8505800e-01   4.1236096e-01
   7.5000000e+00   9.5544800e-01   7.3329800e-01   7.3329800e-01   8.3474068e-01
   7.5100000e+00   1.2641500e+00   1.0911600e+00   1.0911600e+00   1.1598497e+00
   7.5200000e+00   1.4099300e+00   1.3060800e+00   1.3060800e+00   1.3496465e+00
   7.5300000e+00   1.4179800e+00   1.3713400e+00   1.3713400e+00   1.4019100e+00
   7.5400000e+00   1.3461700e+00   1.3253300e+00   1.3253300e+00   1.3470945e+00
   7.5500000e+00   1.2419200e+00   1.2226500e+00   1.2226500e+00   1.2271724e+00
   7.5600000e+00   1.1135200e+00   1.0971400e+00   1.0971400e+00   1.0708363e+00
   7.5700000e+00   9.3935000e-01   9.4470000e-01   9.4470000e-01   8.8096107e-01
   7.5800000e+00   7.0040200e-01   7.4309100e-01   7.4309100e-01   6.4642630e-01
   7.5900000e+00   3.9870400e-01   4.8390300e-01   4.8390300e-01   3.6478564e-01
   7.6000000e+00   4.7008200e-02   1.7720300e-01   1.7720300e-01   4.6682012e-02
   7.6100000e+00  -3.3941900e-01  -1.6233300e-01  -1.6233300e-01  -2.9291434e-01
   7.6200000e+00  -7.2645700e-01  -5.1552300e-01  -5.1552300e-01  -6.3334322e-01
   7.6300000e+00  -1.0588200e+00  -8.4936100e-01  -8.4936100e-01  -9.4384096e-01
   7.6400000e+00  -1.2906800e+00  -1.1229000e+00  -1.1229000e+00  -1.1919493e+00
   7.6500000e+00  -1.4109900e+00  -1.3058200e+00  -1.3058200e+00  -1.3560258e+00
   7.6600000e+00  -1.4484900e+00  -1.3960200e+00  -1.3960200e+00  -1.4353328e+00
   7.6700000e+00  -1.4558400e+00  -1.4248900e+00  -1.4248900e+00  -1.4539560e+00
   7.6800000e+00  -1.4761500e+00  -1.4404100e+00  -1.4404100e+00  -1.4497536e+00
   7.6900000e+00  -1.5153700e+00  -1.4749000e+00  -1.4749000e+00  -1.4511444e+00
   7.7000000e+00  -1.5457900e+00  -1.5230700e+00  -1.5230700e+00  -1.4592312e+00
   7.7100000e+00  -1.5360300e+00  -1.5537400e+00  -1.5537400e+00  -1.4535180e+00
   7.7200000e+00  -1.4700000e+00  -1.5375300e+00  -1.5375300e+00  -1.4117057e+00
   7.7300000e+00  -1.3419500e+00  -1.4577800e+00  -1.4577800e+00  -1.3194269e+00
   7.7400000e+00  -1.1497500e+00  -1.3081900e+00  -1.3081900e+00  -1.1698706e+00
   7.7500000e+00  -9.0431900e-01  -1.0960800e+00  -1.0960800e+00  -9.6824361e-01
   7.7600000e+00  -6.4068000e-01  -8.4614900e-01  -8.4614900e-01  -7.3490383e-01
   7.7700000e+00  -4.0683700e-01  -5.9498800e-01  -5.9498800e-01  -5.0034617e-01
   7.7800000e+00  -2.3828800e-01  -3.8094500e-01  -3.8094500e-01  -2.9929069e-01
   7.7900000e+00  -1.3612900e-01  -2.2735500e-01  -2.2735500e-01  -1.5608156e-01
   7.8000000e+00  -6.6149000e-02  -1.2658400e-01  -1.2658400e-01  -6.8003283e-02
   7.8100000e+00   1.0090100e-02  -4.6757200e-02  -4.6757200e-02  -1.0021002e-02
   7.8200000e+00   1.0118800e-01   4.2177800e-02   4.2177800e-02   4.4329762e-02
   7.8300000e+00   1.8306800e-01   1.4511400e-01   1.4511400e-01   1.0395213e-01
   7.8400000e+00   2.2255300e-01   2.3682400e-01   2.3682400e-01   1.5295198e-01
   7.8500000e+00   2.0094700e-01   2.8074300e-01   2.8074300e-01   1.6401177e-01
   7.8600000e+00   1.1742000e-01   2.5460500e-01   2.5460500e-01   1.2052431e-01
   7.8700000e+00  -1.9483900e-02   1.5877500e-01   1.5877500e-01   2.3589726e-02
   7.8800000e+00  -1.9035100e-01   1.1524100e-02   1.1524100e-02  -1.1272711e-01
   7.8900000e+00  -3.6243300e-01  -1.5958500e-01  -1.5958500e-01  -2.6855303e-01
   7.9000000e+00  -5.0712800e-01  -3.2967200e-01  -3.2967200e-01  -4.2577228e-01
   7.9100000e+00  -6.2157000e-01  -4.8574900e-01  -4.8574900e-01  -5.7240289e-01
   7.9200000e+00  -7.3175600e-01  -6.3291600e-01  -6.3291600e-01  -7.0841472e-01
   7.9300000e+00  -8.7234700e-01  -7.9119300e-01  -7.9119300e-01  -8.4666681e-01
   7.9400000e+00  -1.0569600e+00  -9.7909800e-01  -9.7909800e-01  -1.0022830e+00
   7.9500000e+00  -1.2649100e+00  -1.1962100e+00  -1.1962100e+00  -1.1783494e+00
   7.9600000e+00  -1.4512100e+00  -1.4143900e+00  -1.4143900e+00  -1.3542734e+00
   7.9700000e+00  -1.5701800e+00  -1.5867400e+00  -1.5867400e+00  -1.4894719e+00
   7.9800000e+00  -1.5886900e+00  -1.6664000e+00  -1.6664000e+00  -1.5407763e+00
   7.9900000e+00  -1.4873200e+00  -1.6216000e+00  -1.6216000e+00  -1.4792847e+00
   8.0000000e+00  -1.2672300e+00  -1.4461600e+00  -1.4461600e+00  -1.3006590e+00
   8.0100000e+00  -9.5477500e-01  -1.1602600e+00  -1.1602600e+00  -1.0237713e+00
   8.0200000e+00  -5.9957400e-01  -8.0737600e-01  -8.0737600e-01  -6.8580536e-01
   8.0300000e+00  -2.5565000e-01  -4.4376200e-01  -4.4376200e-01  -3.3361170e-01
   8.0400000e+00   5.3720200e-02  -1.0750200e-01  -1.0750200e-01  -9.0592420e-04
   8.0500000e+00   3.3871900e-01   1.9856100e-01   1.9856100e-01   3.0217661e-01
   8.0600000e+00   6.1009800e-01   4.8497000e-01   4.8497000e-01   5.7346776e-01
   8.0700000e+00   8.6679200e-01   7.5860200e-01   7.5860200e-01   8.1432410e-01
   8.0800000e+00   1.1077200e+00   1.0249500e+00   1.0249500e+00   1.0362072e+00
   8.0900000e+00   1.3335500e+00   1.2864400e+00   1.2864400e+00   1.2521180e+00
   8.1000000e+00   1.5407700e+00   1.5403600e+00   1.5403600e+00   1.4655158e+00
   8.1100000e+00   1.7194600e+00   1.7778500e+00   1.7778500e+00   1.6684949e+00
   8.1200000e+00   1.8564900e+00   1.9833100e+00   1.9833100e+00   1.8468242e+00
   8.1300000e+00   1.9480300e+00   2.1401800e+00   2.1401800e+00   1.9888675e+00
   8.1400000e+00   2.0116600e+00   2.2448300e+00   2.2448300e+00   2.0951711e+00
   8.1500000e+00   2.0731500e+00   2.3092400e+00   2.3092400e+00   2.1739992e+00
   8.1600000e+00   2.1315500e+00   2.3415100e+00   2.3415100e+00   2.2210505e+00
   8.1700000e+00   2.1493400e+00   2.3298800e+00   2.3298800e+00   2.2131244e+00
   8.1800000e+00   2.0722400e+00   2.2388600e+00   2.2388600e+00   2.1160643e+00
   8.1900000e+00   1.8572800e+00   2.0247200e+00   2.0247200e+00   1.9000584e+00
   8.2000000e+00   1.4964600e+00   1.6657200e+00   1.6657200e+00   1.5576980e+00
   8.2100000e+00   1.0151500e+00   1.1726300e+00   1.1726300e+00   1.1031341e+00
   8.2200000e+00   4.6195900e-01   5.8565700e-01   5.8565700e-01   5.6773598e-01
   8.2300000e+00  -9.6005400e-02  -2.7895900e-02  -2.7895900e-02   5.4014520e-03
   8.2400000e+00  -5.9103800e-01  -5.9218800e-01  -5.9218800e-01  -5.1671391e-01
   8.2500000e+00  -9.7503600e-01  -1.0497200e+00  -1.0497200e+00  -9.4247778e-01
   8.2600000e+00  -1.2252600e+00  -1.3702100e+00  -1.3702100e+00  -1.2410860e+00
   8.2700000e+00  -1.3515900e+00  -1.5525800e+00  -1.5525800e+00  -1.4123823e+00
   8.2800000e+00  -1.4003100e+00  -1.6266800e+00  -1.6266800e+00  -1.4865550e+00
   8.2900000e+00  -1.4250300e+00  -1.6399500e+00  -1.6399500e+00  -1.5063684e+00
   8.3000000e+00  -1.4428700e+00  -1.6312800e+00  -1.6312800e+00  -1.5002985e+00
   8.3100000e+00  -1.4292600e+00  -1.6072200e+00  -1.6072200e+00  -1.4687585e+00
   8.3200000e+00  -1.3535300e+00  -1.5447700e+00  -1.5447700e+00  -1.3964178e+00
   8.3300000e+00  -1.2084000e+00  -1.4198400e+00  -1.4198400e+00  -1.2746168e+00
   8.3400000e+00  -1.0141200e+00  -1.2305900e+00  -1.2305900e+00  -1.1109376e+00
   8.3500000e+00  -8.0761200e-01  -9.9888800e-01  -9.9888800e-01  -9.2445977e-01
   8.3600000e+00  -6.2869400e-01  -7.6048400e-01  -7.6048400e-01  -7.3963803e-01
   8.3700000e+00  -5.0324000e-01  -5.5127600e-01  -5.5127600e-01  -5.8042060e-01
   8.3800000e+00  -4.2504200e-01  -3.8388600e-01  -3.8388600e-01  -4.5316292e-01
   8.3900000e+00  -3.6644000e-01  -2.4731300e-01  -2.4731300e-01  -3.4579135e-01
   8.4000000e+00  -3.0092400e-01  -1.2770800e-01  -1.2770800e-01  -2.4462894e-01
   8.4100000e+00  -2.0363100e-01  -7.2857300e-03  -7.2857300e-03  -1.3284938e-01
   8.4200000e+00  -6.0281500e-02   1.3304100e-01   1.3304100e-01   4.7072649e-03
   8.4300000e+00   1.1055400e-01   2.9242800e-01   2.9242800e-01   1.6021270e-01
   8.4400000e+00   2.5566300e-01   4.3755700e-01   4.3755700e-01   2.9571281e-01
   8.4500000e+00   3.1574600e-01   5.1644400e-01   5.1644400e-01   3.6307432e-01
   8.4600000e+00   2.6599000e-01   4.9438900e-01   4.9438900e-01   3.3858800e-01
   8.4700000e+00   1.3083700e-01   3.7357600e-01   3.7357600e-01   2.3534789e-01
   8.4800000e+00  -3.0437000e-02   1.9117800e-01   1.9117800e-01   9.3608240e-02
   8.4900000e+00  -1.4902600e-01   1.0679200e-02   1.0679200e-02  -3.2426480e-02
   8.5000000e+00  -1.7699400e-01  -1.0675400e-01  -1.0675400e-01  -9.6527684e-02
   8.5100000e+00  -1.1441900e-01  -1.4014900e-01  -1.4014900e-01  -8.6435337e-02
   8.5200000e+00  -1.5397900e-02  -1.2280500e-01  -1.2280500e-01  -3.7337477e-02
   8.5300000e+00   4.7441700e-02  -1.1338900e-01  -1.1338900e-01  -8.1195795e-03
   8.5400000e+00   2.8214300e-02  -1.5336100e-01  -1.5336100e-01  -3.8861493e-02
   8.5500000e+00  -7.9977600e-02  -2.5813500e-01  -2.5813500e-01  -1.3929405e-01
   8.5600000e+00  -2.4566400e-01  -4.1906900e-01  -4.1906900e-01  -2.9097281e-01
   8.5700000e+00  -4.0382600e-01  -5.9347500e-01  -5.9347500e-01  -4.4525391e-01
   8.5800000e+00  -4.9279500e-01  -7.2160100e-01  -7.2160100e-01  -5.4938701e-01
   8.5900000e+00  -4.9780000e-01  -7.6683200e-01  -7.6683200e-01  -5.8380231e-01
   8.6000000e+00  -4.5950900e-01  -7.3539000e-01  -7.3539000e-01  -5.7114773e-01
   8.6100000e+00  -4.4557600e-01  -6.7447700e-01  -6.7447700e-01  -5.6086418e-01
   8.6200000e+00  -5.0457400e-01  -6.4627200e-01  -6.4627200e-01  -5.9637912e-01
   8.6300000e+00  -6.3705200e-01  -6.7954700e-01  -6.7954700e-01  -6.8409959e-01
   8.6400000e+00  -8.0062100e-01  -7.5161400e-01  -7.5161400e-01  -7.9518132e-01
   8.6500000e+00  -9.3869200e-01  -8.1864500e-01  -8.1864500e-01  -8.9121851e-01
   8.6600000e+00  -1.0064400e+00  -8.4677400e-01  -8.4677400e-01  -9.4116350e-01
   8.6700000e+00  -9.8241800e-01  -8.1610000e-01  -8.1610000e-01  -9.2392551e-01
   8.6800000e+00  -8.7713800e-01  -7.1997300e-01  -7.1997300e-01  -8.3601158e-01
   8.6900000e+00  -7.3929900e-01  -5.7715000e-01  -5.7715000e-01  -7.0681663e-01
   8.7000000e+00  -6.3988700e-01  -4.4074400e-01  -4.4074400e-01  -5.9718968e-01
   8.7100000e+00  -6.2637400e-01  -3.7288000e-01  -3.7288000e-01  -5.6057286e-01
   8.7200000e+00  -6.8757400e-01  -3.9742000e-01  -3.9742000e-01  -5.9820459e-01
   8.7300000e+00  -7.5894100e-01  -4.7701300e-01  -4.7701300e-01  -6.5354962e-01
   8.7400000e+00  -7.5582600e-01  -5.2731300e-01  -5.2731300e-01  -6.4568639e-01
   8.7500000e+00  -6.1913600e-01  -4.6899000e-01  -4.6899000e-01  -5.2099163e-01
   8.7600000e+00  -3.3805100e-01  -2.7564300e-01  -2.7564300e-01  -2.7582442e-01
   8.7700000e+00   5.6862400e-02   2.9165400e-02   2.9165400e-02   6.3701170e-02
   8.7800000e+00   4.9551700e-01   3.9040300e-01   3.9040300e-01   4.5167113e-01
   8.7900000e+00   8.8400300e-01   7.3651000e-01   7.3651000e-01   8.2154121e-01
   8.8000000e+00   1.1532700e+00   1.0052600e+00   1.0052600e+00   1.1095228e+00
