   1.0000000e-08   0.0000000e+00  -0.0000000e+00
   1.0000010e-02   1.0767000e-02   1.1591689e-02
   2.0000010e-02   2.5590000e-02   2.7535106e-02
   3.0000010e-02  -9.4760000e-03  -1.0237680e-02
   4.0000010e-02  -1.1576300e-01  -1.2473434e-01
   5.0000010e-02  -2.3223900e-01  -2.5015350e-01
   6.0000010e-02  -2.9968100e-01  -3.2278184e-01
   7.0000010e-02  -3.3135100e-01  -3.5691101e-01
   8.0000010e-02  -3.6392000e-01  -3.9201194e-01
   9.0000010e-02  -3.8295500e-01  -4.1250865e-01
   1.0000001e-01  -3.4427100e-01  -3.7081170e-01
   1.1000001e-01  -2.3717300e-01  -2.5540291e-01
   1.2000001e-01  -1.0237200e-01  -1.1025512e-01
   1.3000001e-01   6.1530000e-03   6.6640322e-03
   1.4000001e-01   8.4303000e-02   9.0780264e-02
   1.5000001e-01   1.7165400e-01   1.8475001e-01
   1.6000001e-01   2.7439500e-01   2.9539106e-01
   1.7000001e-01   3.5093500e-01   3.7789747e-01
   1.8000001e-01   3.7632600e-01   4.0532200e-01
   1.9000001e-01   3.8694500e-01   4.1674938e-01
   2.0000001e-01   4.3649400e-01   4.7003169e-01
   2.1000001e-01   5.0983400e-01   5.4899482e-01
   2.2000001e-01   5.3542400e-01   5.7654264e-01
   2.3000001e-01   4.8058200e-01   5.1744633e-01
   2.4000001e-01   3.7762000e-01   4.0652400e-01
   2.5000001e-01   2.6173700e-01   2.8173243e-01
   2.6000001e-01   1.2764700e-01   1.3745781e-01
   2.7000001e-01  -2.6038000e-02  -2.8012750e-02
   2.8000001e-01  -1.4614800e-01  -1.5750589e-01
   2.9000001e-01  -1.7983300e-01  -1.9381748e-01
   3.0000001e-01  -1.5679900e-01  -1.6903406e-01
   3.1000001e-01  -1.6112400e-01  -1.7363617e-01
   3.2000001e-01  -2.2835500e-01  -2.4589054e-01
   3.3000001e-01  -3.0642500e-01  -3.2985556e-01
   3.4000001e-01  -3.2744000e-01  -3.5246644e-01
   3.5000001e-01  -2.8851900e-01  -3.1055316e-01
   3.6000001e-01  -2.2775000e-01  -2.4515667e-01
   3.7000001e-01  -1.4973700e-01  -1.6122938e-01
   3.8000001e-01  -3.6827000e-02  -3.9642188e-02
   3.9000001e-01   7.4819000e-02   8.0575458e-02
   4.0000001e-01   1.0740700e-01   1.1584933e-01
   4.1000001e-01   5.5569000e-02   6.0068848e-02
   4.2000001e-01   1.9949000e-02   2.1725364e-02
   4.3000001e-01   8.5514000e-02   9.2195443e-02
   4.4000001e-01   2.1645200e-01   2.3310229e-01
   4.5000001e-01   3.1716800e-01   3.4143931e-01
   4.6000001e-01   3.5233400e-01   3.7928249e-01
   4.7000001e-01   3.4118000e-01   3.6729639e-01
   4.8000001e-01   2.7732200e-01   2.9858223e-01
   4.9000001e-01   1.3798000e-01   1.4859825e-01
   5.0000001e-01  -4.3168000e-02  -4.6469592e-02
   5.1000001e-01  -1.8271800e-01  -1.9690803e-01
   5.2000001e-01  -2.4127700e-01  -2.5997264e-01
   5.3000001e-01  -2.6479700e-01  -2.8530931e-01
   5.4000001e-01  -3.1980800e-01  -3.4451417e-01
   5.5000001e-01  -4.2086900e-01  -4.5321564e-01
   5.6000001e-01  -5.2689200e-01  -5.6737973e-01
   5.7000001e-01  -5.8508300e-01  -6.3006628e-01
   5.8000001e-01  -5.7128800e-01  -6.1519244e-01
   5.9000001e-01  -4.9424900e-01  -5.3221052e-01
   6.0000001e-01  -3.7202600e-01  -4.0069599e-01
   6.1000001e-01  -2.2443600e-01  -2.4176717e-01
   6.2000001e-01  -8.6811000e-02  -9.3500703e-02
   6.3000001e-01   3.0360000e-03   3.3956677e-03
   6.4000001e-01   4.6375000e-02   5.0106479e-02
   6.5000001e-01   9.6061000e-02   1.0357691e-01
   6.6000001e-01   2.0368200e-01   2.1930588e-01
   6.7000001e-01   3.4504700e-01   3.7141068e-01
   6.8000001e-01   4.3758600e-01   4.7103798e-01
   6.9000001e-01   4.4963900e-01   4.8400352e-01
   7.0000001e-01   4.2402500e-01   4.5653891e-01
   7.1000001e-01   3.8466900e-01   4.1416290e-01
   7.2000001e-01   3.0572100e-01   3.2914790e-01
   7.3000001e-01   1.7847600e-01   1.9203369e-01
   7.4000001e-01   5.2742000e-02   5.6535682e-02
   7.5000001e-01  -1.1129000e-02  -1.2264593e-02
   7.6000001e-01  -2.9818000e-02  -3.2429660e-02
   7.7000001e-01  -8.2889000e-02  -8.9336207e-02
   7.8000001e-01  -1.9070800e-01  -2.0542002e-01
   7.9000001e-01  -2.7830900e-01  -2.9975177e-01
   8.0000001e-01  -2.7776300e-01  -2.9916882e-01
   8.1000001e-01  -2.1176000e-01  -2.2812780e-01
   8.2000001e-01  -1.5433800e-01  -1.6629324e-01
   8.3000001e-01  -1.3979800e-01  -1.5062767e-01
   8.4000001e-01  -1.4389600e-01  -1.5498984e-01
   8.5000001e-01  -1.4152200e-01  -1.5240904e-01
   8.6000001e-01  -1.4134100e-01  -1.5222811e-01
   8.7000001e-01  -1.4662100e-01  -1.5791933e-01
   8.8000001e-01  -1.1971600e-01  -1.2897575e-01
   8.9000001e-01  -3.0289000e-02  -3.2717948e-02
   9.0000001e-01   7.9858000e-02   8.5879697e-02
   9.1000001e-01   1.2382600e-01   1.3326951e-01
   9.2000001e-01   6.6725000e-02   7.1798413e-02
   9.3000001e-01  -3.4790000e-02  -3.7465334e-02
   9.4000001e-01  -1.0522900e-01  -1.1332922e-01
   9.5000001e-01  -1.2904800e-01  -1.3901571e-01
   9.6000001e-01  -1.3328600e-01  -1.4366053e-01
   9.7000001e-01  -1.2573400e-01  -1.3556856e-01
   9.8000001e-01  -9.3650000e-02  -1.0099735e-01
   9.9000001e-01  -5.5582000e-02  -5.9935349e-02
   1.0000000e+00  -5.8842000e-02  -6.3272768e-02
   1.0100000e+00  -9.7217000e-02  -1.0453962e-01
   1.0200000e+00  -8.5820000e-02  -9.2286499e-02
   1.0300000e+00   3.9464000e-02   4.2484441e-02
   1.0400000e+00   2.3658800e-01   2.5470558e-01
   1.0500000e+00   3.9701600e-01   4.2749761e-01
   1.0600000e+00   4.5698100e-01   4.9206296e-01
   1.0700000e+00   4.4484700e-01   4.7902239e-01
   1.0800000e+00   4.0898400e-01   4.4043312e-01
   1.0900000e+00   3.5370300e-01   3.8091027e-01
   1.1000000e+00   2.7953400e-01   3.0102856e-01
   1.1100000e+00   2.2466000e-01   2.4167765e-01
   1.1200000e+00   2.1490400e-01   2.3108178e-01
   1.1300000e+00   1.8960300e-01   2.0386231e-01
   1.1400000e+00   4.0561000e-02   4.3551179e-02
   1.1500000e+00  -2.4681500e-01  -2.6580768e-01
   1.1600000e+00  -5.4734200e-01  -5.8947291e-01
   1.1700000e+00  -7.0353500e-01  -7.5770659e-01
   1.1800000e+00  -6.6246300e-01  -7.1352644e-01
   1.1900000e+00  -5.1927300e-01  -5.5938671e-01
   1.2000000e+00  -3.9522200e-01  -4.2582963e-01
   1.2100000e+00  -3.1153600e-01  -3.3570218e-01
   1.2200000e+00  -2.4377700e-01  -2.6257446e-01
   1.2300000e+00  -2.0983100e-01  -2.2612715e-01
   1.2400000e+00  -2.1439400e-01  -2.3103995e-01
   1.2500000e+00  -1.5219400e-01  -1.6380587e-01
   1.2600000e+00   1.1672800e-01   1.2560452e-01
   1.2700000e+00   5.5466400e-01   5.9707056e-01
   1.2800000e+00   9.2244900e-01   9.9323693e-01
   1.2900000e+00   1.0341150e+00   1.1135309e+00
   1.3000000e+00   9.3819200e-01   1.0103373e+00
   1.3100000e+00   8.0357700e-01   8.6544817e-01
   1.3200000e+00   7.0196100e-01   7.5605083e-01
   1.3300000e+00   6.1580200e-01   6.6316605e-01
   1.3400000e+00   5.6847900e-01   6.1220084e-01
   1.3500000e+00   5.7944200e-01   6.2400643e-01
   1.3600000e+00   5.3715900e-01   5.7847460e-01
   1.3700000e+00   2.9047800e-01   3.1282291e-01
   1.3800000e+00  -1.4742300e-01  -1.5869853e-01
   1.3900000e+00  -5.9078400e-01  -6.3609068e-01
   1.4000000e+00  -8.5725000e-01  -9.2457878e-01
   1.4100000e+00  -9.0449100e-01  -9.7699842e-01
   1.4200000e+00  -8.2195200e-01  -8.8746092e-01
   1.4300000e+00  -7.1505400e-01  -7.7057066e-01
   1.4400000e+00  -6.4532700e-01  -6.9505126e-01
   1.4500000e+00  -6.6175200e-01  -7.1256067e-01
   1.4600000e+00  -7.7929900e-01  -8.1673862e-01
   1.4700000e+00  -8.7696700e-01  -9.4440744e-01
   1.4800000e+00  -7.5787000e-01  -8.1616028e-01
   1.4900000e+00  -3.5811300e-01  -3.8569725e-01
   1.5000000e+00   1.6619900e-01   1.7888664e-01
   1.5100000e+00   5.9698000e-01   6.4278134e-01
   1.5200000e+00   8.4920300e-01   9.1437703e-01
   1.5300000e+00   9.6641300e-01   1.0405921e+00
   1.5400000e+00   1.0069510e+00   1.0842593e+00
   1.5500000e+00   1.0100970e+00   1.0879176e+00
   1.5600000e+00   1.0299590e+00   1.1090574e+00
   1.5700000e+00   1.1160160e+00   1.2024079e+00
   1.5800000e+00   1.2055400e+00   1.2981388e+00
   1.5900000e+00   1.1157430e+00   1.2014506e+00
   1.6000000e+00   7.2739400e-01   7.8326696e-01
   1.6100000e+00   1.3969500e-01   1.5041698e-01
   1.6200000e+00  -4.1125900e-01  -4.4286578e-01
   1.6300000e+00  -7.6640600e-01  -8.2529517e-01
   1.6400000e+00  -9.3417100e-01  -1.0059501e+00
   1.6500000e+00  -1.0059150e+00  -1.0832117e+00
   1.6600000e+00  -1.0503990e+00  -1.1303493e+00
   1.6700000e+00  -1.1067740e+00  -1.1919219e+00
   1.6800000e+00  -1.2251270e+00  -1.3188636e+00
   1.6900000e+00  -1.3963970e+00  -1.4857174e+00
   1.7000000e+00  -1.4520710e+00  -1.5465922e+00
   1.7100000e+00  -1.2048440e+00  -1.2903259e+00
   1.7200000e+00  -6.8211200e-01  -7.3472444e-01
   1.7300000e+00  -1.0233400e-01  -1.1040545e-01
   1.7400000e+00   3.4518500e-01   3.7149486e-01
   1.7500000e+00   6.1940700e-01   6.6678414e-01
   1.7600000e+00   7.6989400e-01   8.2883174e-01
   1.7700000e+00   8.5246900e-01   9.1775066e-01
   1.7800000e+00   9.3803400e-01   1.0131622e+00
   1.7900000e+00   1.0976680e+00   1.1816149e+00
   1.8000000e+00   1.3339650e+00   1.4362916e+00
   1.8100000e+00   1.5457500e+00   1.6598984e+00
   1.8200000e+00   1.5633570e+00   1.6808253e+00
   1.8300000e+00   1.2895160e+00   1.3895748e+00
   1.8400000e+00   8.1392400e-01   8.7642040e-01
   1.8500000e+00   3.2419700e-01   3.4900436e-01
   1.8600000e+00  -5.2466000e-02  -5.6596701e-02
   1.8700000e+00  -3.0428900e-01  -3.2776609e-01
   1.8800000e+00  -4.8935600e-01  -5.2705082e-01
   1.8900000e+00  -6.8286800e-01  -7.3542978e-01
   1.9000000e+00  -9.3591100e-01  -1.0098701e+00
   1.9100000e+00  -1.2356910e+00  -1.3306160e+00
   1.9200000e+00  -1.4825380e+00  -1.5965242e+00
   1.9300000e+00  -1.5259650e+00  -1.6433051e+00
   1.9400000e+00  -1.2835940e+00  -1.3823534e+00
   1.9500000e+00  -8.4813400e-01  -9.1350748e-01
   1.9600000e+00  -4.1662300e-01  -4.4876223e-01
   1.9700000e+00  -1.0438700e-01  -1.1252972e-01
   1.9800000e+00   1.0534500e-01   1.1331528e-01
   1.9900000e+00   2.6966900e-01   2.9026351e-01
   2.0000000e+00   4.3439700e-01   4.6764759e-01
   2.0100000e+00   6.6243000e-01   7.1816458e-01
   2.0200000e+00   1.0118110e+00   1.0902502e+00
   2.0300000e+00   1.4258700e+00   1.5353129e+00
   2.0400000e+00   1.7046510e+00   1.8355296e+00
   2.0500000e+00   1.6683850e+00   1.7964840e+00
   2.0600000e+00   1.3502880e+00   1.4540132e+00
   2.0700000e+00   9.6277200e-01   1.0367220e+00
   2.0800000e+00   6.7334200e-01   7.2501920e-01
   2.0900000e+00   4.6388300e-01   4.9945144e-01
   2.1000000e+00   2.2977800e-01   2.4736161e-01
   2.1100000e+00  -5.1225000e-02  -5.5230317e-02
   2.1200000e+00  -3.5277400e-01  -3.7994553e-01
   2.1300000e+00  -7.1426100e-01  -7.7192296e-01
   2.1400000e+00  -1.1654810e+00  -1.2550207e+00
   2.1500000e+00  -1.5621260e+00  -1.6822371e+00
   2.1600000e+00  -1.6462530e+00  -1.7728351e+00
   2.1700000e+00  -1.3511850e+00  -1.4552524e+00
   2.1800000e+00  -9.1888600e-01  -9.8970748e-01
   2.1900000e+00  -6.1326900e-01  -6.6051400e-01
   2.2000000e+00  -4.4903900e-01  -4.8355751e-01
   2.2100000e+00  -3.0206100e-01  -3.2539296e-01
   2.2200000e+00  -1.2763400e-01  -1.3756618e-01
   2.2300000e+00   7.6503000e-02   8.2254588e-02
   2.2400000e+00   3.9377400e-01   4.2573339e-01
   2.2500000e+00   8.8136300e-01   9.4958472e-01
   2.2600000e+00   1.3850770e+00   1.4913439e+00
   2.2700000e+00   1.6175970e+00   1.7417734e+00
   2.2800000e+00   1.4568780e+00   1.5687785e+00
   2.2900000e+00   1.1025270e+00   1.1872408e+00
   2.3000000e+00   8.4967400e-01   9.1491792e-01
   2.3100000e+00   7.7480500e-01   8.3415744e-01
   2.3200000e+00   7.5461900e-01   8.1233734e-01
   2.3300000e+00   7.0399800e-01   7.5797834e-01
   2.3400000e+00   6.2434800e-01   6.7221096e-01
   2.3500000e+00   4.3177400e-01   4.6484256e-01
   2.3600000e+00  -3.1853000e-02  -3.4362657e-02
   2.3700000e+00  -7.2088800e-01  -7.7631211e-01
   2.3800000e+00  -1.2946750e+00  -1.3942842e+00
   2.3900000e+00  -1.4548020e+00  -1.5667893e+00
   2.4000000e+00  -1.2736830e+00  -1.3718578e+00
   2.4100000e+00  -1.0618570e+00  -1.1437331e+00
   2.4200000e+00  -9.8093200e-01  -1.0564136e+00
   2.4300000e+00  -9.4824500e-01  -1.0210345e+00
   2.4400000e+00  -8.6876700e-01  -9.3563124e-01
   2.4500000e+00  -7.4431000e-01  -8.0161256e-01
   2.4600000e+00  -5.3426700e-01  -5.7543297e-01
   2.4700000e+00  -1.0228900e-01  -1.1026762e-01
   2.4800000e+00   5.8710900e-01   6.3212362e-01
   2.4900000e+00   1.3103910e+00   1.4110157e+00
   2.5000000e+00   1.7391400e+00   1.8760099e+00
   2.5100000e+00   1.7529910e+00   1.8925650e+00
   2.5200000e+00   1.5377620e+00   1.6581210e+00
   2.5300000e+00   1.3621110e+00   1.4668187e+00
   2.5400000e+00   1.3227860e+00   1.4244697e+00
   2.5500000e+00   1.3389960e+00   1.4310244e+00
   2.5600000e+00   1.3043850e+00   1.4045660e+00
   2.5700000e+00   1.1795270e+00   1.2701156e+00
   2.5800000e+00   9.1329800e-01   9.8343320e-01
   2.5900000e+00   4.2765100e-01   4.6046944e-01
   2.6000000e+00  -2.3429700e-01  -2.5235468e-01
   2.6100000e+00  -8.0601900e-01  -8.6799958e-01
   2.6200000e+00  -1.0067060e+00  -1.0860359e+00
   2.6300000e+00  -8.8266800e-01  -9.5054123e-01
   2.6400000e+00  -7.5282800e-01  -8.1322187e-01
   2.6500000e+00  -8.4611900e-01  -9.1514558e-01
   2.6600000e+00  -1.1064620e+00  -1.1915470e+00
   2.6700000e+00  -1.3474060e+00  -1.4510013e+00
   2.6800000e+00  -1.4669450e+00  -1.5797245e+00
   2.6900000e+00  -1.3953290e+00  -1.5026068e+00
   2.7000000e+00  -9.9805600e-01  -1.0639686e+00
   2.7100000e+00  -2.6763300e-01  -2.8827740e-01
   2.7200000e+00   5.2383100e-01   5.6399359e-01
   2.7300000e+00   1.0031220e+00   1.0801072e+00
   2.7400000e+00   1.0317750e+00   1.1109612e+00
   2.7500000e+00   7.9346000e-01   8.5433811e-01
   2.7600000e+00   5.7128800e-01   6.1509762e-01
   2.7700000e+00   4.9430600e-01   5.3396582e-01
   2.7800000e+00   5.3447900e-01   5.7544363e-01
   2.7900000e+00   6.4926000e-01   6.9943470e-01
   2.8000000e+00   7.9104700e-01   8.5173917e-01
   2.8100000e+00   8.1078000e-01   8.7298865e-01
   2.8200000e+00   5.5464200e-01   5.9719527e-01
   2.8300000e+00   9.0195000e-02   9.7044287e-02
   2.8400000e+00  -2.9219000e-01  -3.1471719e-01
   2.8500000e+00  -3.9200900e-01  -4.2220687e-01
   2.8600000e+00  -3.3583900e-01  -3.6172032e-01
   2.8700000e+00  -3.7042500e-01  -3.9896357e-01
   2.8800000e+00  -5.6624700e-01  -6.1348164e-01
   2.8900000e+00  -8.5179300e-01  -9.1837677e-01
   2.9000000e+00  -1.1414240e+00  -1.2291725e+00
   2.9100000e+00  -1.3602440e+00  -1.4648261e+00
   2.9200000e+00  -1.3849410e+00  -1.4705101e+00
   2.9300000e+00  -1.1199900e+00  -1.1947053e+00
   2.9400000e+00  -6.1075100e-01  -6.5777014e-01
   2.9500000e+00  -6.1067000e-02  -6.5839536e-02
   2.9600000e+00   3.2896600e-01   3.5415834e-01
   2.9700000e+00   4.9854600e-01   5.3676704e-01
   2.9800000e+00   5.6298600e-01   6.0615715e-01
   2.9900000e+00   6.9794400e-01   7.5124073e-01
   3.0000000e+00   9.6228800e-01   1.0351984e+00
   3.0100000e+00   1.2581000e+00   1.3514139e+00
   3.0200000e+00   1.4850680e+00   1.5988364e+00
   3.0300000e+00   1.5318910e+00   1.6460249e+00
   3.0400000e+00   1.3002700e+00   1.3997885e+00
   3.0500000e+00   8.2677800e-01   8.9026676e-01
   3.0600000e+00   2.9318300e-01   3.1567831e-01
   3.0700000e+00  -1.6417200e-01  -1.7681370e-01
   3.0800000e+00  -5.1451800e-01  -5.5407533e-01
   3.0900000e+00  -7.7311400e-01  -8.3110067e-01
   3.1000000e+00  -9.6626000e-01  -1.0383512e+00
   3.1100000e+00  -1.1479110e+00  -1.2353093e+00
   3.1200000e+00  -1.3551000e+00  -1.4589943e+00
   3.1300000e+00  -1.5674610e+00  -1.6846079e+00
   3.1400000e+00  -1.7236910e+00  -1.8564580e+00
   3.1500000e+00  -1.6852140e+00  -1.8177975e+00
   3.1600000e+00  -1.3662720e+00  -1.4784640e+00
   3.1700000e+00  -8.6160500e-01  -9.2824599e-01
   3.1800000e+00  -3.8740700e-01  -4.1722095e-01
   3.1900000e+00  -5.1369000e-02  -5.5365996e-02
   3.2000000e+00   2.3669300e-01   2.5482556e-01
   3.2100000e+00   6.2127400e-01   6.6895256e-01
   3.2200000e+00   1.0986240e+00   1.1829751e+00
   3.2300000e+00   1.5412440e+00   1.6588608e+00
   3.2400000e+00   1.8580510e+00   1.9979829e+00
   3.2500000e+00   2.0948190e+00   2.2537258e+00
   3.2600000e+00   2.2417000e+00   2.4019622e+00
   3.2700000e+00   2.1681070e+00   2.3208807e+00
   3.2800000e+00   1.8347690e+00   1.9723883e+00
   3.2900000e+00   1.4123650e+00   1.5215657e+00
   3.3000000e+00   1.0216460e+00   1.1003922e+00
   3.3100000e+00   5.9172500e-01   6.3739954e-01
   3.3200000e+00  -2.8198000e-02  -3.0149214e-02
   3.3300000e+00  -8.0854000e-01  -8.7044155e-01
   3.3400000e+00  -1.5150270e+00  -1.6291346e+00
   3.3500000e+00  -1.9590590e+00  -2.1089383e+00
   3.3600000e+00  -2.1600780e+00  -2.3243449e+00
   3.3700000e+00  -2.2017010e+00  -2.3682222e+00
   3.3800000e+00  -2.1494390e+00  -2.2997818e+00
   3.3900000e+00  -1.9663040e+00  -2.0980205e+00
   3.4000000e+00  -1.6849180e+00  -1.8080193e+00
   3.4100000e+00  -1.4279650e+00  -1.5384920e+00
   3.4200000e+00  -1.2416170e+00  -1.3363917e+00
   3.4300000e+00  -1.0453540e+00  -1.1256561e+00
   3.4400000e+00  -6.5313100e-01  -7.0330073e-01
   3.4500000e+00   2.5319000e-02   2.7271486e-02
   3.4600000e+00   7.9643800e-01   8.5763231e-01
   3.4700000e+00   1.3767540e+00   1.4822931e+00
   3.4800000e+00   1.6837660e+00   1.8106555e+00
   3.4900000e+00   1.8547550e+00   1.9965224e+00
   3.5000000e+00   2.0261160e+00   2.1810711e+00
   3.5100000e+00   2.1258210e+00   2.2808035e+00
   3.5200000e+00   2.0725560e+00   2.2187670e+00
   3.5300000e+00   1.9315690e+00   2.0797021e+00
   3.5400000e+00   1.7824230e+00   1.9181343e+00
   3.5500000e+00   1.4930960e+00   1.6075440e+00
   3.5600000e+00   8.1707600e-01   8.7990521e-01
   3.5700000e+00  -2.4171900e-01  -2.6023114e-01
   3.5800000e+00  -1.2699880e+00  -1.3674986e+00
   3.5900000e+00  -1.8805610e+00  -2.0239569e+00
   3.6000000e+00  -2.0973890e+00  -2.2570022e+00
   3.6100000e+00  -2.2012860e+00  -2.3695211e+00
   3.6200000e+00  -2.2639200e+00  -2.4205060e+00
   3.6300000e+00  -2.1739230e+00  -2.3092659e+00
   3.6400000e+00  -1.9545990e+00  -2.0917646e+00
   3.6500000e+00  -1.7523990e+00  -1.8875945e+00
   3.6600000e+00  -1.6006760e+00  -1.7233567e+00
   3.6700000e+00  -1.3118430e+00  -1.4127158e+00
   3.6800000e+00  -6.2587500e-01  -6.7404867e-01
   3.6900000e+00   2.9908000e-01   3.2196646e-01
   3.7000000e+00   9.7029300e-01   1.0447465e+00
   3.7100000e+00   1.1966060e+00   1.2883708e+00
   3.7200000e+00   1.2926680e+00   1.3911033e+00
   3.7300000e+00   1.5648180e+00   1.6846142e+00
   3.7400000e+00   1.9020570e+00   2.0475391e+00
   3.7500000e+00   2.0847880e+00   2.2435081e+00
   3.7600000e+00   2.1378050e+00   2.3009977e+00
   3.7700000e+00   2.2107390e+00   2.3555934e+00
   3.7800000e+00   2.1910310e+00   2.3535832e+00
   3.7900000e+00   1.7270580e+00   1.8596670e+00
   3.8000000e+00   7.6098900e-01   8.1937969e-01
   3.8100000e+00  -3.1074600e-01  -3.3469209e-01
   3.8200000e+00  -1.0289280e+00  -1.1080495e+00
   3.8300000e+00  -1.3240150e+00  -1.4253190e+00
   3.8400000e+00  -1.4753720e+00  -1.5877688e+00
   3.8500000e+00  -1.6423200e+00  -1.7672582e+00
   3.8600000e+00  -1.8085960e+00  -1.9324397e+00
   3.8700000e+00  -1.9285960e+00  -2.0641408e+00
   3.8800000e+00  -1.9703560e+00  -2.1217628e+00
   3.8900000e+00  -1.9322680e+00  -2.0572575e+00
   3.9000000e+00  -1.7286010e+00  -1.8596652e+00
   3.9100000e+00  -1.2147250e+00  -1.3079019e+00
   3.9200000e+00  -4.0833700e-01  -4.3978211e-01
   3.9300000e+00   4.3015800e-01   4.6313090e-01
   3.9400000e+00   9.4996100e-01   1.0228687e+00
   3.9500000e+00   1.1500310e+00   1.2383098e+00
   3.9600000e+00   1.4091510e+00   1.5165818e+00
   3.9700000e+00   1.8814290e+00   2.0258201e+00
   3.9800000e+00   2.3705200e+00   2.5437118e+00
   3.9900000e+00   2.7034910e+00   2.8827829e+00
   4.0000000e+00   2.8689940e+00   3.0670805e+00
   4.0100000e+00   2.8432130e+00   3.0455789e+00
   4.0200000e+00   2.5504250e+00   2.7468935e+00
   4.0300000e+00   1.9208480e+00   2.0673645e+00
   4.0400000e+00   1.0702120e+00   1.1522503e+00
   4.0500000e+00   2.8703400e-01   3.0924359e-01
   4.0600000e+00  -1.9366500e-01  -2.0862406e-01
   4.0700000e+00  -4.1460300e-01  -4.4555278e-01
   4.0800000e+00  -6.9063900e-01  -7.4631899e-01
   4.0900000e+00  -1.2881790e+00  -1.3704770e+00
   4.1000000e+00  -2.1167220e+00  -2.2366788e+00
   4.1100000e+00  -2.7984760e+00  -2.9736729e+00
   4.1200000e+00  -3.0655850e+00  -3.2889061e+00
   4.1300000e+00  -2.9153680e+00  -3.1355669e+00
   4.1400000e+00  -2.5302980e+00  -2.7209946e+00
   4.1500000e+00  -2.0585730e+00  -2.2127108e+00
   4.1600000e+00  -1.4627380e+00  -1.5726682e+00
   4.1700000e+00  -7.6686200e-01  -8.2607902e-01
   4.1800000e+00  -2.3445300e-01  -2.5276657e-01
   4.1900000e+00   3.7849000e-02   4.0454870e-02
   4.2000000e+00   4.1275700e-01   4.4331236e-01
   4.2100000e+00   1.3079360e+00   1.4093517e+00
   4.2200000e+00   2.5046050e+00   2.6755940e+00
   4.2300000e+00   3.4242630e+00   3.5951701e+00
   4.2400000e+00   3.7956070e+00   3.9257656e+00
   4.2500000e+00   3.7790530e+00   3.9086876e+00
   4.2600000e+00   3.6622490e+00   3.8190512e+00
   4.2700000e+00   3.5407720e+00   3.7143255e+00
   4.2800000e+00   3.1823900e+00   3.3702449e+00
   4.2900000e+00   2.4628650e+00   2.6275659e+00
   4.3000000e+00   1.6934180e+00   1.8144819e+00
   4.3100000e+00   1.2453520e+00   1.3034323e+00
   4.3200000e+00   7.3002100e-01   7.5882142e-01
   4.3300000e+00  -3.8641600e-01  -3.9314483e-01
   4.3400000e+00  -2.0240420e+00  -2.0931530e+00
   4.3500000e+00  -3.3967690e+00  -3.5382745e+00
   4.3600000e+00  -4.0032490e+00  -4.1960952e+00
   4.3700000e+00  -4.1934810e+00  -4.4242156e+00
   4.3800000e+00  -4.4277750e+00  -4.6643206e+00
   4.3900000e+00  -4.7714740e+00  -4.9675669e+00
   4.4000000e+00  -4.9639970e+00  -5.1281108e+00
   4.4100000e+00  -4.8224130e+00  -5.0074291e+00
   4.4200000e+00  -4.5932420e+00  -4.7822280e+00
   4.4300000e+00  -4.6605150e+00  -4.7890343e+00
   4.4400000e+00  -4.9965370e+00  -5.0783719e+00
   4.4500000e+00  -5.0447260e+00  -5.1136673e+00
   4.4600000e+00  -4.2576040e+00  -4.3305398e+00
   4.4700000e+00  -2.8281500e+00  -2.8799503e+00
   4.4800000e+00  -1.6229190e+00  -1.6388864e+00
   4.4900000e+00  -1.2527170e+00  -1.2596505e+00
   4.5000000e+00  -1.3427130e+00  -1.3594615e+00
   4.5100000e+00  -1.1310460e+00  -1.1655497e+00
   4.5200000e+00  -5.3508700e-01  -5.6662385e-01
   4.5300000e+00  -2.1044200e-01  -2.3041675e-01
   4.5400000e+00  -4.9386500e-01  -5.4000520e-01
   4.5500000e+00  -8.0196900e-01  -8.6895755e-01
   4.5600000e+00  -4.9695000e-01  -5.4050571e-01
   4.5700000e+00  -5.4210000e-03  -1.1147830e-02
   4.5800000e+00  -3.3554900e-01  -3.6149330e-01
   4.5900000e+00  -1.5301120e+00  -1.5856233e+00
   4.6000000e+00  -2.8060600e+00  -2.9024533e+00
   4.6100000e+00  -3.4164300e+00  -3.5658105e+00
   4.6200000e+00  -3.5765730e+00  -3.7878056e+00
   4.6300000e+00  -3.8691310e+00  -4.1145578e+00
   4.6400000e+00  -4.3910230e+00  -4.6180043e+00
   4.6500000e+00  -4.8495780e+00  -5.0288181e+00
   4.6600000e+00  -4.9040400e+00  -5.0839645e+00
   4.6700000e+00  -4.6719520e+00  -4.8523540e+00
   4.6800000e+00  -4.6173460e+00  -4.7358947e+00
   4.6900000e+00  -4.8664230e+00  -4.9474258e+00
   4.7000000e+00  -4.8689530e+00  -4.9478005e+00
   4.7100000e+00  -3.9836510e+00  -4.0631959e+00
   4.7200000e+00  -2.2485380e+00  -2.3038143e+00
   4.7300000e+00  -4.8155400e-01  -4.9022441e-01
   4.7400000e+00   6.1118700e-01   6.4171678e-01
   4.7500000e+00   1.3134650e+00   1.3514459e+00
   4.7600000e+00   2.4157300e+00   2.4574925e+00
   4.7700000e+00   4.1011200e+00   4.1179542e+00
   4.7800000e+00   5.6912250e+00   5.6235837e+00
   4.7900000e+00   6.6677060e+00   6.5295285e+00
   4.8000000e+00   7.2826980e+00   7.0940635e+00
   4.8100000e+00   7.9526280e+00   7.6638875e+00
   4.8200000e+00   8.8097870e+00   8.3629252e+00
   4.8300000e+00   9.6563690e+00   9.0711841e+00
   4.8400000e+00   1.0079588e+01   9.4453824e+00
   4.8500000e+00   9.9145090e+00   9.3307546e+00
   4.8600000e+00   9.4018330e+00   8.9321542e+00
   4.8700000e+00   8.9588340e+00   8.5920945e+00
   4.8800000e+00   8.8168010e+00   8.4973042e+00
   4.8900000e+00   8.7311150e+00   8.4107240e+00
   4.9000000e+00   8.2353470e+00   7.9122058e+00
   4.9100000e+00   7.1178310e+00   6.8372168e+00
   4.9200000e+00   5.5960710e+00   5.4150540e+00
   4.9300000e+00   4.1842440e+00   4.1238236e+00
   4.9400000e+00   3.2736490e+00   3.3052384e+00
   4.9500000e+00   2.3547100e+00   2.5154627e+00
   4.9600000e+00   6.8834800e-01   7.5883225e-01
   4.9700000e+00  -9.2627300e-01  -9.8768803e-01
   4.9800000e+00  -1.2487600e+00  -1.3408930e+00
   4.9900000e+00  -6.9871400e-01  -7.5120108e-01
   5.0000000e+00  -5.0240500e-01  -5.3050269e-01
   5.0100000e+00  -9.5353700e-01  -1.0137193e+00
   5.0200000e+00  -1.3662960e+00  -1.4470461e+00
   5.0300000e+00  -1.0524870e+00  -1.0935718e+00
   5.0400000e+00  -7.6426000e-02  -6.3329037e-02
   5.0500000e+00   9.2294500e-01   9.9691059e-01
   5.0600000e+00   1.5669090e+00   1.7021108e+00
   5.0700000e+00   2.1196670e+00   2.3023126e+00
   5.0800000e+00   3.0206380e+00   3.1136732e+00
   5.0900000e+00   3.8855920e+00   3.8624777e+00
   5.1000000e+00   4.2383520e+00   4.1846968e+00
   5.1100000e+00   4.0665720e+00   4.0370366e+00
   5.1200000e+00   3.8365350e+00   3.8489298e+00
   5.1300000e+00   3.8469620e+00   3.9058762e+00
   5.1400000e+00   3.7913580e+00   3.8692942e+00
   5.1500000e+00   3.1278050e+00   3.2203693e+00
   5.1600000e+00   1.7324680e+00   1.8376748e+00
   5.1700000e+00  -1.3039800e-01  -4.1107823e-02
   5.1800000e+00  -2.5239810e+00  -2.5385845e+00
   5.1900000e+00  -5.2074910e+00  -5.3373490e+00
   5.2000000e+00  -7.5860900e+00  -7.5814043e+00
   5.2100000e+00  -9.9681380e+00  -9.8424447e+00
   5.2200000e+00  -1.2176671e+01  -1.1933850e+01
   5.2300000e+00  -1.3790702e+01  -1.3462482e+01
   5.2400000e+00  -1.4648419e+01  -1.4293279e+01
   5.2500000e+00  -1.4937117e+01  -1.4608604e+01
   5.2600000e+00  -1.5005363e+01  -1.4717732e+01
   5.2700000e+00  -1.5066054e+01  -1.4785194e+01
   5.2800000e+00  -1.5035254e+01  -1.4729187e+01
   5.2900000e+00  -1.4605165e+01  -1.4272519e+01
   5.3000000e+00  -1.3473530e+01  -1.3149677e+01
   5.3100000e+00  -1.1565134e+01  -1.1337583e+01
   5.3200000e+00  -9.1234720e+00  -9.0217186e+00
   5.3300000e+00  -6.3315390e+00  -6.3991790e+00
   5.3400000e+00  -3.0868790e+00  -3.3306228e+00
   5.3500000e+00   2.5956400e-01   2.6696389e-01
   5.3600000e+00   2.3188910e+00   2.3815533e+00
   5.3700000e+00   3.9957060e+00   3.9347902e+00
   5.3800000e+00   5.9193020e+00   5.7528017e+00
   5.3900000e+00   7.6898940e+00   7.4292210e+00
   5.4000000e+00   8.8405820e+00   8.5242155e+00
   5.4100000e+00   9.2002670e+00   8.8305162e+00
   5.4200000e+00   9.0328910e+00   8.6390577e+00
   5.4300000e+00   8.7663790e+00   8.3682020e+00
   5.4400000e+00   8.5251830e+00   8.1302526e+00
   5.4500000e+00   8.0334240e+00   7.6757814e+00
   5.4600000e+00   6.8159150e+00   6.5622346e+00
   5.4700000e+00   4.6883690e+00   4.6476539e+00
   5.4800000e+00   1.9979200e+00   2.1219833e+00
   5.4900000e+00  -8.3356700e-01  -9.1592993e-01
   5.5000000e+00  -1.9718000e+00  -2.1561123e+00
   5.5100000e+00  -2.9269200e+00  -3.1191244e+00
   5.5200000e+00  -4.7893860e+00  -4.8994271e+00
   5.5300000e+00  -6.8750550e+00  -6.9408592e+00
   5.5400000e+00  -8.0990070e+00  -8.1207325e+00
   5.5500000e+00  -7.8095320e+00  -7.8337552e+00
   5.5600000e+00  -6.4571560e+00  -6.5268716e+00
   5.5700000e+00  -5.3117090e+00  -5.4105451e+00
   5.5800000e+00  -5.1660860e+00  -5.2698281e+00
   5.5900000e+00  -5.2811700e+00  -5.3939523e+00
   5.6000000e+00  -3.8842440e+00  -4.1214388e+00
   5.6100000e+00   1.3994900e-01   1.6353064e-01
   5.6200000e+00   3.1967520e+00   3.2338506e+00
   5.6300000e+00   4.2156830e+00   4.1792911e+00
   5.6400000e+00   4.5610330e+00   4.4946828e+00
   5.6500000e+00   5.4898810e+00   5.3615315e+00
   5.6600000e+00   7.3256380e+00   7.0752113e+00
   5.6700000e+00   9.2126040e+00   8.8268817e+00
   5.6800000e+00   1.0032595e+01   9.5764710e+00
   5.6900000e+00   9.4851080e+00   9.0522155e+00
   5.7000000e+00   8.3121940e+00   7.9494320e+00
   5.7100000e+00   7.5572210e+00   7.2424130e+00
   5.7200000e+00   7.5231280e+00   7.2027352e+00
   5.7300000e+00   7.4266430e+00   7.1289410e+00
   5.7400000e+00   6.1460760e+00   5.9853025e+00
   5.7500000e+00   3.1472430e+00   3.2940620e+00
   5.7600000e+00  -1.2459990e+00  -1.3821040e+00
   5.7700000e+00  -2.8402910e+00  -2.9870201e+00
   5.7800000e+00  -3.0145370e+00  -3.1416163e+00
   5.7900000e+00  -3.8557490e+00  -3.9766053e+00
   5.8000000e+00  -5.7773280e+00  -5.8936660e+00
   5.8100000e+00  -7.5490840e+00  -7.6265064e+00
   5.8200000e+00  -7.9424480e+00  -8.0012664e+00
   5.8300000e+00  -6.8805050e+00  -6.9497370e+00
   5.8400000e+00  -5.5945010e+00  -5.6887895e+00
   5.8500000e+00  -5.3353150e+00  -5.4637302e+00
   5.8600000e+00  -5.8199350e+00  -5.9627869e+00
   5.8700000e+00  -5.4787780e+00  -5.6194904e+00
   5.8800000e+00  -3.1514540e+00  -3.2773330e+00
   5.8900000e+00   6.6706000e-01   6.5373131e-01
   5.9000000e+00   3.9096970e+00   4.0599514e+00
   5.9100000e+00   4.4057670e+00   4.4778159e+00
   5.9200000e+00   4.3612840e+00   4.3362949e+00
   5.9300000e+00   5.3393590e+00   5.2040448e+00
   5.9400000e+00   6.9868490e+00   6.7194616e+00
   5.9500000e+00   8.1781850e+00   7.8368801e+00
   5.9600000e+00   8.1331040e+00   7.8080535e+00
   5.9700000e+00   7.1514000e+00   6.8920999e+00
   5.9800000e+00   6.2903730e+00   6.0882630e+00
   5.9900000e+00   6.2225650e+00   6.0102134e+00
   6.0000000e+00   6.6042950e+00   6.3656143e+00
   6.0100000e+00   6.4444690e+00   6.2488046e+00
   6.0200000e+00   4.9762940e+00   4.9528991e+00
   6.0300000e+00   2.1372140e+00   2.3257802e+00
   6.0400000e+00  -1.2542710e+00  -1.3679958e+00
   6.0500000e+00  -2.8370870e+00  -2.9924112e+00
   6.0600000e+00  -4.3884850e+00  -4.6146608e+00
   6.0700000e+00  -6.3779640e+00  -6.5185638e+00
   6.0800000e+00  -8.2816250e+00  -8.2734611e+00
   6.0900000e+00  -9.6502620e+00  -9.5442860e+00
   6.1000000e+00  -1.0198446e+01  -1.0036925e+01
   6.1100000e+00  -9.8197950e+00  -9.6811915e+00
   6.1200000e+00  -8.8853970e+00  -8.8283022e+00
   6.1300000e+00  -8.0381700e+00  -8.0402912e+00
   6.1400000e+00  -7.7282430e+00  -7.7230459e+00
   6.1500000e+00  -7.5577170e+00  -7.5395809e+00
   6.1600000e+00  -6.4306100e+00  -6.4677437e+00
   6.1700000e+00  -3.2321160e+00  -3.2898428e+00
   6.1800000e+00  -2.1963000e-02  -1.6636458e-02
   6.1900000e+00   1.9536280e+00   1.9829425e+00
   6.2000000e+00   3.0788860e+00   3.1178132e+00
   6.2100000e+00   4.2152950e+00   4.2171130e+00
   6.2200000e+00   5.8963390e+00   5.7764343e+00
   6.2300000e+00   7.7231190e+00   7.4431667e+00
   6.2400000e+00   8.7893250e+00   8.3857865e+00
   6.2500000e+00   8.6023790e+00   8.1914179e+00
   6.2600000e+00   7.5745420e+00   7.2933000e+00
   6.2700000e+00   6.5726590e+00   6.4036044e+00
   6.2800000e+00   6.3073140e+00   6.1903250e+00
   6.2900000e+00   6.4756800e+00   6.4026883e+00
   6.3000000e+00   5.4616340e+00   5.5057238e+00
   6.3100000e+00   1.6771580e+00   1.7136614e+00
   6.3200000e+00  -2.4043930e+00  -2.4860290e+00
   6.3300000e+00  -4.9459550e+00  -5.0602891e+00
   6.3400000e+00  -5.9311590e+00  -6.0466054e+00
   6.3500000e+00  -6.7053480e+00  -6.7840924e+00
   6.3600000e+00  -8.4604550e+00  -8.4290073e+00
   6.3700000e+00  -1.0836447e+01  -1.0629431e+01
   6.3800000e+00  -1.2307614e+01  -1.2021680e+01
   6.3900000e+00  -1.1832668e+01  -1.1616690e+01
   6.4000000e+00  -9.8832660e+00  -9.7901313e+00
   6.4100000e+00  -7.9767140e+00  -7.9780779e+00
   6.4200000e+00  -7.1695090e+00  -7.1909624e+00
   6.4300000e+00  -6.7194830e+00  -6.7083133e+00
   6.4400000e+00  -4.6846730e+00  -4.7232170e+00
   6.4500000e+00  -9.3651700e-01  -8.9017973e-01
   6.4600000e+00   2.7203070e+00   2.7883376e+00
   6.4700000e+00   4.6021560e+00   4.6105796e+00
   6.4800000e+00   4.7470860e+00   4.7044193e+00
   6.4900000e+00   4.6239230e+00   4.5387508e+00
   6.5000000e+00   5.6101400e+00   5.4318900e+00
   6.5100000e+00   7.4214570e+00   7.1255015e+00
   6.5200000e+00   8.6049140e+00   8.2757505e+00
   6.5300000e+00   8.0593600e+00   7.8265056e+00
   6.5400000e+00   6.1784880e+00   6.0939429e+00
   6.5500000e+00   4.5220460e+00   4.5699777e+00
   6.5600000e+00   4.3527910e+00   4.4376916e+00
   6.5700000e+00   4.2525450e+00   4.3306739e+00
   6.5800000e+00   2.1626630e+00   2.1705313e+00
   6.5900000e+00  -1.4179870e+00  -1.5624810e+00
   6.6000000e+00  -4.3020440e+00  -4.4928818e+00
   6.6100000e+00  -4.8408130e+00  -5.0024261e+00
   6.6200000e+00  -3.4826430e+00  -3.5937685e+00
   6.6300000e+00  -2.4597990e+00  -2.5152659e+00
   6.6400000e+00  -3.3525990e+00  -3.4011227e+00
   6.6500000e+00  -5.1509220e+00  -5.2096934e+00
   6.6600000e+00  -5.5919060e+00  -5.6765196e+00
   6.6700000e+00  -3.8059530e+00  -4.0925225e+00
   6.6800000e+00  -1.2728480e+00  -1.3877089e+00
   6.6900000e+00  -8.6717300e-01  -9.3873869e-01
   6.7000000e+00  -1.4164910e+00  -1.5167717e+00
   6.7100000e+00  -1.1914800e-01  -1.0279730e-01
   6.7200000e+00   2.7144840e+00   2.7840253e+00
   6.7300000e+00   5.1271390e+00   5.0694860e+00
   6.7400000e+00   5.5700960e+00   5.4391846e+00
   6.7500000e+00   4.5094710e+00   4.4086972e+00
   6.7600000e+00   3.7278840e+00   3.6613305e+00
   6.7700000e+00   4.4264110e+00   4.3842251e+00
   6.7800000e+00   5.8798800e+00   5.8183275e+00
   6.7900000e+00   6.4236280e+00   6.3573966e+00
   6.8000000e+00   5.1239410e+00   5.1354587e+00
   6.8100000e+00   2.6846350e+00   2.8887129e+00
   6.8200000e+00   9.5960900e-01   1.0162637e+00
   6.8300000e+00   1.1483210e+00   1.2221918e+00
   6.8400000e+00   4.0125400e-01   4.1545431e-01
   6.8500000e+00  -2.6458510e+00  -2.8775011e+00
   6.8600000e+00  -5.1783560e+00  -5.3498240e+00
   6.8700000e+00  -5.4147460e+00  -5.5289015e+00
   6.8800000e+00  -4.0430600e+00  -4.1928352e+00
   6.8900000e+00  -3.1150810e+00  -3.3473143e+00
   6.9000000e+00  -3.8707360e+00  -4.1458710e+00
   6.9100000e+00  -5.3371620e+00  -5.5052424e+00
   6.9200000e+00  -5.7061010e+00  -5.8169946e+00
   6.9300000e+00  -4.4499750e+00  -4.7043641e+00
   6.9400000e+00  -2.6310750e+00  -2.8608295e+00
   6.9500000e+00  -1.9343770e+00  -2.0988619e+00
   6.9600000e+00  -2.2324250e+00  -2.4142581e+00
   6.9700000e+00  -1.3618830e+00  -1.4849400e+00
   6.9800000e+00   1.1780640e+00   1.2469054e+00
   6.9900000e+00   2.8785260e+00   2.9366119e+00
   7.0000000e+00   3.0865970e+00   3.1077794e+00
   7.0100000e+00   2.6531280e+00   2.6966402e+00
   7.0200000e+00   2.8062050e+00   2.8781126e+00
   7.0300000e+00   3.7420290e+00   3.8210814e+00
   7.0400000e+00   4.4643290e+00   4.5235385e+00
   7.0500000e+00   4.2194760e+00   4.2458105e+00
   7.0600000e+00   3.1195210e+00   3.1561592e+00
   7.0700000e+00   2.1007350e+00   2.1947492e+00
   7.0800000e+00   1.7130540e+00   1.8392752e+00
   7.0900000e+00   1.2577680e+00   1.3372507e+00
   7.1000000e+00  -2.0157900e-01  -2.3413372e-01
   7.1100000e+00  -2.4469420e+00  -2.6311203e+00
   7.1200000e+00  -3.9880870e+00  -4.1345131e+00
   7.1300000e+00  -4.5470980e+00  -4.6593641e+00
   7.1400000e+00  -4.7260570e+00  -4.8369027e+00
   7.1500000e+00  -5.0581210e+00  -5.1759274e+00
   7.1600000e+00  -5.3879800e+00  -5.5127216e+00
   7.1700000e+00  -5.2776560e+00  -5.3867610e+00
   7.1800000e+00  -4.6583810e+00  -4.7583990e+00
   7.1900000e+00  -4.0666720e+00  -4.2120386e+00
   7.2000000e+00  -3.7223840e+00  -3.9791213e+00
   7.2100000e+00  -2.7618720e+00  -2.9992375e+00
   7.2200000e+00  -1.0673580e+00  -1.1312934e+00
   7.2300000e+00   5.0926800e-01   5.3003299e-01
   7.2400000e+00   1.8698930e+00   1.9047576e+00
   7.2500000e+00   2.9971710e+00   2.9989088e+00
   7.2600000e+00   3.9408710e+00   3.9306700e+00
   7.2700000e+00   4.6319650e+00   4.6356167e+00
   7.2800000e+00   4.9246390e+00   4.9587226e+00
   7.2900000e+00   4.7795410e+00   4.8071401e+00
   7.3000000e+00   4.3761330e+00   4.3499879e+00
   7.3100000e+00   4.2629520e+00   4.1691477e+00
   7.3200000e+00   4.8289850e+00   4.6782405e+00
   7.3300000e+00   5.7431810e+00   5.5272874e+00
   7.3400000e+00   6.0411720e+00   5.8644024e+00
   7.3500000e+00   4.9567710e+00   4.9911590e+00
   7.3600000e+00   2.6420520e+00   2.7456228e+00
   7.3700000e+00   1.2161390e+00   1.2712457e+00
   7.3800000e+00   8.0928900e-01   8.2550394e-01
   7.3900000e+00  -7.8630000e-02  -1.5813929e-01
   7.4000000e+00  -1.8972840e+00  -2.0306840e+00
   7.4100000e+00  -3.6933320e+00  -3.8289138e+00
   7.4200000e+00  -4.1033560e+00  -4.2173975e+00
   7.4300000e+00  -2.8349950e+00  -2.9151346e+00
   7.4400000e+00  -1.3135630e+00  -1.3958318e+00
   7.4500000e+00  -1.6396200e+00  -1.7184598e+00
   7.4600000e+00  -3.3180430e+00  -3.4471926e+00
   7.4700000e+00  -3.6666190e+00  -3.8314087e+00
   7.4800000e+00  -5.7704900e-01  -6.2798406e-01
   7.4900000e+00   3.3217930e+00   3.3675272e+00
   7.5000000e+00   4.6072300e+00   4.5275752e+00
   7.5100000e+00   4.5114850e+00   4.3988314e+00
   7.5200000e+00   4.5800720e+00   4.4575283e+00
   7.5300000e+00   5.8392510e+00   5.6546375e+00
   7.5400000e+00   7.6336670e+00   7.3752056e+00
   7.5500000e+00   8.3849260e+00   8.1316016e+00
   7.5600000e+00   7.1156660e+00   6.9837681e+00
   7.5700000e+00   4.6989350e+00   4.6824076e+00
   7.5800000e+00   3.0727160e+00   3.1625596e+00
   7.5900000e+00   3.6061150e+00   3.6942213e+00
   7.6000000e+00   4.2373060e+00   4.3447620e+00
   7.6100000e+00   1.0012670e+00   1.0495004e+00
   7.6200000e+00  -5.0849980e+00  -5.2000455e+00
   7.6300000e+00  -8.7852680e+00  -8.7268270e+00
   7.6400000e+00  -9.4996610e+00  -9.4532516e+00
   7.6500000e+00  -8.5888890e+00  -8.6285401e+00
   7.6600000e+00  -8.2572820e+00  -8.2830383e+00
   7.6700000e+00  -9.3852530e+00  -9.3049899e+00
   7.6800000e+00  -1.0685108e+01  -1.0547328e+01
   7.6900000e+00  -1.0435109e+01  -1.0324135e+01
   7.7000000e+00  -8.1832040e+00  -8.1388645e+00
   7.7100000e+00  -5.3961110e+00  -5.4825188e+00
   7.7200000e+00  -4.8791600e+00  -5.0019103e+00
   7.7300000e+00  -6.5886590e+00  -6.6905109e+00
   7.7400000e+00  -7.0826960e+00  -7.1419804e+00
   7.7500000e+00  -3.3998700e+00  -3.5510033e+00
   7.7600000e+00   3.4323040e+00   3.6063346e+00
   7.7700000e+00   6.3039250e+00   6.2694392e+00
   7.7800000e+00   5.6351240e+00   5.5982293e+00
   7.7900000e+00   4.3611190e+00   4.4061434e+00
   7.8000000e+00   5.2622020e+00   5.2273922e+00
   7.8100000e+00   7.8493760e+00   7.6704454e+00
   7.8200000e+00   9.5365040e+00   9.2942829e+00
   7.8300000e+00   8.4488530e+00   8.2731194e+00
   7.8400000e+00   5.6955690e+00   5.6369012e+00
   7.8500000e+00   4.1526070e+00   4.1825405e+00
   7.8600000e+00   5.2307720e+00   5.1802129e+00
   7.8700000e+00   6.7608620e+00   6.6070928e+00
   7.8800000e+00   5.0298200e+00   5.1295642e+00
   7.8900000e+00  -2.1347190e+00  -2.3352176e+00
   7.9000000e+00  -7.1762980e+00  -7.2800923e+00
   7.9100000e+00  -7.3605070e+00  -7.4810448e+00
   7.9200000e+00  -5.3295670e+00  -5.5896823e+00
   7.9300000e+00  -5.0334820e+00  -5.2675846e+00
   7.9400000e+00  -7.5326180e+00  -7.5330480e+00
   7.9500000e+00  -9.9415820e+00  -9.8408461e+00
   7.9600000e+00  -1.0099860e+01  -9.9628499e+00
   7.9700000e+00  -7.8006920e+00  -7.7503762e+00
   7.9800000e+00  -5.7573100e+00  -5.8346497e+00
   7.9900000e+00  -6.7136350e+00  -6.8223731e+00
   8.0000000e+00  -9.0980610e+00  -9.0755561e+00
   8.0100000e+00  -8.6525370e+00  -8.6289919e+00
   8.0200000e+00  -3.5136670e+00  -3.6953777e+00
   8.0300000e+00   3.8398190e+00   4.0004331e+00
   8.0400000e+00   5.7645330e+00   5.7251458e+00
   8.0500000e+00   4.0309670e+00   4.0773844e+00
   8.0600000e+00   2.4590800e+00   2.5778550e+00
   8.0700000e+00   4.1222250e+00   4.1551654e+00
   8.0800000e+00   6.5687200e+00   6.4961897e+00
   8.0900000e+00   6.5666750e+00   6.4432153e+00
   8.1000000e+00   3.6743930e+00   3.6107258e+00
   8.1100000e+00   9.7136800e-01   9.8730670e-01
   8.1200000e+00   1.3031430e+00   1.4429935e+00
   8.1300000e+00   3.0786910e+00   3.2824156e+00
   8.1400000e+00   2.7191970e+00   2.9524343e+00
   8.1500000e+00  -1.3935570e+00  -1.3016135e+00
   8.1600000e+00  -6.9588860e+00  -7.0144419e+00
   8.1700000e+00  -1.0058744e+01  -9.9192960e+00
   8.1800000e+00  -9.5730630e+00  -9.4135321e+00
   8.1900000e+00  -7.2249520e+00  -7.1520240e+00
   8.2000000e+00  -6.4030590e+00  -6.2767771e+00
   8.2100000e+00  -8.0969820e+00  -7.8896965e+00
   8.2200000e+00  -9.9877940e+00  -9.8239216e+00
   8.2300000e+00  -9.7165830e+00  -9.6129424e+00
   8.2400000e+00  -6.7793280e+00  -6.8474129e+00
   8.2500000e+00  -3.8082720e+00  -3.9700508e+00
   8.2600000e+00  -4.3532040e+00  -4.5224449e+00
   8.2700000e+00  -6.8335880e+00  -6.9556323e+00
   8.2800000e+00  -6.3912410e+00  -6.5373604e+00
   8.2900000e+00  -1.6536480e+00  -1.7325192e+00
   8.3000000e+00   4.1929910e+00   4.3607133e+00
   8.3100000e+00   6.2367690e+00   6.2834737e+00
   8.3200000e+00   4.2060980e+00   4.2909708e+00
   8.3300000e+00   1.4888590e+00   1.4949315e+00
   8.3400000e+00   2.9223010e+00   2.9058169e+00
   8.3500000e+00   6.7582370e+00   6.6682252e+00
   8.3600000e+00   8.5695020e+00   8.4585666e+00
   8.3700000e+00   7.8497650e+00   7.7383199e+00
   8.3800000e+00   6.6141300e+00   6.5138745e+00
   8.3900000e+00   7.2041510e+00   6.9784676e+00
   8.4000000e+00   9.7607310e+00   9.2610564e+00
   8.4100000e+00   1.2085607e+01   1.1415718e+01
   8.4200000e+00   1.1662386e+01   1.1132448e+01
   8.4300000e+00   8.4792820e+00   8.2741154e+00
   8.4400000e+00   4.7803450e+00   4.7612534e+00
   8.4500000e+00   3.3023060e+00   3.3306089e+00
   8.4600000e+00   4.8809020e+00   4.8373807e+00
   8.4700000e+00   6.7653540e+00   6.6198816e+00
   8.4800000e+00   5.7012110e+00   5.7373383e+00
   8.4900000e+00   2.4004300e-01   2.2859808e-01
   8.5000000e+00  -4.2371820e+00  -4.4405282e+00
   8.5100000e+00  -4.0285920e+00  -4.3388046e+00
   8.5200000e+00  -2.5210210e+00  -2.7282103e+00
   8.5300000e+00  -4.1897030e+00  -4.4753873e+00
   8.5400000e+00  -7.3735570e+00  -7.4565678e+00
   8.5500000e+00  -8.6581920e+00  -8.5964952e+00
   8.5600000e+00  -6.5975880e+00  -6.6403049e+00
   8.5700000e+00  -1.6052620e+00  -1.7321711e+00
   8.5800000e+00   1.8055530e+00   1.9222680e+00
   8.5900000e+00   2.0386200e-01   1.8333662e-01
   8.6000000e+00  -2.6773940e+00  -2.8724934e+00
   8.6100000e+00  -8.8131800e-01  -1.0534359e+00
   8.6200000e+00   4.2763180e+00   4.4381858e+00
   8.6300000e+00   7.4310730e+00   7.3532176e+00
   8.6400000e+00   8.3445450e+00   8.1162840e+00
   8.6500000e+00   8.4894440e+00   8.1517057e+00
   8.6600000e+00   9.3723760e+00   8.9146384e+00
   8.6700000e+00   1.1076216e+01   1.0488817e+01
   8.6800000e+00   1.2120438e+01   1.1512853e+01
   8.6900000e+00   1.1158438e+01   1.0734067e+01
   8.7000000e+00   8.4106470e+00   8.3046245e+00
   8.7100000e+00   5.5920600e+00   5.6318753e+00
   8.7200000e+00   4.5279170e+00   4.5799012e+00
   8.7300000e+00   5.5737860e+00   5.5923037e+00
   8.7400000e+00   6.2465190e+00   6.2468197e+00
   8.7500000e+00   3.3237260e+00   3.3968264e+00
   8.7600000e+00  -2.3989610e+00  -2.5002593e+00
   8.7700000e+00  -6.3739730e+00  -6.4405870e+00
   8.7800000e+00  -6.9404830e+00  -6.9315019e+00
   8.7900000e+00  -7.2746050e+00  -7.2487351e+00
   8.8000000e+00  -8.7653890e+00  -8.6304952e+00
