   1.0000000e-08  -0.0000000e+00  -0.0000000e+00
   1.0000010e-02   2.9200000e-04   3.1398109e-04
   2.0000010e-02   3.7600000e-04   3.6388940e-04
   3.0000010e-02  -2.5530000e-03  -2.7950565e-03
   4.0000010e-02  -1.1030000e-02  -1.1943573e-02
   5.0000010e-02  -2.4209000e-02  -2.6135713e-02
   6.0000010e-02  -4.0027000e-02  -4.3038154e-02
   7.0000010e-02  -5.9201000e-02  -6.3783684e-02
   8.0000010e-02  -8.4212000e-02  -9.0838766e-02
   9.0000010e-02  -1.1446300e-01  -1.2345602e-01
   1.0000001e-01  -1.4572700e-01  -1.5726214e-01
   1.1000001e-01  -1.7535800e-01  -1.8925028e-01
   1.2000001e-01  -2.0440100e-01  -2.2031457e-01
   1.3000001e-01  -2.3215100e-01  -2.5016453e-01
   1.4000001e-01  -2.5386800e-01  -2.7318203e-01
   1.5000001e-01  -2.6839600e-01  -2.8901657e-01
   1.6000001e-01  -2.7937100e-01  -3.0082846e-01
   1.7000001e-01  -2.8297100e-01  -3.0448423e-01
   1.8000001e-01  -2.6780500e-01  -2.8789662e-01
   1.9000001e-01  -2.3295600e-01  -2.5041522e-01
   2.0000001e-01  -1.9219600e-01  -2.0675499e-01
   2.1000001e-01  -1.5569300e-01  -1.6751050e-01
   2.2000001e-01  -1.1821100e-01  -1.2702035e-01
   2.3000001e-01  -7.1207000e-02  -7.6271359e-02
   2.4000001e-01  -2.0536000e-02  -2.1632876e-02
   2.5000001e-01   1.7456000e-02   1.9214219e-02
   2.6000001e-01   3.5943000e-02   3.8821394e-02
   2.7000001e-01   4.1371000e-02   4.4474756e-02
   2.8000001e-01   3.7807000e-02   4.0037974e-02
   2.9000001e-01   2.0064000e-02   2.0821837e-02
   3.0000001e-01  -1.5502000e-02  -1.7545521e-02
   3.1000001e-01  -6.0818000e-02  -6.6337717e-02
   3.2000001e-01  -1.0220700e-01  -1.1025814e-01
   3.3000001e-01  -1.3242600e-01  -1.4317344e-01
   3.4000001e-01  -1.5509200e-01  -1.6790154e-01
   3.5000001e-01  -1.8244400e-01  -1.9730685e-01
   3.6000001e-01  -2.2039700e-01  -2.3811258e-01
   3.7000001e-01  -2.5316400e-01  -2.7274104e-01
   3.8000001e-01  -2.6108100e-01  -2.8123920e-01
   3.9000001e-01  -2.5191000e-01  -2.7135590e-01
   4.0000001e-01  -2.4884200e-01  -2.6754449e-01
   4.1000001e-01  -2.4924900e-01  -2.6803149e-01
   4.2000001e-01  -2.2504800e-01  -2.4195465e-01
   4.3000001e-01  -1.6743900e-01  -1.7979957e-01
   4.4000001e-01  -1.0554500e-01  -1.1371796e-01
   4.5000001e-01  -7.1132000e-02  -7.6042798e-02
   4.6000001e-01  -5.8026000e-02  -6.1733450e-02
   4.7000001e-01  -3.2425000e-02  -3.4136711e-02
   4.8000001e-01   1.5893000e-02   1.7574035e-02
   4.9000001e-01   5.6476000e-02   6.0724595e-02
   5.0000001e-01   6.3519000e-02   6.8307898e-02
   5.1000001e-01   5.1634000e-02   5.4823104e-02
   5.2000001e-01   4.6614000e-02   4.9354192e-02
   5.3000001e-01   3.9471000e-02   4.1645793e-02
   5.4000001e-01  -1.2400000e-03  -2.1272712e-03
   5.5000001e-01  -7.6000000e-02  -8.2180395e-02
   5.6000001e-01  -1.4562400e-01  -1.5724110e-01
   5.7000001e-01  -1.8334000e-01  -1.9793474e-01
   5.8000001e-01  -2.0698900e-01  -2.2365530e-01
   5.9000001e-01  -2.4127200e-01  -2.6064862e-01
   6.0000001e-01  -2.7292800e-01  -2.9405210e-01
   6.1000001e-01  -2.7264600e-01  -2.9370254e-01
   6.2000001e-01  -2.4424000e-01  -2.6271194e-01
   6.3000001e-01  -2.1954500e-01  -2.3568725e-01
   6.4000001e-01  -2.0808600e-01  -2.2329062e-01
   6.5000001e-01  -1.8186000e-01  -1.9510451e-01
   6.6000001e-01  -1.2058900e-01  -1.2960295e-01
   6.7000001e-01  -4.6084000e-02  -4.9097853e-02
   6.8000001e-01   7.2880000e-03   8.1852762e-03
   6.9000001e-01   3.8517000e-02   4.1942606e-02
   7.0000001e-01   7.1272000e-02   7.6694446e-02
   7.1000001e-01   1.0326400e-01   1.1108399e-01
   7.2000001e-01   1.0069400e-01   1.0833637e-01
   7.3000001e-01   5.4111000e-02   5.7852267e-02
   7.4000001e-01   1.9860000e-03   2.0036792e-03
   7.5000001e-01  -1.7028000e-02  -1.8574049e-02
   7.6000001e-01  -1.3568000e-02  -1.5536900e-02
   7.7000001e-01  -3.0660000e-02  -3.3352069e-02
   7.8000001e-01  -7.6386000e-02  -8.2345179e-02
   7.9000001e-01  -1.0125900e-01  -1.0913310e-01
   8.0000001e-01  -6.6625000e-02  -7.1833557e-02
   8.1000001e-01  -3.7280000e-03  -3.7918610e-03
   8.2000001e-01   3.4529000e-02   3.7443254e-02
   8.3000001e-01   5.4707000e-02   5.9294761e-02
   8.4000001e-01   1.0793800e-01   1.1658784e-01
   8.5000001e-01   2.0282100e-01   2.1851704e-01
   8.6000001e-01   2.8356300e-01   3.0539471e-01
   8.7000001e-01   3.0774600e-01   3.3144483e-01
   8.8000001e-01   3.0463100e-01   3.2819380e-01
   8.9000001e-01   3.2649600e-01   3.5171796e-01
   9.0000001e-01   3.6680800e-01   3.9512713e-01
   9.1000001e-01   3.7125400e-01   3.9973957e-01
   9.2000001e-01   3.2453800e-01   3.4925649e-01
   9.3000001e-01   2.7436900e-01   2.9501950e-01
   9.4000001e-01   2.5721900e-01   2.7659161e-01
   9.5000001e-01   2.4876900e-01   2.6772279e-01
   9.6000001e-01   2.1051000e-01   2.2628086e-01
   9.7000001e-01   1.5155000e-01   1.6274072e-01
   9.8000001e-01   1.1197300e-01   1.2005647e-01
   9.9000001e-01   9.5413000e-02   1.0175522e-01
   1.0000000e+00   5.6824000e-02   5.9925176e-02
   1.0100000e+00  -3.6592000e-02  -4.0686899e-02
   1.0200000e+00  -1.5747500e-01  -1.7055987e-01
   1.0300000e+00  -2.4494000e-01  -2.6415558e-01
   1.0400000e+00  -2.7692600e-01  -2.9825507e-01
   1.0500000e+00  -2.8641200e-01  -3.0859153e-01
   1.0600000e+00  -2.9656500e-01  -3.1940984e-01
   1.0700000e+00  -2.8334600e-01  -3.0536608e-01
   1.0800000e+00  -2.2199100e-01  -2.3939231e-01
   1.0900000e+00  -1.3919400e-01  -1.4976123e-01
   1.1000000e+00  -8.2765000e-02  -8.8524768e-02
   1.1100000e+00  -4.7402000e-02  -4.9501415e-02
   1.1200000e+00   2.1628000e-02   2.4906254e-02
   1.1300000e+00   1.4653300e-01   1.5892227e-01
   1.1400000e+00   2.8198500e-01   3.0403761e-01
   1.1500000e+00   3.7460200e-01   4.0321553e-01
   1.1600000e+00   4.2809600e-01   4.6114623e-01
   1.1700000e+00   4.8022500e-01   5.1730503e-01
   1.1800000e+00   5.2904100e-01   5.6968245e-01
   1.1900000e+00   5.3060400e-01   5.7183615e-01
   1.2000000e+00   4.6954700e-01   5.0616557e-01
   1.2100000e+00   3.8889700e-01   4.1848156e-01
   1.2200000e+00   3.2903000e-01   3.5341635e-01
   1.2300000e+00   2.6712400e-01   2.8768683e-01
   1.2400000e+00   1.5287400e-01   1.6465950e-01
   1.2500000e+00  -1.3099000e-02  -1.4883830e-02
   1.2600000e+00  -1.7550500e-01  -1.8947626e-01
   1.2700000e+00  -2.9610000e-01  -3.1913498e-01
   1.2800000e+00  -3.8991300e-01  -4.2014673e-01
   1.2900000e+00  -4.7302700e-01  -5.0916963e-01
   1.3000000e+00  -5.1633600e-01  -5.5624781e-01
   1.3100000e+00  -4.8973500e-01  -5.2806291e-01
   1.3200000e+00  -4.1277600e-01  -4.4467219e-01
   1.3300000e+00  -3.3493000e-01  -3.6042488e-01
   1.3400000e+00  -2.6816000e-01  -2.8882413e-01
   1.3500000e+00  -1.7209500e-01  -1.8537921e-01
   1.3600000e+00  -1.9131000e-02  -2.0663779e-02
   1.3700000e+00   1.5691900e-01   1.6890443e-01
   1.3800000e+00   3.0360000e-01   3.2729771e-01
   1.3900000e+00   4.1748700e-01   4.5002722e-01
   1.4000000e+00   5.3033300e-01   5.7205815e-01
   1.4100000e+00   6.3560700e-01   6.8694274e-01
   1.4200000e+00   6.9226600e-01   7.4745449e-01
   1.4300000e+00   6.8139900e-01   7.3469823e-01
   1.4400000e+00   6.3630300e-01   6.8494788e-01
   1.4500000e+00   5.9948500e-01   6.4497642e-01
   1.4600000e+00   5.6164600e-01   4.8526512e-01
   1.4700000e+00   4.6793900e-01   5.0391058e-01
   1.4800000e+00   3.0123500e-01   3.2439823e-01
   1.4900000e+00   1.1022400e-01   1.1871616e-01
   1.5000000e+00  -5.8897000e-02  -6.3650436e-02
   1.5100000e+00  -2.0946600e-01  -2.2568173e-01
   1.5200000e+00  -3.5694000e-01  -3.8434144e-01
   1.5300000e+00  -4.7464300e-01  -5.1108728e-01
   1.5400000e+00  -5.1933900e-01  -5.5922600e-01
   1.5500000e+00  -4.9745700e-01  -5.3631328e-01
   1.5600000e+00  -4.6169600e-01  -4.9717049e-01
   1.5700000e+00  -4.3490500e-01  -4.6856896e-01
   1.5800000e+00  -3.7670100e-01  -4.0564208e-01
   1.5900000e+00  -2.4699400e-01  -2.6596788e-01
   1.6000000e+00  -7.3200000e-02  -7.8822864e-02
   1.6100000e+00   8.6639000e-02   9.3296255e-02
   1.6200000e+00   2.2264400e-01   2.3976266e-01
   1.6300000e+00   3.6633700e-01   3.9448185e-01
   1.6400000e+00   5.1686300e-01   5.5657194e-01
   1.6500000e+00   6.2428500e-01   6.7224408e-01
   1.6600000e+00   6.6038800e-01   7.1049577e-01
   1.6700000e+00   6.6136800e-01   7.1255365e-01
   1.6800000e+00   6.8207600e-01   7.3422489e-01
   1.6900000e+00   7.0312600e-01   6.8887807e-01
   1.7000000e+00   6.4754900e-01   6.1072737e-01
   1.7100000e+00   4.8571700e-01   4.8242859e-01
   1.7200000e+00   2.9027900e-01   3.1264837e-01
   1.7300000e+00   1.2552900e-01   1.3524070e-01
   1.7400000e+00  -4.1983000e-02  -4.5139844e-02
   1.7500000e+00  -2.5067100e-01  -2.6986086e-01
   1.7600000e+00  -4.4706300e-01  -4.8134052e-01
   1.7700000e+00  -5.4474200e-01  -5.8652646e-01
   1.7800000e+00  -5.4693300e-01  -5.9133063e-01
   1.7900000e+00  -5.3994800e-01  -5.8134809e-01
   1.8000000e+00  -5.6623600e-01  -6.0979309e-01
   1.8100000e+00  -5.7237400e-01  -5.9250896e-01
   1.8200000e+00  -4.9576600e-01  -5.2268828e-01
   1.8300000e+00  -3.5333000e-01  -3.8099294e-01
   1.8400000e+00  -2.0865800e-01  -2.2421700e-01
   1.8500000e+00  -7.8263000e-02  -8.4236158e-02
   1.8600000e+00   6.9253000e-02   7.4612972e-02
   1.8700000e+00   2.3772900e-01   2.5603195e-01
   1.8800000e+00   3.7447600e-01   4.0328580e-01
   1.8900000e+00   4.3657100e-01   4.7015039e-01
   1.9000000e+00   4.5127900e-01   4.8785755e-01
   1.9100000e+00   4.7561600e-01   5.1275153e-01
   1.9200000e+00   5.1185500e-01   5.5111122e-01
   1.9300000e+00   5.0372200e-01   5.4232886e-01
   1.9400000e+00   4.2288500e-01   4.5535034e-01
   1.9500000e+00   3.1106600e-01   3.3434241e-01
   1.9600000e+00   2.1192600e-01   2.2824656e-01
   1.9700000e+00   1.1057600e-01   1.1910858e-01
   1.9800000e+00  -2.0511000e-02  -2.2049108e-02
   1.9900000e+00  -1.5413500e-01  -1.6593923e-01
   2.0000000e+00  -2.3079600e-01  -2.4848869e-01
   2.0100000e+00  -2.4076100e-01  -2.6364194e-01
   2.0200000e+00  -2.3861300e-01  -2.5770547e-01
   2.0300000e+00  -2.6941000e-01  -2.9000817e-01
   2.0400000e+00  -3.0861800e-01  -3.3225391e-01
   2.0500000e+00  -2.9566300e-01  -3.1809005e-01
   2.0600000e+00  -2.2078600e-01  -2.3733392e-01
   2.0700000e+00  -1.3556300e-01  -1.4558619e-01
   2.0800000e+00  -6.9556000e-02  -7.4845542e-02
   2.0900000e+00   2.5640000e-03   2.8201634e-03
   2.1000000e+00   1.0024400e-01   1.0800436e-01
   2.1100000e+00   1.9284200e-01   2.0771676e-01
   2.1200000e+00   2.4170000e-01   2.6032768e-01
   2.1300000e+00   2.6350500e-01   2.8607419e-01
   2.1400000e+00   3.0873900e-01   3.3280915e-01
   2.1500000e+00   3.7648100e-01   4.0539721e-01
   2.1600000e+00   4.0396900e-01   4.3434621e-01
   2.1700000e+00   3.5620400e-01   3.8268805e-01
   2.1800000e+00   2.7482600e-01   2.9528166e-01
   2.1900000e+00   2.0738300e-01   2.2336296e-01
   2.2000000e+00   1.3747200e-01   1.4885325e-01
   2.2100000e+00   3.0066000e-02   3.2424206e-02
   2.2200000e+00  -8.9946000e-02  -9.6807735e-02
   2.2300000e+00  -1.5658000e-01  -1.6856121e-01
   2.2400000e+00  -1.5817100e-01  -1.7220331e-01
   2.2500000e+00  -1.6548600e-01  -1.7904020e-01
   2.2600000e+00  -2.3260300e-01  -2.5048529e-01
   2.2700000e+00  -3.0840400e-01  -3.3189567e-01
   2.2800000e+00  -3.0266300e-01  -3.2516354e-01
   2.2900000e+00  -2.1172800e-01  -2.2721339e-01
   2.3000000e+00  -1.1278000e-01  -1.2095120e-01
   2.3100000e+00  -4.7571000e-02  -5.1454999e-02
   2.3200000e+00   1.8390000e-02   1.9349308e-02
   2.3300000e+00   1.0792100e-01   1.1627735e-01
   2.3400000e+00   1.6908900e-01   1.8214528e-01
   2.3500000e+00   1.5620100e-01   1.6826691e-01
   2.3600000e+00   1.2051300e-01   1.3046725e-01
   2.3700000e+00   1.4855700e-01   1.6042947e-01
   2.3800000e+00   2.4276200e-01   2.6136702e-01
   2.3900000e+00   3.1707300e-01   3.4082877e-01
   2.4000000e+00   3.1906100e-01   3.4265914e-01
   2.4100000e+00   3.0858100e-01   3.3225947e-01
   2.4200000e+00   3.5652800e-01   3.8397465e-01
   2.4300000e+00   3.9857600e-01   4.3024815e-01
   2.4400000e+00   3.2481900e-01   3.4982909e-01
   2.4500000e+00   1.9433600e-01   2.0932241e-01
   2.4600000e+00   1.8140100e-01   1.9539384e-01
   2.4700000e+00   2.8960400e-01   3.1190892e-01
   2.4800000e+00   3.1842700e-01   3.4291224e-01
   2.4900000e+00   1.6665000e-01   1.7952885e-01
   2.5000000e+00  -1.2714000e-02  -1.4838845e-02
   2.5100000e+00  -3.0898000e-02  -3.1596133e-02
   2.5200000e+00   6.5881000e-02   7.2114010e-02
   2.5300000e+00   7.0303000e-02   7.5720914e-02
   2.5400000e+00  -5.6051000e-02  -6.0776952e-02
   2.5500000e+00  -1.2220500e-01  -1.7738586e-01
   2.5600000e+00  -2.9516000e-02  -3.1674166e-02
   2.5700000e+00   4.7230000e-02   5.0967726e-02
   2.5800000e+00  -7.8247000e-02  -8.4149090e-02
   2.5900000e+00  -3.0710500e-01  -3.3043751e-01
   2.6000000e+00  -3.9664500e-01  -4.2706838e-01
   2.6100000e+00  -3.1594700e-01  -3.4022541e-01
   2.6200000e+00  -2.6934600e-01  -2.9214881e-01
   2.6300000e+00  -3.6414100e-01  -3.9203485e-01
   2.6400000e+00  -4.2320600e-01  -4.5706229e-01
   2.6500000e+00  -2.7057000e-01  -2.8871065e-01
   2.6600000e+00   8.3500000e-04   9.5681814e-04
   2.6700000e+00   1.6038100e-01   1.7276019e-01
   2.6800000e+00   2.0539500e-01   2.2123274e-01
   2.6900000e+00   3.1693700e-01   3.4134323e-01
   2.7000000e+00   5.1729200e-01   5.1019459e-01
   2.7100000e+00   6.0401700e-01   6.5045668e-01
   2.7200000e+00   4.4518700e-01   4.7944673e-01
   2.7300000e+00   1.5918700e-01   1.7147489e-01
   2.7400000e+00  -3.4172000e-02  -3.6739065e-02
   2.7500000e+00  -1.1281200e-01  -1.2142106e-01
   2.7600000e+00  -2.3774600e-01  -2.5595267e-01
   2.7700000e+00  -4.4727300e-01  -4.8469786e-01
   2.7800000e+00  -5.7510200e-01  -6.1956857e-01
   2.7900000e+00  -4.8617400e-01  -5.2378055e-01
   2.8000000e+00  -2.9827400e-01  -3.2113157e-01
   2.8100000e+00  -2.0991400e-01  -2.2598322e-01
   2.8200000e+00  -2.1781500e-01  -2.3400819e-01
   2.8300000e+00  -1.3573700e-01  -1.4610669e-01
   2.8400000e+00   9.5199000e-02   1.0257058e-01
   2.8500000e+00   2.9565000e-01   3.1840417e-01
   2.8600000e+00   3.1441600e-01   3.3862897e-01
   2.8700000e+00   2.4976500e-01   2.6901187e-01
   2.8800000e+00   2.8665600e-01   3.1146232e-01
   2.8900000e+00   4.1935300e-01   4.5258031e-01
   2.9000000e+00   4.6165100e-01   4.9724227e-01
   2.9100000e+00   3.6101200e-01   3.8880507e-01
   2.9200000e+00   2.8080200e-01   2.0637457e-01
   2.9300000e+00   3.2698400e-01   2.9291169e-01
   2.9400000e+00   3.4148600e-01   3.6738250e-01
   2.9500000e+00   1.1251500e-01   1.2121705e-01
   2.9600000e+00  -3.0275700e-01  -3.2595813e-01
   2.9700000e+00  -6.1716000e-01  -6.6451508e-01
   2.9800000e+00  -7.0985400e-01  -7.6433596e-01
   2.9900000e+00  -7.6619400e-01  -8.2480030e-01
   3.0000000e+00  -9.4469200e-01  -1.0169477e+00
   3.0100000e+00  -1.1036130e+00  -1.1745928e+00
   3.0200000e+00  -1.0341900e+00  -1.1118519e+00
   3.0300000e+00  -7.7510800e-01  -8.1670833e-01
   3.0400000e+00  -5.4872700e-01  -5.9062404e-01
   3.0500000e+00  -4.3848100e-01  -4.7218693e-01
   3.0600000e+00  -2.6774400e-01  -2.8833339e-01
   3.0700000e+00   1.1870900e-01   1.2780896e-01
   3.0800000e+00   5.6060100e-01   6.0364986e-01
   3.0900000e+00   7.7172100e-01   8.2996580e-01
   3.1000000e+00   7.4035700e-01   7.9612037e-01
   3.1100000e+00   7.3491400e-01   7.9115304e-01
   3.1200000e+00   8.8858500e-01   1.0158020e+00
   3.1300000e+00   1.0072760e+00   1.0824862e+00
   3.1400000e+00   9.3056300e-01   1.0148241e+00
   3.1500000e+00   7.8866300e-01   8.6431732e-01
   3.1600000e+00   7.9704600e-01   8.5252919e-01
   3.1700000e+00   8.6599000e-01   9.3844696e-01
   3.1800000e+00   7.2789200e-01   7.8385299e-01
   3.1900000e+00   3.5704300e-01   3.8451357e-01
   3.2000000e+00   1.5813000e-02   1.7068299e-02
   3.2100000e+00  -1.3094200e-01  -1.4096100e-01
   3.2200000e+00  -2.5974700e-01  -2.7966153e-01
   3.2300000e+00  -5.6727500e-01  -6.1082664e-01
   3.2400000e+00  -9.2570600e-01  -9.9270596e-01
   3.2500000e+00  -1.0940420e+00  -1.1705191e+00
   3.2600000e+00  -1.0610230e+00  -1.1409911e+00
   3.2700000e+00  -1.0238900e+00  -1.1161801e+00
   3.2800000e+00  -1.0398290e+00  -1.1186516e+00
   3.2900000e+00  -9.3809700e-01  -1.0105168e+00
   3.3000000e+00  -5.8191200e-01  -6.2675628e-01
   3.3100000e+00  -9.9139000e-02  -1.0685747e-01
   3.3200000e+00   2.6692700e-01   2.8733144e-01
   3.3300000e+00   4.6643300e-01   5.0216567e-01
   3.3400000e+00   6.4366300e-01   6.9480637e-01
   3.3500000e+00   8.8039700e-01   9.4726053e-01
   3.3600000e+00   1.0693430e+00   1.1477308e+00
   3.3700000e+00   1.0985060e+00   1.1763797e+00
   3.3800000e+00   1.0521480e+00   1.1299855e+00
   3.3900000e+00   1.0732240e+00   1.1781485e+00
   3.4000000e+00   1.1106450e+00   1.1918519e+00
   3.4100000e+00   9.5594400e-01   1.0297804e+00
   3.4200000e+00   5.7906800e-01   6.2308577e-01
   3.4300000e+00   2.0926500e-01   2.2536709e-01
   3.4400000e+00   3.1156000e-02   3.3573716e-02
   3.4500000e+00  -7.0410000e-02  -7.5794882e-02
   3.4600000e+00  -2.9235000e-01  -3.1478502e-01
   3.4700000e+00  -5.9522400e-01  -6.4084876e-01
   3.4800000e+00  -7.7537200e-01  -8.3366891e-01
   3.4900000e+00  -8.1198500e-01  -8.7325969e-01
   3.5000000e+00  -8.6604200e-01  -9.3137359e-01
   3.5100000e+00  -1.0209610e+00  -1.0950961e+00
   3.5200000e+00  -1.1050560e+00  -1.1451275e+00
   3.5300000e+00  -9.5697200e-01  -9.9671071e-01
   3.5400000e+00  -6.5441400e-01  -7.0454624e-01
   3.5500000e+00  -4.2616100e-01  -4.5862800e-01
   3.5600000e+00  -3.3464000e-01  -3.6034614e-01
   3.5700000e+00  -1.7292000e-01  -1.8620163e-01
   3.5800000e+00   1.7456800e-01   1.8798239e-01
   3.5900000e+00   5.5298300e-01   5.9363195e-01
   3.6000000e+00   7.9342300e-01   8.5367336e-01
   3.6100000e+00   9.0945200e-01   9.7783129e-01
   3.6200000e+00   1.0377540e+00   1.1088306e+00
   3.6300000e+00   1.1692810e+00   1.2434762e+00
   3.6400000e+00   1.1346320e+00   1.2150391e+00
   3.6500000e+00   8.7387900e-01   9.4130863e-01
   3.6600000e+00   5.2210400e-01   5.6207272e-01
   3.6700000e+00   2.6823300e-01   2.8890714e-01
   3.6800000e+00   9.8007000e-02   1.0560344e-01
   3.6900000e+00  -1.4325300e-01  -1.5419154e-01
   3.7000000e+00  -4.5338100e-01  -4.8814492e-01
   3.7100000e+00  -6.7520400e-01  -7.2695879e-01
   3.7200000e+00  -7.5050300e-01  -8.0783965e-01
   3.7300000e+00  -7.7213500e-01  -8.3154282e-01
   3.7400000e+00  -8.2413900e-01  -8.8758861e-01
   3.7500000e+00  -8.2454600e-01  -8.9068421e-01
   3.7600000e+00  -6.8765400e-01  -7.4577802e-01
   3.7700000e+00  -4.3508300e-01  -5.7819860e-01
   3.7800000e+00  -2.0395400e-01  -2.1947911e-01
   3.7900000e+00  -7.7460000e-02  -8.3340790e-02
   3.8000000e+00   5.7699000e-02   6.2202292e-02
   3.8100000e+00   2.9870200e-01   3.2171999e-01
   3.8200000e+00   5.5531900e-01   5.9805274e-01
   3.8300000e+00   7.3191500e-01   7.8778712e-01
   3.8400000e+00   8.5344100e-01   9.1881610e-01
   3.8500000e+00   1.0074490e+00   1.0835379e+00
   3.8600000e+00   1.1570440e+00   1.2366699e+00
   3.8700000e+00   1.1752840e+00   1.2570087e+00
   3.8800000e+00   1.0485010e+00   1.1277702e+00
   3.8900000e+00   8.6036500e-01   9.6555448e-01
   3.9000000e+00   7.3388200e-01   7.6406611e-01
   3.9100000e+00   6.7778300e-01   7.2974840e-01
   3.9200000e+00   5.5791600e-01   6.0084915e-01
   3.9300000e+00   3.1284900e-01   3.3695538e-01
   3.9400000e+00   8.1810000e-03   8.8811674e-03
   3.9500000e+00  -2.6078100e-01  -2.8074389e-01
   3.9600000e+00  -4.8433000e-01  -5.2130932e-01
   3.9700000e+00  -7.0851600e-01  -7.6365360e-01
   3.9800000e+00  -8.5351600e-01  -9.3237138e-01
   3.9900000e+00  -8.2369500e-01  -8.7794460e-01
   4.0000000e+00  -6.4382000e-01  -6.8805785e-01
   4.0100000e+00  -4.3408500e-01  -4.1228998e-01
   4.0200000e+00  -2.8584400e-01  -4.0191868e-01
   4.0300000e+00  -1.0465900e-01  -1.1298565e-01
   4.0400000e+00   2.3790300e-01   2.5612350e-01
   4.0500000e+00   6.2380100e-01   6.7196328e-01
   4.0600000e+00   8.9988300e-01   9.6897507e-01
   4.0700000e+00   1.0737760e+00   1.1540118e+00
   4.0800000e+00   1.2542990e+00   1.3395437e+00
   4.0900000e+00   1.3980090e+00   1.4906694e+00
   4.1000000e+00   1.4022080e+00   1.4834809e+00
   4.1100000e+00   1.2719190e+00   1.3477037e+00
   4.1200000e+00   1.0629910e+00   1.1320443e+00
   4.1300000e+00   8.4681700e-01   9.1736184e-01
   4.1400000e+00   6.6223100e-01   7.1043639e-01
   4.1500000e+00   4.5193300e-01   4.8516280e-01
   4.1600000e+00   1.9451500e-01   2.0945259e-01
   4.1700000e+00  -9.4225000e-02  -1.0128097e-01
   4.1800000e+00  -3.9787700e-01  -4.2826211e-01
   4.1900000e+00  -6.9747600e-01  -7.5088472e-01
   4.2000000e+00  -9.4996000e-01  -1.0221514e+00
   4.2100000e+00  -1.0413020e+00  -1.1216102e+00
   4.2200000e+00  -9.6523600e-01  -1.0307664e+00
   4.2300000e+00  -8.5259800e-01  -8.9163913e-01
   4.2400000e+00  -7.2100400e-01  -7.4695472e-01
   4.2500000e+00  -5.2638500e-01  -5.4290691e-01
   4.2600000e+00  -2.3508200e-01  -2.4330384e-01
   4.2700000e+00   1.2474900e-01   1.2806851e-01
   4.2800000e+00   4.7637000e-01   4.9050960e-01
   4.2900000e+00   8.3874800e-01   8.7743733e-01
   4.3000000e+00   1.2666820e+00   1.3425035e+00
   4.3100000e+00   1.7200400e+00   1.8072495e+00
   4.3200000e+00   2.0451290e+00   2.1154235e+00
   4.3300000e+00   2.1053200e+00   2.1704500e+00
   4.3400000e+00   1.8758160e+00   1.9487863e+00
   4.3500000e+00   1.5944290e+00   1.6560088e+00
   4.3600000e+00   1.3587320e+00   1.4126418e+00
   4.3700000e+00   9.6654700e-01   1.0078078e+00
   4.3800000e+00   3.4596300e-01   3.5851510e-01
   4.3900000e+00  -3.0283300e-01  -3.1549184e-01
   4.4000000e+00  -7.5671300e-01  -7.8056492e-01
   4.4100000e+00  -1.0982650e+00  -1.1305000e+00
   4.4200000e+00  -1.6096570e+00  -1.6620126e+00
   4.4300000e+00  -2.3605090e+00  -2.4202399e+00
   4.4400000e+00  -3.0728600e+00  -3.1191071e+00
   4.4500000e+00  -3.5208680e+00  -3.5508753e+00
   4.4600000e+00  -3.6954400e+00  -3.7193732e+00
   4.4700000e+00  -3.7006960e+00  -3.7315304e+00
   4.4800000e+00  -3.6454690e+00  -3.6799660e+00
   4.4900000e+00  -3.5685440e+00  -3.5996474e+00
   4.5000000e+00  -3.4323550e+00  -3.4669003e+00
   4.5100000e+00  -3.1351170e+00  -3.1997949e+00
   4.5200000e+00  -2.6820080e+00  -2.7945563e+00
   4.5300000e+00  -2.0989270e+00  -2.2525857e+00
   4.5400000e+00  -1.3744730e+00  -1.4780814e+00
   4.5500000e+00  -4.9367800e-01  -5.3479795e-01
   4.5600000e+00   3.7826500e-01   4.0413273e-01
   4.5700000e+00   1.1673260e+00   1.2536220e+00
   4.5800000e+00   1.6726360e+00   1.7508955e+00
   4.5900000e+00   1.8455350e+00   1.9096709e+00
   4.6000000e+00   1.8065510e+00   1.8667821e+00
   4.6100000e+00   1.7180110e+00   1.7788961e+00
   4.6200000e+00   1.3897770e+00   1.4486046e+00
   4.6300000e+00   7.2591500e-01   7.5690806e-01
   4.6400000e+00  -4.9667000e-02  -5.4558524e-02
   4.6500000e+00  -6.5835400e-01  -6.8144824e-01
   4.6600000e+00  -1.1517600e+00  -1.1856692e+00
   4.6700000e+00  -1.7921970e+00  -1.8448387e+00
   4.6800000e+00  -2.6478070e+00  -2.7057793e+00
   4.6900000e+00  -3.4515650e+00  -3.4875746e+00
   4.7000000e+00  -3.9953710e+00  -4.0033924e+00
   4.7100000e+00  -4.2358360e+00  -4.2326338e+00
   4.7200000e+00  -4.2311150e+00  -4.2318386e+00
   4.7300000e+00  -4.1068810e+00  -4.1064659e+00
   4.7400000e+00  -3.9600720e+00  -3.9487118e+00
   4.7500000e+00  -3.7528240e+00  -3.7358579e+00
   4.7600000e+00  -3.3168820e+00  -3.3130665e+00
   4.7700000e+00  -2.5738340e+00  -2.5962565e+00
   4.7800000e+00  -1.7317500e+00  -1.7616489e+00
   4.7900000e+00  -9.7239000e-01  -9.9618092e-01
   4.8000000e+00  -1.6817400e-01  -1.8149358e-01
   4.8100000e+00   8.0150100e-01   7.9306343e-01
   4.8200000e+00   1.8460990e+00   1.8146115e+00
   4.8300000e+00   2.7371170e+00   2.6681838e+00
   4.8400000e+00   3.3446180e+00   3.2381623e+00
   4.8500000e+00   3.7107310e+00   3.5796808e+00
   4.8600000e+00   3.9705710e+00   3.8147266e+00
   4.8700000e+00   4.1910190e+00   4.0077340e+00
   4.8800000e+00   4.3243580e+00   4.1300679e+00
   4.8900000e+00   4.2656640e+00   4.0773575e+00
   4.9000000e+00   3.9944970e+00   3.8315507e+00
   4.9100000e+00   3.5830000e+00   3.4543015e+00
   4.9200000e+00   3.0850590e+00   2.9981581e+00
   4.9300000e+00   2.4899480e+00   2.4617660e+00
   4.9400000e+00   1.7516510e+00   1.7833565e+00
   4.9500000e+00   9.5437100e-01   1.0073970e+00
   4.9600000e+00   1.1241400e-01   1.2744620e-01
   4.9700000e+00  -7.5735600e-01  -8.1301897e-01
   4.9800000e+00  -1.4785360e+00  -1.5951044e+00
   4.9900000e+00  -2.0532500e+00  -2.1839873e+00
   5.0000000e+00  -2.4140580e+00  -2.5182251e+00
   5.0100000e+00  -2.5362400e+00  -2.6352053e+00
   5.0200000e+00  -2.5556550e+00  -2.6658640e+00
   5.0300000e+00  -2.5907430e+00  -2.7209291e+00
   5.0400000e+00  -2.3809680e+00  -2.5085893e+00
   5.0500000e+00  -1.6310700e+00  -1.7387138e+00
   5.0600000e+00  -4.5223300e-01  -4.8097179e-01
   5.0700000e+00   5.3851600e-01   5.8876388e-01
   5.0800000e+00   1.1743550e+00   1.2124856e+00
   5.0900000e+00   1.7944560e+00   1.8055757e+00
   5.1000000e+00   2.5634710e+00   2.5216264e+00
   5.1100000e+00   3.2775230e+00   3.1817087e+00
   5.1200000e+00   3.6152970e+00   3.4978339e+00
   5.1300000e+00   3.4366530e+00   3.3307045e+00
   5.1400000e+00   3.0623260e+00   2.9855711e+00
   5.1500000e+00   2.9497650e+00   2.8925962e+00
   5.1600000e+00   3.0673680e+00   3.0252710e+00
   5.1700000e+00   2.8873730e+00   2.8807343e+00
   5.1800000e+00   1.8420930e+00   1.8955865e+00
   5.1900000e+00   2.3392900e-01   2.4097471e-01
   5.2000000e+00  -8.7239900e-01  -8.9636455e-01
   5.2100000e+00  -1.5076300e+00  -1.5380536e+00
   5.2200000e+00  -2.2535520e+00  -2.2849032e+00
   5.2300000e+00  -3.4134410e+00  -3.4358876e+00
   5.2400000e+00  -4.7266300e+00  -4.7231480e+00
   5.2500000e+00  -5.6505830e+00  -5.6139014e+00
   5.2600000e+00  -5.9409210e+00  -5.8878903e+00
   5.2700000e+00  -5.8578990e+00  -5.8120500e+00
   5.2800000e+00  -5.9153140e+00  -5.8782926e+00
   5.2900000e+00  -6.2900400e+00  -6.2465849e+00
   5.3000000e+00  -6.5721140e+00  -6.5099581e+00
   5.3100000e+00  -6.1156510e+00  -6.0614495e+00
   5.3200000e+00  -4.6382030e+00  -4.6493921e+00
   5.3300000e+00  -2.5057810e+00  -2.5721336e+00
   5.3400000e+00  -5.4132100e-01  -5.9067548e-01
   5.3500000e+00   7.8825700e-01   8.4146781e-01
   5.3600000e+00   1.9629080e+00   1.9853162e+00
   5.3700000e+00   3.3650190e+00   3.2287398e+00
   5.3800000e+00   5.0058070e+00   4.7024641e+00
   5.3900000e+00   6.2175240e+00   5.8061625e+00
   5.4000000e+00   6.6505160e+00   6.1984404e+00
   5.4100000e+00   6.5015190e+00   6.0653138e+00
   5.4200000e+00   6.2890160e+00   5.8654347e+00
   5.4300000e+00   6.3455610e+00   5.9047339e+00
   5.4400000e+00   6.4804430e+00   6.0257705e+00
   5.4500000e+00   6.1715390e+00   5.7623671e+00
   5.4600000e+00   5.0659860e+00   4.7914323e+00
   5.4700000e+00   3.3343700e+00   3.2480484e+00
   5.4800000e+00   1.5372980e+00   1.6108197e+00
   5.4900000e+00   1.5526500e-01   1.6160468e-01
   5.5000000e+00  -7.5479500e-01  -8.2443971e-01
   5.5100000e+00  -2.1182790e+00  -2.2542714e+00
   5.5200000e+00  -3.7557740e+00  -3.8009885e+00
   5.5300000e+00  -4.8866810e+00  -4.8381513e+00
   5.5400000e+00  -5.1431140e+00  -5.0814940e+00
   5.5500000e+00  -4.6529990e+00  -4.6346723e+00
   5.5600000e+00  -3.9902200e+00  -4.0184401e+00
   5.5700000e+00  -3.5492440e+00  -3.6052558e+00
   5.5800000e+00  -3.1975720e+00  -3.2576032e+00
   5.5900000e+00  -2.4570330e+00  -2.5211415e+00
   5.6000000e+00  -9.0698400e-01  -9.7223556e-01
   5.6100000e+00   1.3805150e+00   1.5062836e+00
   5.6200000e+00   2.5982020e+00   2.5903829e+00
   5.6300000e+00   3.1665510e+00   3.0717157e+00
   5.6400000e+00   3.6391690e+00   3.4803790e+00
   5.6500000e+00   4.2632130e+00   4.0368273e+00
   5.6600000e+00   5.0448310e+00   4.7517920e+00
   5.6700000e+00   5.6938780e+00   5.3580692e+00
   5.6800000e+00   5.8696200e+00   5.5287718e+00
   5.6900000e+00   5.5327920e+00   5.2182863e+00
   5.7000000e+00   4.9621910e+00   4.6884379e+00
   5.7100000e+00   4.4872240e+00   4.2530573e+00
   5.7200000e+00   4.1635000e+00   3.9720851e+00
   5.7300000e+00   3.7043980e+00   3.5755088e+00
   5.7400000e+00   2.7183870e+00   2.6962149e+00
   5.7500000e+00   9.8974700e-01   1.0408714e+00
   5.7600000e+00  -1.4198890e+00  -1.5504047e+00
   5.7700000e+00  -2.7813880e+00  -2.8983939e+00
   5.7800000e+00  -3.6664210e+00  -3.7443223e+00
   5.7900000e+00  -4.6163010e+00  -4.6305451e+00
   5.8000000e+00  -5.7845400e+00  -5.6989262e+00
   5.8100000e+00  -6.9970000e+00  -6.8119219e+00
   5.8200000e+00  -7.8393950e+00  -7.5949205e+00
   5.8300000e+00  -7.9786780e+00  -7.7407479e+00
   5.8400000e+00  -7.4973600e+00  -7.3100901e+00
   5.8500000e+00  -6.8165220e+00  -6.6810292e+00
   5.8600000e+00  -6.3397010e+00  -6.2265708e+00
   5.8700000e+00  -6.0134670e+00  -5.9082624e+00
   5.8800000e+00  -5.3303180e+00  -5.2673997e+00
   5.8900000e+00  -3.7839120e+00  -3.8142771e+00
   5.9000000e+00  -1.3502100e+00  -1.4000263e+00
   5.9100000e+00   4.5961200e-01   4.8120757e-01
   5.9200000e+00   1.0887890e+00   1.1184843e+00
   5.9300000e+00   1.4828420e+00   1.4978912e+00
   5.9400000e+00   2.4126550e+00   2.3819726e+00
   5.9500000e+00   3.6965690e+00   3.5735379e+00
   5.9600000e+00   4.5161170e+00   4.3233637e+00
   5.9700000e+00   4.3234940e+00   4.1360476e+00
   5.9800000e+00   3.4406940e+00   3.3244160e+00
   5.9900000e+00   2.6604700e+00   2.6123411e+00
   6.0000000e+00   2.5295030e+00   2.4963871e+00
   6.0100000e+00   2.7122780e+00   2.6867131e+00
   6.0200000e+00   2.2341080e+00   2.2514714e+00
   6.0300000e+00   3.5936700e-01   3.9852096e-01
   6.0400000e+00  -1.8931300e+00  -2.0378256e+00
   6.0500000e+00  -2.3361250e+00  -2.4592263e+00
   6.0600000e+00  -2.0309230e+00  -2.1295951e+00
   6.0700000e+00  -2.4262690e+00  -2.4973955e+00
   6.0800000e+00  -3.7630880e+00  -3.7978543e+00
   6.0900000e+00  -5.0167840e+00  -4.9922978e+00
   6.1000000e+00  -5.1330080e+00  -5.1157111e+00
   6.1100000e+00  -3.9948290e+00  -4.0307049e+00
   6.1200000e+00  -2.5526290e+00  -2.6137134e+00
   6.1300000e+00  -1.8219450e+00  -1.8804802e+00
   6.1400000e+00  -1.7699710e+00  -1.8262692e+00
   6.1500000e+00  -1.2404600e+00  -1.2888916e+00
   6.1600000e+00   6.4138600e-01   6.4392783e-01
   6.1700000e+00   3.1082330e+00   3.1017642e+00
   6.1800000e+00   4.1293410e+00   4.0251020e+00
   6.1900000e+00   4.0358640e+00   3.8996628e+00
   6.2000000e+00   3.7345780e+00   3.5880482e+00
   6.2100000e+00   3.9471490e+00   3.7532660e+00
   6.2200000e+00   4.6333810e+00   4.3760687e+00
   6.2300000e+00   5.0935860e+00   4.8147935e+00
   6.2400000e+00   4.6374130e+00   4.4267162e+00
   6.2500000e+00   3.3041130e+00   3.2197493e+00
   6.2600000e+00   1.9034330e+00   1.8906148e+00
   6.2700000e+00   1.2203290e+00   1.2337100e+00
   6.2800000e+00   1.1078280e+00   1.1275362e+00
   6.2900000e+00   5.2139600e-01   5.4201013e-01
   6.3000000e+00  -1.2748650e+00  -1.3034517e+00
   6.3100000e+00  -3.4421130e+00  -3.4785558e+00
   6.3200000e+00  -4.2134890e+00  -4.2128568e+00
   6.3300000e+00  -3.9382080e+00  -3.9615317e+00
   6.3400000e+00  -3.6642280e+00  -3.7131074e+00
   6.3500000e+00  -4.0464470e+00  -4.0800652e+00
   6.3600000e+00  -4.6649140e+00  -4.6663594e+00
   6.3700000e+00  -4.6563350e+00  -4.6611266e+00
   6.3800000e+00  -3.6159420e+00  -3.6454320e+00
   6.3900000e+00  -1.9661360e+00  -2.0039259e+00
   6.4000000e+00  -5.7839900e-01  -6.0720346e-01
   6.4100000e+00   1.1588500e-01   1.0047488e-01
   6.4200000e+00   5.8923200e-01   5.8676051e-01
   6.4300000e+00   1.6976160e+00   1.7147303e+00
   6.4400000e+00   3.5003360e+00   3.4416246e+00
   6.4500000e+00   4.8098390e+00   4.6247611e+00
   6.4600000e+00   5.1151790e+00   4.8594122e+00
   6.4700000e+00   4.7053520e+00   4.4547187e+00
   6.4800000e+00   4.2408970e+00   4.0196715e+00
   6.4900000e+00   4.1471260e+00   3.9348473e+00
   6.5000000e+00   4.2005130e+00   4.0059772e+00
   6.5100000e+00   3.8077770e+00   3.6876424e+00
   6.5200000e+00   2.5775480e+00   2.5471304e+00
   6.5300000e+00   8.2708500e-01   8.3418697e-01
   6.5400000e+00  -6.4813200e-01  -6.5195684e-01
   6.5500000e+00  -1.4748230e+00  -1.5074601e+00
   6.5600000e+00  -1.9944880e+00  -2.0417868e+00
   6.5700000e+00  -3.0431120e+00  -3.0753563e+00
   6.5800000e+00  -4.5912490e+00  -4.5656783e+00
   6.5900000e+00  -5.7017900e+00  -5.6163130e+00
   6.6000000e+00  -5.8831580e+00  -5.7865709e+00
   6.6100000e+00  -5.3767360e+00  -5.3239783e+00
   6.6200000e+00  -4.8189850e+00  -4.8137452e+00
   6.6300000e+00  -4.5642080e+00  -4.5731918e+00
   6.6400000e+00  -4.4260760e+00  -4.4205979e+00
   6.6500000e+00  -3.8926930e+00  -3.8936064e+00
   6.6600000e+00  -2.7021610e+00  -2.7525943e+00
   6.6700000e+00  -1.0542730e+00  -1.1343936e+00
   6.6800000e+00   5.0004400e-01   5.3122746e-01
   6.6900000e+00   1.2624370e+00   1.3472951e+00
   6.7000000e+00   1.8493680e+00   1.9391602e+00
   6.7100000e+00   2.7738760e+00   2.7699424e+00
   6.7200000e+00   3.6267440e+00   3.5028303e+00
   6.7300000e+00   4.2329000e+00   4.0353867e+00
   6.7400000e+00   4.3250440e+00   4.1184721e+00
   6.7500000e+00   3.9580050e+00   3.7901168e+00
   6.7600000e+00   3.3745160e+00   3.2697437e+00
   6.7700000e+00   2.8501600e+00   2.8049449e+00
   6.7800000e+00   2.5434800e+00   2.5193649e+00
   6.7900000e+00   2.2483260e+00   2.2394796e+00
   6.8000000e+00   1.5454390e+00   1.5723391e+00
   6.8100000e+00   4.7840700e-01   5.2205188e-01
   6.8200000e+00  -5.1004700e-01  -5.5646574e-01
   6.8300000e+00  -7.4894400e-01  -8.1673124e-01
   6.8400000e+00  -7.6846800e-01  -8.3519277e-01
   6.8500000e+00  -1.3616720e+00  -1.4862443e+00
   6.8600000e+00  -2.1302850e+00  -2.2108443e+00
   6.8700000e+00  -2.5099720e+00  -2.5765925e+00
   6.8800000e+00  -2.1577640e+00  -2.2459063e+00
   6.8900000e+00  -1.3506810e+00  -1.4452531e+00
   6.9000000e+00  -8.7877500e-01  -9.3357545e-01
   6.9100000e+00  -1.0525560e+00  -1.0990181e+00
   6.9200000e+00  -1.2439480e+00  -1.2924846e+00
   6.9300000e+00  -8.4068800e-01  -8.9615462e-01
   6.9400000e+00   1.4919200e-01   1.5193682e-01
   6.9500000e+00   8.5282900e-01   9.0920966e-01
   6.9600000e+00   8.3050500e-01   8.8016602e-01
   6.9700000e+00   7.7538800e-01   8.2926853e-01
   6.9800000e+00   1.5112100e+00   1.6152720e+00
   6.9900000e+00   2.3408680e+00   2.3485743e+00
   7.0000000e+00   2.7049770e+00   2.6772346e+00
   7.0100000e+00   2.5233240e+00   2.5164863e+00
   7.0200000e+00   2.1380320e+00   2.1491724e+00
   7.0300000e+00   2.0918710e+00   2.0900611e+00
   7.0400000e+00   2.4463520e+00   2.4255083e+00
   7.0500000e+00   2.6662270e+00   2.6390268e+00
   7.0600000e+00   2.3114900e+00   2.3138151e+00
   7.0700000e+00   1.3720020e+00   1.4235645e+00
   7.0800000e+00   1.9767100e-01   2.0882213e-01
   7.0900000e+00  -4.7808600e-01  -5.2197929e-01
   7.1000000e+00  -6.8667900e-01  -7.4666863e-01
   7.1100000e+00  -1.6425940e+00  -1.7720452e+00
   7.1200000e+00  -2.9758510e+00  -3.0682947e+00
   7.1300000e+00  -3.9285890e+00  -3.9638132e+00
   7.1400000e+00  -4.0749770e+00  -4.0907659e+00
   7.1500000e+00  -3.5174480e+00  -3.5477102e+00
   7.1600000e+00  -2.8564300e+00  -2.8980892e+00
   7.1700000e+00  -2.6576770e+00  -2.7115482e+00
   7.1800000e+00  -2.7062220e+00  -2.7744890e+00
   7.1900000e+00  -2.2051220e+00  -2.2898392e+00
   7.2000000e+00  -7.0874600e-01  -7.6377236e-01
   7.2100000e+00   1.1461190e+00   1.2245119e+00
   7.2200000e+00   2.0977200e+00   2.2064828e+00
   7.2300000e+00   2.3119600e+00   2.3527055e+00
   7.2400000e+00   2.7033080e+00   2.6675094e+00
   7.2500000e+00   3.4979160e+00   3.3667289e+00
   7.2600000e+00   4.4005160e+00   4.1806500e+00
   7.2700000e+00   4.8670510e+00   4.6143415e+00
   7.2800000e+00   4.6319820e+00   4.4149478e+00
   7.2900000e+00   3.9512830e+00   3.8090428e+00
   7.3000000e+00   3.4763520e+00   3.3803410e+00
   7.3100000e+00   3.4916510e+00   3.3899972e+00
   7.3200000e+00   3.5473190e+00   3.4301161e+00
   7.3300000e+00   2.8989510e+00   2.8379772e+00
   7.3400000e+00   1.2988000e+00   1.3118116e+00
   7.3500000e+00  -5.5380400e-01  -5.6356640e-01
   7.3600000e+00  -1.6546850e+00  -1.7466978e+00
   7.3700000e+00  -1.9164670e+00  -2.0583222e+00
   7.3800000e+00  -2.6135980e+00  -2.7666604e+00
   7.3900000e+00  -4.0249770e+00  -4.0884374e+00
   7.4000000e+00  -5.2741100e+00  -5.2243292e+00
   7.4100000e+00  -5.6157750e+00  -5.5138231e+00
   7.4200000e+00  -4.8780820e+00  -4.8181638e+00
   7.4300000e+00  -3.7213330e+00  -3.7594820e+00
   7.4400000e+00  -3.0934700e+00  -3.2112282e+00
   7.4500000e+00  -3.2285870e+00  -3.3321850e+00
   7.4600000e+00  -3.2408680e+00  -3.3145712e+00
   7.4700000e+00  -2.0616110e+00  -2.1785392e+00
   7.4800000e+00   4.5598700e-01   4.9298160e-01
   7.4900000e+00   2.0446840e+00   2.0866148e+00
   7.5000000e+00   2.1117350e+00   2.1121944e+00
   7.5100000e+00   1.9529710e+00   1.9493076e+00
   7.5200000e+00   2.2498700e+00   2.2169653e+00
   7.5300000e+00   3.0362160e+00   2.9458131e+00
   7.5400000e+00   3.6659640e+00   3.5490938e+00
   7.5500000e+00   3.4226310e+00   3.3457955e+00
   7.5600000e+00   2.3058430e+00   2.2912010e+00
   7.5700000e+00   1.2505790e+00   1.2734780e+00
   7.5800000e+00   1.0422160e+00   1.0836968e+00
   7.5900000e+00   1.3039730e+00   1.3501031e+00
   7.6000000e+00   8.4525500e-01   8.9128288e-01
   7.6100000e+00  -8.7966200e-01  -9.6629266e-01
   7.6200000e+00  -2.3423470e+00  -2.4111291e+00
   7.6300000e+00  -2.7948260e+00  -2.8508341e+00
   7.6400000e+00  -2.7193770e+00  -2.7808681e+00
   7.6500000e+00  -2.7099440e+00  -2.7781773e+00
   7.6600000e+00  -3.1198480e+00  -3.1821729e+00
   7.6700000e+00  -3.6481320e+00  -3.6820992e+00
   7.6800000e+00  -3.8555660e+00  -3.8569396e+00
   7.6900000e+00  -3.5480390e+00  -3.5512225e+00
   7.7000000e+00  -3.0724480e+00  -3.1106763e+00
   7.7100000e+00  -2.9893990e+00  -3.0583334e+00
   7.7200000e+00  -3.2768720e+00  -3.3541042e+00
   7.7300000e+00  -3.4474030e+00  -3.5008935e+00
   7.7400000e+00  -3.2850620e+00  -3.3375239e+00
   7.7500000e+00  -2.7311590e+00  -2.8297558e+00
   7.7600000e+00  -1.5503150e+00  -1.6260244e+00
   7.7700000e+00  -7.2848100e-01  -7.4503923e-01
   7.7800000e+00  -6.4147300e-01  -6.5764027e-01
   7.7900000e+00  -7.4292600e-01  -7.5638651e-01
   7.8000000e+00  -3.6819000e-01  -3.6601428e-01
   7.8100000e+00   2.7649600e-01   2.8147452e-01
   7.8200000e+00   5.7397400e-01   5.7115229e-01
   7.8300000e+00   3.6654100e-01   3.6647867e-01
   7.8400000e+00   1.4051000e-02   2.4620432e-02
   7.8500000e+00   9.2289000e-02   1.0518926e-01
   7.8600000e+00   4.2708200e-01   4.3667448e-01
   7.8700000e+00   3.8817500e-01   3.9014387e-01
   7.8800000e+00  -2.7474800e-01  -2.8481294e-01
   7.8900000e+00  -1.1025770e+00  -1.2033202e+00
   7.9000000e+00  -1.1380760e+00  -1.1886638e+00
   7.9100000e+00  -1.0709790e+00  -1.1238324e+00
   7.9200000e+00  -1.3463850e+00  -1.4248774e+00
   7.9300000e+00  -1.9687190e+00  -2.0488066e+00
   7.9400000e+00  -2.5261610e+00  -2.5665707e+00
   7.9500000e+00  -2.8653310e+00  -2.8748277e+00
   7.9600000e+00  -3.1625560e+00  -3.1903143e+00
   7.9700000e+00  -3.5642530e+00  -3.6122448e+00
   7.9800000e+00  -3.9122090e+00  -3.9620773e+00
   7.9900000e+00  -3.7316850e+00  -3.7883508e+00
   8.0000000e+00  -3.1025170e+00  -3.1659163e+00
   8.0100000e+00  -2.5397780e+00  -2.6017160e+00
   8.0200000e+00  -2.1336950e+00  -2.2284663e+00
   8.0300000e+00  -1.1003970e+00  -1.1667680e+00
   8.0400000e+00   2.1960200e-01   2.2089682e-01
   8.0500000e+00   1.0291650e+00   1.0885565e+00
   8.0600000e+00   1.3421520e+00   1.4017061e+00
   8.0700000e+00   1.5062460e+00   1.5323349e+00
   8.0800000e+00   2.1035740e+00   2.0998092e+00
   8.0900000e+00   3.0278980e+00   3.0059843e+00
   8.1000000e+00   3.6529600e+00   3.5490879e+00
   8.1100000e+00   3.6850060e+00   3.5663226e+00
   8.1200000e+00   3.4760380e+00   3.3660645e+00
   8.1300000e+00   3.7160730e+00   3.5793462e+00
   8.1400000e+00   4.5484310e+00   4.3664348e+00
   8.1500000e+00   5.4699540e+00   5.2570908e+00
   8.1600000e+00   5.7417410e+00   5.5064639e+00
   8.1700000e+00   5.4435830e+00   5.2683982e+00
   8.1800000e+00   5.0203920e+00   4.8968749e+00
   8.1900000e+00   4.6326660e+00   4.5309400e+00
   8.2000000e+00   3.9484220e+00   3.9016284e+00
   8.2100000e+00   2.7003280e+00   2.7223515e+00
   8.2200000e+00   1.2153300e+00   1.2276691e+00
   8.2300000e+00  -7.0650000e-02  -1.0312137e-01
   8.2400000e+00  -1.3679490e+00  -1.4220380e+00
   8.2500000e+00  -2.5354800e+00  -2.6326082e+00
   8.2600000e+00  -3.0624290e+00  -3.1647880e+00
   8.2700000e+00  -3.2845750e+00  -3.3387217e+00
   8.2800000e+00  -3.8107160e+00  -3.8085937e+00
   8.2900000e+00  -4.2257660e+00  -4.2047021e+00
   8.3000000e+00  -3.7228160e+00  -3.6994302e+00
   8.3100000e+00  -2.9821810e+00  -2.9969367e+00
   8.3200000e+00  -2.7773620e+00  -2.8186130e+00
   8.3300000e+00  -2.9553080e+00  -3.0125198e+00
   8.3400000e+00  -2.6693800e+00  -2.7176178e+00
   8.3500000e+00  -1.9649240e+00  -1.9873995e+00
   8.3600000e+00  -1.3986760e+00  -1.3682208e+00
   8.3700000e+00  -1.1921370e+00  -1.1484545e+00
   8.3800000e+00  -1.0791170e+00  -1.0551542e+00
   8.3900000e+00  -9.4510800e-01  -9.3708120e-01
   8.4000000e+00  -6.0054700e-01  -5.8698104e-01
   8.4100000e+00  -6.2418000e-02  -5.3749499e-02
   8.4200000e+00   4.4701600e-01   4.4229695e-01
   8.4300000e+00   6.0938500e-01   6.1143484e-01
   8.4400000e+00   4.7983200e-01   5.1817376e-01
   8.4500000e+00   5.1320300e-01   5.7901685e-01
   8.4600000e+00   6.6451900e-01   7.1048947e-01
   8.4700000e+00   6.8882400e-01   7.0673734e-01
   8.4800000e+00   4.4402500e-01   4.6956250e-01
   8.4900000e+00  -1.1906600e-01  -1.2615749e-01
   8.5000000e+00  -2.6265200e-01  -2.9439278e-01
   8.5100000e+00   9.7630000e-03   3.1998137e-03
   8.5200000e+00   9.5995000e-02   1.1892802e-01
   8.5300000e+00  -1.3099300e-01  -1.6689416e-01
   8.5400000e+00  -5.1454100e-01  -5.5131834e-01
   8.5500000e+00  -7.5649600e-01  -7.8236975e-01
   8.5600000e+00  -6.4343900e-01  -6.7220926e-01
   8.5700000e+00  -6.1308300e-01  -6.7535242e-01
   8.5800000e+00  -8.9484100e-01  -9.6378399e-01
   8.5900000e+00  -1.4737470e+00  -1.6012976e+00
   8.6000000e+00  -1.8250480e+00  -1.9479396e+00
   8.6100000e+00  -1.6776510e+00  -1.7503230e+00
   8.6200000e+00  -1.0053310e+00  -9.9933683e-01
   8.6300000e+00  -1.0013490e+00  -9.7112541e-01
   8.6400000e+00  -1.6743040e+00  -1.6648050e+00
   8.6500000e+00  -2.3799010e+00  -2.3627807e+00
   8.6600000e+00  -2.3174120e+00  -2.2853718e+00
   8.6700000e+00  -1.6010640e+00  -1.5758532e+00
   8.6800000e+00  -1.0421920e+00  -1.0237180e+00
   8.6900000e+00  -1.2529920e+00  -1.2211366e+00
   8.7000000e+00  -1.7957090e+00  -1.7458636e+00
   8.7100000e+00  -1.7948580e+00  -1.7640037e+00
   8.7200000e+00  -1.1281560e+00  -1.1290262e+00
   8.7300000e+00  -6.7435300e-01  -6.8657202e-01
   8.7400000e+00  -1.3564230e+00  -1.3773351e+00
   8.7500000e+00  -2.1605990e+00  -2.2257984e+00
   8.7600000e+00  -1.3422290e+00  -1.4188611e+00
   8.7700000e+00   7.8001100e-01   7.8900128e-01
   8.7800000e+00   2.0589090e+00   2.0876105e+00
   8.7900000e+00   2.0742500e+00   2.0909106e+00
   8.8000000e+00   1.6493390e+00   1.6587599e+00
