   1.0000000e-08   0.0000000e+00  -0.0000000e+00
   1.0000010e-02   2.8170000e-03   3.0332121e-03
   2.0000010e-02   1.4640000e-03   1.4360574e-03
   3.0000010e-02  -2.8367000e-02  -3.0718366e-02
   4.0000010e-02  -8.9325000e-02  -9.6434773e-02
   5.0000010e-02  -1.4513200e-01  -1.5634452e-01
   6.0000010e-02  -1.6836000e-01  -1.8125516e-01
   7.0000010e-02  -1.7530600e-01  -1.8878532e-01
   8.0000010e-02  -1.9304600e-01  -2.0795922e-01
   9.0000010e-02  -2.1292000e-01  -2.2933029e-01
   1.0000001e-01  -2.0124900e-01  -2.1653974e-01
   1.1000001e-01  -1.4306300e-01  -1.5353691e-01
   1.2000001e-01  -6.0998000e-02  -6.5192196e-02
   1.3000001e-01   8.2470000e-03   9.5378586e-03
   1.4000001e-01   5.5365000e-02   6.0032995e-02
   1.5000001e-01   1.0033400e-01   1.0794607e-01
   1.6000001e-01   1.5234600e-01   1.6385256e-01
   1.7000001e-01   1.9639000e-01   2.1162755e-01
   1.8000001e-01   2.2162200e-01   2.3916230e-01
   1.9000001e-01   2.4265100e-01   2.6176549e-01
   2.0000001e-01   2.7766800e-01   2.9907239e-01
   2.1000001e-01   3.1080400e-01   3.3461864e-01
   2.2000001e-01   3.0585500e-01   3.2919484e-01
   2.3000001e-01   2.5647800e-01   2.7579711e-01
   2.4000001e-01   1.9328600e-01   2.0749387e-01
   2.5000001e-01   1.4058500e-01   1.5067184e-01
   2.6000001e-01   8.8491000e-02   9.5117674e-02
   2.7000001e-01   2.1193000e-02   2.2825577e-02
   2.8000001e-01  -4.6214000e-02  -5.0618016e-02
   2.9000001e-01  -8.7058000e-02  -9.4832225e-02
   3.0000001e-01  -1.0494800e-01  -1.1430627e-01
   3.1000001e-01  -1.2702700e-01  -1.3775754e-01
   3.2000001e-01  -1.6052700e-01  -1.7294214e-01
   3.3000001e-01  -1.7989400e-01  -1.9330556e-01
   3.4000001e-01  -1.6459700e-01  -1.7660407e-01
   3.5000001e-01  -1.3144000e-01  -1.4095058e-01
   3.6000001e-01  -1.0864400e-01  -1.1663222e-01
   3.7000001e-01  -9.1310000e-02  -9.8345068e-02
   3.8000001e-01  -5.3119000e-02  -5.7187131e-02
   3.9000001e-01   2.2920000e-03   2.4789332e-03
   4.0000001e-01   3.8385000e-02   4.2324579e-02
   4.1000001e-01   4.2855000e-02   4.7342285e-02
   4.2000001e-01   5.0888000e-02   5.6063663e-02
   4.3000001e-01   9.2121000e-02   9.9732527e-02
   4.4000001e-01   1.4466000e-01   1.5579879e-01
   4.5000001e-01   1.6878200e-01   1.8119835e-01
   4.6000001e-01   1.6314600e-01   1.7505129e-01
   4.7000001e-01   1.5186300e-01   1.6300417e-01
   4.8000001e-01   1.3387400e-01   1.4386955e-01
   4.9000001e-01   8.5152000e-02   9.1714971e-02
   5.0000001e-01   4.7010000e-03   5.0784835e-03
   5.1000001e-01  -7.5572000e-02  -8.2311197e-02
   5.2000001e-01  -1.3200700e-01  -1.4309112e-01
   5.3000001e-01  -1.7445200e-01  -1.8884203e-01
   5.4000001e-01  -2.2225800e-01  -2.4016613e-01
   5.5000001e-01  -2.7409400e-01  -2.9524557e-01
   5.6000001e-01  -3.1025600e-01  -3.3399918e-01
   5.7000001e-01  -3.1598100e-01  -3.4010028e-01
   5.8000001e-01  -2.9550500e-01  -3.1786252e-01
   5.9000001e-01  -2.6231600e-01  -2.8208254e-01
   6.0000001e-01  -2.1991100e-01  -2.3687622e-01
   6.1000001e-01  -1.6186100e-01  -1.7434017e-01
   6.2000001e-01  -9.0541000e-02  -9.7188695e-02
   6.3000001e-01  -2.1412000e-02  -2.1916734e-02
   6.4000001e-01   3.5808000e-02   3.9889778e-02
   6.5000001e-01   8.9925000e-02   9.7980241e-02
   6.6000001e-01   1.5165900e-01   1.6369100e-01
   6.7000001e-01   2.0672600e-01   2.2229859e-01
   6.8000001e-01   2.2843600e-01   2.4551472e-01
   6.9000001e-01   2.2198600e-01   2.3847866e-01
   7.0000001e-01   2.1949000e-01   2.3636845e-01
   7.1000001e-01   2.2464800e-01   2.4191349e-01
   7.2000001e-01   2.0304700e-01   2.1862185e-01
   7.3000001e-01   1.3396800e-01   1.4383930e-01
   7.4000001e-01   4.5607000e-02   4.8020608e-02
   7.5000001e-01  -1.4231000e-02  -1.6496782e-02
   7.6000001e-01  -3.7885000e-02  -4.2305694e-02
   7.7000001e-01  -6.1210000e-02  -6.6027244e-02
   7.8000001e-01  -1.0239900e-01  -1.1029059e-01
   7.9000001e-01  -1.3572600e-01  -1.4617890e-01
   8.0000001e-01  -1.3548000e-01  -1.4591778e-01
   8.1000001e-01  -1.1501700e-01  -1.2416031e-01
   8.2000001e-01  -1.0566200e-01  -1.1408578e-01
   8.3000001e-01  -1.1244200e-01  -1.2132243e-01
   8.4000001e-01  -1.1213300e-01  -1.2058363e-01
   8.5000001e-01  -9.1725000e-02  -9.8449121e-02
   8.6000001e-01  -6.7429000e-02  -7.2329788e-02
   8.7000001e-01  -5.6160000e-02  -6.0219240e-02
   8.8000001e-01  -4.6687000e-02  -5.0200336e-02
   8.9000001e-01  -1.9558000e-02  -2.1294419e-02
   9.0000001e-01   1.6024000e-02   1.6944522e-02
   9.1000001e-01   2.8403000e-02   3.0560624e-02
   9.2000001e-01   6.4550000e-03   6.9978870e-03
   9.3000001e-01  -2.4302000e-02  -2.5927527e-02
   9.4000001e-01  -3.8021000e-02  -4.0756624e-02
   9.5000001e-01  -4.1598000e-02  -4.4761155e-02
   9.6000001e-01  -5.5400000e-02  -6.0005232e-02
   9.7000001e-01  -7.5784000e-02  -8.2145661e-02
   9.8000001e-01  -7.9316000e-02  -8.5811100e-02
   9.9000001e-01  -6.1072000e-02  -6.5842164e-02
   1.0000000e+00  -4.2405000e-02  -4.4778137e-02
   1.0100000e+00  -3.0573000e-02  -3.1783335e-02
   1.0200000e+00   2.8400000e-04   1.3147526e-03
   1.0300000e+00   6.8768000e-02   7.4406950e-02
   1.0400000e+00   1.5074000e-01   1.6229660e-01
   1.0500000e+00   2.0318800e-01   2.1887719e-01
   1.0600000e+00   2.1578000e-01   2.3234017e-01
   1.0700000e+00   2.1917600e-01   2.3619181e-01
   1.0800000e+00   2.3434600e-01   2.5272890e-01
   1.0900000e+00   2.4065800e-01   2.5955734e-01
   1.1000000e+00   2.1211200e-01   2.2865481e-01
   1.1100000e+00   1.5798200e-01   1.6894731e-01
   1.1200000e+00   1.0419500e-01   1.1063257e-01
   1.1300000e+00   4.6448000e-02   4.8557124e-02
   1.1400000e+00  -4.5966000e-02  -5.0169941e-02
   1.1500000e+00  -1.7252800e-01  -1.8572195e-01
   1.1600000e+00  -2.8251200e-01  -3.0407393e-01
   1.1700000e+00  -3.2515200e-01  -3.4995257e-01
   1.1800000e+00  -3.0433200e-01  -3.2781323e-01
   1.1900000e+00  -2.7646900e-01  -2.9822711e-01
   1.2000000e+00  -2.7593200e-01  -2.9775149e-01
   1.2100000e+00  -2.6838100e-01  -2.8933951e-01
   1.2200000e+00  -2.1163900e-01  -2.2748524e-01
   1.2300000e+00  -1.2327500e-01  -1.3284133e-01
   1.2400000e+00  -4.6374000e-02  -5.0032258e-02
   1.2500000e+00   2.8205000e-02   3.1770128e-02
   1.2600000e+00   1.5083500e-01   1.6287141e-01
   1.2700000e+00   3.1710700e-01   3.4112704e-01
   1.2800000e+00   4.4727300e-01   4.8137589e-01
   1.2900000e+00   4.8964000e-01   5.2703281e-01
   1.3000000e+00   4.8443200e-01   5.2200182e-01
   1.3100000e+00   4.9568500e-01   5.3468912e-01
   1.3200000e+00   5.0839800e-01   5.4835806e-01
   1.3300000e+00   4.6727800e-01   5.0322913e-01
   1.3400000e+00   3.7575500e-01   4.0466097e-01
   1.3500000e+00   2.8197200e-01   3.0367250e-01
   1.3600000e+00   1.8981500e-01   2.0443516e-01
   1.3700000e+00   6.1691000e-02   6.6412052e-02
   1.3800000e+00  -1.0449300e-01  -1.1226030e-01
   1.3900000e+00  -2.6140200e-01  -2.8117063e-01
   1.4000000e+00  -3.6993100e-01  -3.9936256e-01
   1.4100000e+00  -4.3351800e-01  -4.6915781e-01
   1.4200000e+00  -4.7955100e-01  -5.1885616e-01
   1.4300000e+00  -5.0933500e-01  -5.4974501e-01
   1.4400000e+00  -5.0188500e-01  -5.4091325e-01
   1.4500000e+00  -4.6513600e-01  -5.0044995e-01
   1.4600000e+00  -4.3350800e-01  -3.6106747e-01
   1.4700000e+00  -3.9868600e-01  -4.2936314e-01
   1.4800000e+00  -3.0561100e-01  -3.2913514e-01
   1.4900000e+00  -1.3275500e-01  -1.4300529e-01
   1.5000000e+00   7.0478000e-02   7.5727118e-02
   1.5100000e+00   2.4477400e-01   2.6352866e-01
   1.5200000e+00   3.8676300e-01   4.1643161e-01
   1.5300000e+00   5.1943600e-01   5.5929651e-01
   1.5400000e+00   6.3310200e-01   6.8170722e-01
   1.5500000e+00   6.9187300e-01   7.4570810e-01
   1.5600000e+00   6.8947100e-01   7.4243203e-01
   1.5700000e+00   6.6040500e-01   7.1159139e-01
   1.5800000e+00   6.1721800e-01   6.6463640e-01
   1.5900000e+00   5.1674200e-01   5.5644458e-01
   1.6000000e+00   3.2430500e-01   3.4922293e-01
   1.6100000e+00   7.7893000e-02   8.3880208e-02
   1.6200000e+00  -1.4683700e-01  -1.5811262e-01
   1.6300000e+00  -3.1830300e-01  -3.4275386e-01
   1.6400000e+00  -4.6247600e-01  -4.9800191e-01
   1.6500000e+00  -6.0183800e-01  -6.4808104e-01
   1.6600000e+00  -7.1449500e-01  -7.6876750e-01
   1.6700000e+00  -7.6739500e-01  -8.2657787e-01
   1.6800000e+00  -7.7486700e-01  -8.3425799e-01
   1.6900000e+00  -7.6516200e-01  -7.4399744e-01
   1.7000000e+00  -7.1221600e-01  -6.8509012e-01
   1.7100000e+00  -5.6677200e-01  -5.6981254e-01
   1.7200000e+00  -3.4785100e-01  -3.7468004e-01
   1.7300000e+00  -1.2732200e-01  -1.3720876e-01
   1.7400000e+00   6.1572000e-02   6.6197067e-02
   1.7500000e+00   2.4010100e-01   2.5844169e-01
   1.7600000e+00   4.2346200e-01   4.5588995e-01
   1.7700000e+00   5.8212100e-01   6.2673726e-01
   1.7800000e+00   6.8393500e-01   7.3977542e-01
   1.7900000e+00   7.3644900e-01   7.9289243e-01
   1.8000000e+00   7.7101900e-01   8.3031659e-01
   1.8100000e+00   7.9758800e-01   8.3775332e-01
   1.8200000e+00   7.7894700e-01   8.2504116e-01
   1.8300000e+00   6.7309100e-01   7.2589525e-01
   1.8400000e+00   4.9531200e-01   5.3364239e-01
   1.8500000e+00   2.8759700e-01   3.0963680e-01
   1.8600000e+00   7.6409000e-02   8.2224202e-02
   1.8700000e+00  -1.3148300e-01  -1.4163923e-01
   1.8800000e+00  -3.2665000e-01  -3.5179950e-01
   1.8900000e+00  -4.9408500e-01  -5.3209834e-01
   1.9000000e+00  -6.2629900e-01  -6.7616480e-01
   1.9100000e+00  -7.2389000e-01  -7.7906232e-01
   1.9200000e+00  -7.7771200e-01  -8.3744886e-01
   1.9300000e+00  -7.5962000e-01  -8.1796176e-01
   1.9400000e+00  -6.5422900e-01  -7.0463832e-01
   1.9500000e+00  -4.9589300e-01  -5.3458126e-01
   1.9600000e+00  -3.3676300e-01  -3.6270769e-01
   1.9700000e+00  -1.8300200e-01  -1.9712458e-01
   1.9800000e+00  -7.8060000e-03  -8.4688693e-03
   1.9900000e+00   1.8734700e-01   2.0167712e-01
   2.0000000e+00   3.6564700e-01   3.9367510e-01
   2.0100000e+00   5.0996100e-01   5.5436857e-01
   2.0200000e+00   6.4374000e-01   6.9375551e-01
   2.0300000e+00   7.7688300e-01   8.3656765e-01
   2.0400000e+00   8.6430000e-01   9.3064438e-01
   2.0500000e+00   8.5119400e-01   9.1663319e-01
   2.0600000e+00   7.5157600e-01   8.0977115e-01
   2.0700000e+00   6.3143000e-01   6.8027102e-01
   2.0800000e+00   5.1502200e-01   5.5456893e-01
   2.0900000e+00   3.5721200e-01   3.8462021e-01
   2.1000000e+00   1.2520100e-01   1.3478420e-01
   2.1100000e+00  -1.2810900e-01  -1.3798649e-01
   2.1200000e+00  -3.2709400e-01  -3.5225843e-01
   2.1300000e+00  -4.7512800e-01  -5.1391002e-01
   2.1400000e+00  -6.2525100e-01  -6.7300975e-01
   2.1500000e+00  -7.6668500e-01  -8.2560540e-01
   2.1600000e+00  -8.1246100e-01  -8.7495784e-01
   2.1700000e+00  -7.2922600e-01  -7.8631091e-01
   2.1800000e+00  -5.9713100e-01  -6.4371904e-01
   2.1900000e+00  -4.8983300e-01  -5.2752621e-01
   2.2000000e+00  -3.7501800e-01  -4.0320689e-01
   2.2100000e+00  -1.9845300e-01  -2.1375615e-01
   2.2200000e+00   9.1020000e-03   9.7446412e-03
   2.2300000e+00   1.8387100e-01   1.9794026e-01
   2.2400000e+00   3.3451800e-01   3.6170655e-01
   2.2500000e+00   5.1005300e-01   5.4944860e-01
   2.2600000e+00   6.9008600e-01   7.4296233e-01
   2.2700000e+00   7.8551300e-01   8.4598451e-01
   2.2800000e+00   7.5554200e-01   8.1426937e-01
   2.2900000e+00   6.7595800e-01   7.2874982e-01
   2.3000000e+00   6.3463600e-01   6.8390279e-01
   2.3100000e+00   6.0832800e-01   6.5474627e-01
   2.3200000e+00   5.1712500e-01   5.5610575e-01
   2.3300000e+00   3.6121900e-01   3.8893264e-01
   2.3400000e+00   2.1589700e-01   2.3244661e-01
   2.3500000e+00   9.2464000e-02   9.9531389e-02
   2.3600000e+00  -8.8399000e-02  -9.4991000e-02
   2.3700000e+00  -3.5291200e-01  -3.7976496e-01
   2.3800000e+00  -5.9276400e-01  -6.3844658e-01
   2.3900000e+00  -6.9702000e-01  -7.5129560e-01
   2.4000000e+00  -6.9511200e-01  -7.5007432e-01
   2.4100000e+00  -6.9377400e-01  -7.4842447e-01
   2.4200000e+00  -7.0898600e-01  -7.6350381e-01
   2.4300000e+00  -6.5698400e-01  -7.0656422e-01
   2.4400000e+00  -5.0332800e-01  -5.4204545e-01
   2.4500000e+00  -3.1397300e-01  -3.3814359e-01
   2.4600000e+00  -1.4017300e-01  -1.5099060e-01
   2.4700000e+00   5.9567000e-02   6.4094613e-02
   2.4800000e+00   3.3518900e-01   3.6091214e-01
   2.4900000e+00   6.3726700e-01   6.8621325e-01
   2.5000000e+00   8.4875300e-01   9.1675896e-01
   2.5100000e+00   9.2018800e-01   9.9554833e-01
   2.5200000e+00   9.2042200e-01   9.9418171e-01
   2.5300000e+00   9.2549100e-01   9.9728233e-01
   2.5400000e+00   9.2618100e-01   9.9713554e-01
   2.5500000e+00   8.6177300e-01   8.7689659e-01
   2.5600000e+00   7.1890600e-01   7.7415496e-01
   2.5700000e+00   5.5203900e-01   5.9446821e-01
   2.5800000e+00   3.9143200e-01   4.2152181e-01
   2.5900000e+00   2.0022400e-01   2.1562824e-01
   2.6000000e+00  -5.1594000e-02  -5.5579177e-02
   2.6100000e+00  -2.9718700e-01  -3.2002908e-01
   2.6200000e+00  -4.3678000e-01  -4.7256939e-01
   2.6300000e+00  -4.8867900e-01  -5.2622425e-01
   2.6400000e+00  -5.5535100e-01  -6.0131942e-01
   2.6500000e+00  -6.7903000e-01  -7.3443805e-01
   2.6600000e+00  -7.8303300e-01  -8.4321613e-01
   2.6700000e+00  -7.8610900e-01  -8.4652892e-01
   2.6800000e+00  -7.0940800e-01  -7.6393513e-01
   2.6900000e+00  -5.9742700e-01  -6.4335151e-01
   2.7000000e+00  -4.2290300e-01  -4.0790224e-01
   2.7100000e+00  -1.5759500e-01  -1.6973614e-01
   2.7200000e+00   1.3381600e-01   1.4406959e-01
   2.7300000e+00   3.4117300e-01   3.6735716e-01
   2.7400000e+00   4.2770500e-01   4.6053712e-01
   2.7500000e+00   4.5344900e-01   4.8825936e-01
   2.7600000e+00   4.7528400e-01   5.1177135e-01
   2.7700000e+00   4.7627500e-01   5.1436354e-01
   2.7800000e+00   4.2391500e-01   4.5637322e-01
   2.7900000e+00   3.4892100e-01   3.7604765e-01
   2.8000000e+00   3.1749600e-01   3.4186112e-01
   2.8100000e+00   3.1471000e-01   3.3886087e-01
   2.8200000e+00   2.5831700e-01   2.7823755e-01
   2.8300000e+00   1.2346000e-01   1.3291868e-01
   2.8400000e+00  -2.0973000e-02  -2.2610932e-02
   2.8500000e+00  -1.1678200e-01  -1.2578822e-01
   2.8600000e+00  -2.0688400e-01  -2.2280418e-01
   2.8700000e+00  -3.4555500e-01  -3.7212905e-01
   2.8800000e+00  -4.9490000e-01  -5.3596434e-01
   2.8900000e+00  -5.9441500e-01  -6.4099154e-01
   2.9000000e+00  -6.3275700e-01  -6.8130165e-01
   2.9100000e+00  -6.5032000e-01  -7.0030835e-01
   2.9200000e+00  -6.4161400e-01  -5.9932756e-01
   2.9300000e+00  -5.6099800e-01  -5.5414033e-01
   2.9400000e+00  -3.8744700e-01  -4.1731652e-01
   2.9500000e+00  -1.5981600e-01  -1.7212067e-01
   2.9600000e+00   6.2372000e-02   6.7137186e-02
   2.9700000e+00   2.4129000e-01   2.5980048e-01
   2.9800000e+00   3.8693900e-01   4.1663933e-01
   2.9900000e+00   5.2700900e-01   5.6726949e-01
   3.0000000e+00   6.5397700e-01   7.0400327e-01
   3.0100000e+00   7.3277000e-01   7.8164922e-01
   3.0200000e+00   7.6744400e-01   8.2526803e-01
   3.0300000e+00   7.4912100e-01   7.9588169e-01
   3.0400000e+00   6.4529100e-01   6.9457735e-01
   3.0500000e+00   4.5781400e-01   4.9299651e-01
   3.0600000e+00   2.3874700e-01   2.5709924e-01
   3.0700000e+00   8.9350000e-03   9.6319258e-03
   3.0800000e+00  -2.3196400e-01  -2.4977439e-01
   3.0900000e+00  -4.6344300e-01  -4.9826345e-01
   3.1000000e+00  -6.4420500e-01  -6.9259571e-01
   3.1100000e+00  -7.5903800e-01  -8.1708310e-01
   3.1200000e+00  -8.2777800e-01  -9.3100612e-01
   3.1300000e+00  -8.7850300e-01  -9.4381910e-01
   3.1400000e+00  -9.2205800e-01  -1.0071688e+00
   3.1500000e+00  -9.0115400e-01  -9.9622807e-01
   3.1600000e+00  -7.6521300e-01  -8.7451773e-01
   3.1700000e+00  -5.3280100e-01  -5.7994666e-01
   3.1800000e+00  -2.8988300e-01  -3.1216850e-01
   3.1900000e+00  -7.8902000e-02  -8.4978629e-02
   3.2000000e+00   1.4331100e-01   1.5430533e-01
   3.2100000e+00   4.2073300e-01   4.5304092e-01
   3.2200000e+00   7.1710700e-01   7.7218421e-01
   3.2300000e+00   9.4346400e-01   1.0157886e+00
   3.2400000e+00   1.0648890e+00   1.1421721e+00
   3.2500000e+00   1.1517910e+00   1.2390178e+00
   3.2600000e+00   1.2273410e+00   1.2884426e+00
   3.2700000e+00   1.2194670e+00   1.2794670e+00
   3.2800000e+00   1.0754950e+00   1.1574012e+00
   3.2900000e+00   8.5556800e-01   9.2183493e-01
   3.3000000e+00   6.1191500e-01   6.5907806e-01
   3.3100000e+00   3.1767100e-01   3.4219341e-01
   3.3200000e+00  -7.8894000e-02  -8.4838503e-02
   3.3300000e+00  -5.2653900e-01  -5.6687346e-01
   3.3400000e+00  -8.8454300e-01  -9.5422433e-01
   3.3500000e+00  -1.0703430e+00  -1.1515997e+00
   3.3600000e+00  -1.1520490e+00  -1.2209879e+00
   3.3700000e+00  -1.2026700e+00  -1.2888858e+00
   3.3800000e+00  -1.2522090e+00  -1.3052449e+00
   3.3900000e+00  -1.2252380e+00  -1.2744925e+00
   3.4000000e+00  -1.0940510e+00  -1.1736865e+00
   3.4100000e+00  -9.0814200e-01  -9.7823760e-01
   3.4200000e+00  -7.1798700e-01  -7.7264020e-01
   3.4300000e+00  -5.2801000e-01  -5.6857482e-01
   3.4400000e+00  -2.8030000e-01  -3.0183453e-01
   3.4500000e+00   6.6013000e-02   7.1083901e-02
   3.4600000e+00   4.3194300e-01   4.6512728e-01
   3.4700000e+00   7.0969500e-01   7.6412530e-01
   3.4800000e+00   8.8933300e-01   9.5634284e-01
   3.4900000e+00   1.0497840e+00   1.1291251e+00
   3.5000000e+00   1.2257600e+00   1.3177854e+00
   3.5100000e+00   1.3191920e+00   1.4147748e+00
   3.5200000e+00   1.2617570e+00   1.3387956e+00
   3.5300000e+00   1.1023580e+00   1.1941847e+00
   3.5400000e+00   9.2994200e-01   1.0010399e+00
   3.5500000e+00   7.2286900e-01   7.7816890e-01
   3.5600000e+00   3.6843400e-01   3.9676995e-01
   3.5700000e+00  -1.4427200e-01  -1.5532419e-01
   3.5800000e+00  -6.3975400e-01  -6.8887242e-01
   3.5900000e+00  -9.5758900e-01  -1.0285526e+00
   3.6000000e+00  -1.1177640e+00  -1.2026061e+00
   3.6100000e+00  -1.2607260e+00  -1.3552554e+00
   3.6200000e+00  -1.3782430e+00  -1.4729210e+00
   3.6300000e+00  -1.3587170e+00  -1.4459084e+00
   3.6400000e+00  -1.2036320e+00  -1.2889406e+00
   3.6500000e+00  -1.0123900e+00  -1.0901463e+00
   3.6600000e+00  -8.5828600e-01  -9.2402572e-01
   3.6700000e+00  -6.7290500e-01  -7.2463395e-01
   3.6800000e+00  -3.2643200e-01  -3.5154290e-01
   3.6900000e+00   1.1780100e-01   1.2681830e-01
   3.7000000e+00   4.4538300e-01   4.7956639e-01
   3.7100000e+00   5.9419400e-01   6.3984223e-01
   3.7200000e+00   7.3173100e-01   7.8772319e-01
   3.7300000e+00   9.8601900e-01   1.0616526e+00
   3.7400000e+00   1.2311860e+00   1.3250997e+00
   3.7500000e+00   1.3100540e+00   1.4111872e+00
   3.7600000e+00   1.2425720e+00   1.3525673e+00
   3.7700000e+00   1.1679900e+00   1.1647839e+00
   3.7800000e+00   1.0950360e+00   1.1768024e+00
   3.7900000e+00   8.5820500e-01   9.2411090e-01
   3.8000000e+00   4.1828700e-01   4.5039565e-01
   3.8100000e+00  -6.7303000e-02  -7.2500147e-02
   3.8200000e+00  -4.2254000e-01  -4.5502760e-01
   3.8300000e+00  -6.3737100e-01  -6.8601036e-01
   3.8400000e+00  -8.4200700e-01  -9.0647515e-01
   3.8500000e+00  -1.0567260e+00  -1.1362938e+00
   3.8600000e+00  -1.1923010e+00  -1.2737785e+00
   3.8700000e+00  -1.2024230e+00  -1.2855429e+00
   3.8800000e+00  -1.1032710e+00  -1.1864335e+00
   3.8900000e+00  -9.8005500e-01  -9.5768623e-01
   3.9000000e+00  -8.5138300e-01  -8.8111610e-01
   3.9100000e+00  -6.4253300e-01  -6.9182003e-01
   3.9200000e+00  -3.0431000e-01  -3.2771513e-01
   3.9300000e+00   1.0174000e-01   1.0952975e-01
   3.9400000e+00   4.3302600e-01   4.6626727e-01
   3.9500000e+00   6.6875800e-01   7.2010903e-01
   3.9600000e+00   9.4614900e-01   1.0184567e+00
   3.9700000e+00   1.2624180e+00   1.3587661e+00
   3.9800000e+00   1.4862380e+00   1.6206171e+00
   3.9900000e+00   1.5516770e+00   1.6557646e+00
   4.0000000e+00   1.5283240e+00   1.6332369e+00
   4.0100000e+00   1.4752820e+00   1.5720373e+00
   4.0200000e+00   1.3681640e+00   1.4863663e+00
   4.0300000e+00   1.1461050e+00   1.2335104e+00
   4.0400000e+00   7.8137300e-01   8.4126533e-01
   4.0500000e+00   3.5457000e-01   3.8202992e-01
   4.0600000e+00  -1.9154000e-02  -2.0692139e-02
   4.0700000e+00  -3.0767600e-01  -3.2906591e-01
   4.0800000e+00  -5.8734400e-01  -6.3654693e-01
   4.0900000e+00  -9.3675800e-01  -9.9829700e-01
   4.1000000e+00  -1.3004130e+00  -1.3751512e+00
   4.1100000e+00  -1.5265510e+00  -1.6194873e+00
   4.1200000e+00  -1.5735210e+00  -1.7321854e+00
   4.1300000e+00  -1.5030100e+00  -1.6053928e+00
   4.1400000e+00  -1.4054750e+00  -1.5096182e+00
   4.1500000e+00  -1.3032290e+00  -1.4004175e+00
   4.1600000e+00  -1.0640330e+00  -1.1437421e+00
   4.1700000e+00  -6.2107700e-01  -6.6892895e-01
   4.1800000e+00  -1.5291000e-01  -1.6479399e-01
   4.1900000e+00   1.8991100e-01   2.0436038e-01
   4.2000000e+00   4.9300400e-01   5.3013662e-01
   4.2100000e+00   9.4708700e-01   1.0204255e+00
   4.2200000e+00   1.4700840e+00   1.5711039e+00
   4.2300000e+00   1.8439530e+00   1.9343020e+00
   4.2400000e+00   2.0116180e+00   2.0808965e+00
   4.2500000e+00   2.0676220e+00   2.1349824e+00
   4.2600000e+00   2.1271520e+00   2.1998073e+00
   4.2700000e+00   2.1648800e+00   2.2410359e+00
   4.2800000e+00   1.9903230e+00   2.0769916e+00
   4.2900000e+00   1.5225510e+00   1.6056813e+00
   4.3000000e+00   9.6298200e-01   1.0219359e+00
   4.3100000e+00   5.7893300e-01   6.0611155e-01
   4.3200000e+00   2.2011400e-01   2.2696660e-01
   4.3300000e+00  -3.8577100e-01  -4.0060890e-01
   4.3400000e+00  -1.1963500e+00  -1.2404020e+00
   4.3500000e+00  -1.8423990e+00  -1.9152467e+00
   4.3600000e+00  -2.1600230e+00  -2.2539130e+00
   4.3700000e+00  -2.3655620e+00  -2.4772276e+00
   4.3800000e+00  -2.6531150e+00  -2.7621743e+00
   4.3900000e+00  -2.9642600e+00  -3.0463042e+00
   4.4000000e+00  -3.1213540e+00  -3.1842521e+00
   4.4100000e+00  -3.0250130e+00  -3.0990935e+00
   4.4200000e+00  -2.8233460e+00  -2.9080488e+00
   4.4300000e+00  -2.7554510e+00  -2.8229129e+00
   4.4400000e+00  -2.8540690e+00  -2.9013259e+00
   4.4500000e+00  -2.8422670e+00  -2.8827862e+00
   4.4600000e+00  -2.4277210e+00  -2.4724017e+00
   4.4700000e+00  -1.7094370e+00  -1.7494167e+00
   4.4800000e+00  -1.1272200e+00  -1.1533766e+00
   4.4900000e+00  -9.6520500e-01  -9.8869871e-01
   4.5000000e+00  -9.8651300e-01  -1.0118273e+00
   4.5100000e+00  -7.8093900e-01  -8.0881678e-01
   4.5200000e+00  -3.3870300e-01  -3.5507404e-01
   4.5300000e+00  -6.0015000e-02  -6.6635298e-02
   4.5400000e+00  -2.0121000e-01  -2.2639394e-01
   4.5500000e+00  -4.7101800e-01  -5.1026303e-01
   4.5600000e+00  -4.7491600e-01  -5.1446099e-01
   4.5700000e+00  -3.1930200e-01  -3.4810113e-01
   4.5800000e+00  -4.9471600e-01  -5.3651459e-01
   4.5900000e+00  -1.0602920e+00  -1.1084258e+00
   4.6000000e+00  -1.6268180e+00  -1.6845917e+00
   4.6100000e+00  -1.8749040e+00  -1.9496953e+00
   4.6200000e+00  -2.0066970e+00  -2.1082330e+00
   4.6300000e+00  -2.3053860e+00  -2.4252051e+00
   4.6400000e+00  -2.7299890e+00  -2.8288498e+00
   4.6500000e+00  -3.0393300e+00  -3.1108825e+00
   4.6600000e+00  -3.0472560e+00  -3.1190969e+00
   4.6700000e+00  -2.8343150e+00  -2.9150926e+00
   4.6800000e+00  -2.6860890e+00  -2.7481287e+00
   4.6900000e+00  -2.7236650e+00  -2.7696852e+00
   4.7000000e+00  -2.6714840e+00  -2.7142520e+00
   4.7100000e+00  -2.1811980e+00  -2.2243463e+00
   4.7200000e+00  -1.2650150e+00  -1.2973576e+00
   4.7300000e+00  -3.4040000e-01  -3.5205199e-01
   4.7400000e+00   2.5120200e-01   2.5827908e-01
   4.7500000e+00   6.9267400e-01   7.0760663e-01
   4.7600000e+00   1.4262960e+00   1.4537248e+00
   4.7700000e+00   2.5236740e+00   2.5357601e+00
   4.7800000e+00   3.4883550e+00   3.4440414e+00
   4.7900000e+00   4.0178260e+00   3.9191556e+00
   4.8000000e+00   4.3009130e+00   4.1525473e+00
   4.8100000e+00   4.6235840e+00   4.4070759e+00
   4.8200000e+00   5.0653010e+00   4.7674843e+00
   4.8300000e+00   5.5272600e+00   5.1630788e+00
   4.8400000e+00   5.7898140e+00   5.3955751e+00
   4.8500000e+00   5.7579760e+00   5.3715371e+00
   4.8600000e+00   5.5375700e+00   5.1900763e+00
   4.8700000e+00   5.3291980e+00   5.0200710e+00
   4.8800000e+00   5.2436860e+00   4.9534857e+00
   4.8900000e+00   5.1450950e+00   4.8660286e+00
   4.9000000e+00   4.7930410e+00   4.5418712e+00
   4.9100000e+00   4.0967040e+00   3.9104076e+00
   4.9200000e+00   3.2135510e+00   3.1120563e+00
   4.9300000e+00   2.4549390e+00   2.4276818e+00
   4.9400000e+00   2.0050900e+00   2.0266629e+00
   4.9500000e+00   1.6012440e+00   1.6872773e+00
   4.9600000e+00   7.7273700e-01   8.4362515e-01
   4.9700000e+00  -1.8186200e-01  -1.8814076e-01
   4.9800000e+00  -5.3698300e-01  -5.7659849e-01
   4.9900000e+00  -4.1289500e-01  -4.3703768e-01
   5.0000000e+00  -3.9080500e-01  -4.0881619e-01
   5.0100000e+00  -6.1183500e-01  -6.4265545e-01
   5.0200000e+00  -7.3274900e-01  -7.6814754e-01
   5.0300000e+00  -4.2324200e-01  -4.3970033e-01
   5.0400000e+00   2.0420800e-01   2.3055126e-01
   5.0500000e+00   7.6350600e-01   8.2942853e-01
   5.0600000e+00   1.0270370e+00   1.1151532e+00
   5.0700000e+00   1.1997810e+00   1.3044493e+00
   5.0800000e+00   1.6714990e+00   1.7283550e+00
   5.0900000e+00   2.1591110e+00   2.1570082e+00
   5.1000000e+00   2.3998950e+00   2.3784633e+00
   5.1100000e+00   2.3787830e+00   2.3614713e+00
   5.1200000e+00   2.2979810e+00   2.2889041e+00
   5.1300000e+00   2.2795810e+00   2.2846078e+00
   5.1400000e+00   2.1458890e+00   2.1582355e+00
   5.1500000e+00   1.6261360e+00   1.6506621e+00
   5.1600000e+00   6.9482400e-01   7.1503252e-01
   5.1700000e+00  -4.8007700e-01  -4.8338336e-01
   5.1800000e+00  -1.8663530e+00  -1.8976246e+00
   5.1900000e+00  -3.2093700e+00  -3.2637060e+00
   5.2000000e+00  -4.4302640e+00  -4.4236875e+00
   5.2100000e+00  -5.7720120e+00  -5.6922851e+00
   5.2200000e+00  -7.0895630e+00  -6.9272165e+00
   5.2300000e+00  -8.1265320e+00  -7.8852544e+00
   5.2400000e+00  -8.7475940e+00  -8.4532940e+00
   5.2500000e+00  -9.0077790e+00  -8.6963012e+00
   5.2600000e+00  -9.0729250e+00  -8.7683488e+00
   5.2700000e+00  -9.0569250e+00  -8.7625393e+00
   5.2800000e+00  -8.9321550e+00  -8.6529182e+00
   5.2900000e+00  -8.5612930e+00  -8.3112226e+00
   5.3000000e+00  -7.8142640e+00  -7.6176487e+00
   5.3100000e+00  -6.6859240e+00  -6.5658264e+00
   5.3200000e+00  -5.3101350e+00  -5.2639930e+00
   5.3300000e+00  -3.7773390e+00  -3.8179295e+00
   5.3400000e+00  -2.0417540e+00  -2.1738861e+00
   5.3500000e+00  -1.8500700e-01  -2.1115658e-01
   5.3600000e+00   1.2016640e+00   1.2341203e+00
   5.3700000e+00   2.2558080e+00   2.2218866e+00
   5.3800000e+00   3.4085500e+00   3.2941442e+00
   5.3900000e+00   4.4562970e+00   4.2605794e+00
   5.4000000e+00   5.1242940e+00   4.8756713e+00
   5.4100000e+00   5.3198990e+00   5.0356343e+00
   5.4200000e+00   5.1931860e+00   4.9072564e+00
   5.4300000e+00   4.9963720e+00   4.7320150e+00
   5.4400000e+00   4.8243350e+00   4.5843042e+00
   5.4500000e+00   4.5300440e+00   4.3244043e+00
   5.4600000e+00   3.8598580e+00   3.7155045e+00
   5.4700000e+00   2.7167480e+00   2.6853076e+00
   5.4800000e+00   1.2639430e+00   1.3280612e+00
   5.4900000e+00  -2.5510400e-01  -2.8737633e-01
   5.5000000e+00  -1.0122000e+00  -1.1085957e+00
   5.5100000e+00  -1.6642400e+00  -1.7777199e+00
   5.5200000e+00  -2.7206020e+00  -2.7890171e+00
   5.5300000e+00  -3.8895120e+00  -3.9198665e+00
   5.5400000e+00  -4.5866190e+00  -4.5842224e+00
   5.5500000e+00  -4.4446930e+00  -4.4508264e+00
   5.5600000e+00  -3.7237550e+00  -3.7669620e+00
   5.5700000e+00  -3.0953970e+00  -3.1599681e+00
   5.5800000e+00  -2.9669860e+00  -3.0337284e+00
   5.5900000e+00  -2.9391410e+00  -3.0076642e+00
   5.6000000e+00  -2.0667740e+00  -2.2050255e+00
   5.6100000e+00   2.0785800e-01   2.3250743e-01
   5.6200000e+00   1.8526130e+00   1.8808713e+00
   5.6300000e+00   2.3849490e+00   2.3646184e+00
   5.6400000e+00   2.5917260e+00   2.5402850e+00
   5.6500000e+00   3.1516290e+00   3.0476377e+00
   5.6600000e+00   4.2315830e+00   4.0374288e+00
   5.6700000e+00   5.3433630e+00   5.0550987e+00
   5.6800000e+00   5.8404130e+00   5.5049490e+00
   5.6900000e+00   5.5364530e+00   5.2203348e+00
   5.7000000e+00   4.8396800e+00   4.5800428e+00
   5.7100000e+00   4.3461020e+00   4.1305179e+00
   5.7200000e+00   4.2453490e+00   4.0425646e+00
   5.7300000e+00   4.1257250e+00   3.9502816e+00
   5.7400000e+00   3.3996070e+00   3.3115437e+00
   5.7500000e+00   1.8277530e+00   1.9083972e+00
   5.7600000e+00  -4.6657700e-01  -5.2831312e-01
   5.7700000e+00  -1.3344940e+00  -1.4053091e+00
   5.7800000e+00  -1.5268530e+00  -1.5934018e+00
   5.7900000e+00  -2.1223330e+00  -2.1904772e+00
   5.8000000e+00  -3.3041150e+00  -3.3585752e+00
   5.8100000e+00  -4.3837390e+00  -4.3989297e+00
   5.8200000e+00  -4.6596420e+00  -4.6585289e+00
   5.8300000e+00  -4.0699480e+00  -4.0852525e+00
   5.8400000e+00  -3.2965130e+00  -3.3361251e+00
   5.8500000e+00  -3.0334250e+00  -3.0860721e+00
   5.8600000e+00  -3.1698330e+00  -3.2215386e+00
   5.8700000e+00  -2.9002320e+00  -2.9500471e+00
   5.8800000e+00  -1.6183980e+00  -1.6679876e+00
   5.8900000e+00   3.9889800e-01   3.9124381e-01
   5.9000000e+00   2.0629490e+00   2.1361046e+00
   5.9100000e+00   2.3685500e+00   2.4115829e+00
   5.9200000e+00   2.4323650e+00   2.4266715e+00
   5.9300000e+00   3.0495110e+00   2.9664730e+00
   5.9400000e+00   4.0392590e+00   3.8515843e+00
   5.9500000e+00   4.7641290e+00   4.5220191e+00
   5.9600000e+00   4.7671180e+00   4.5355216e+00
   5.9700000e+00   4.2127310e+00   4.0280443e+00
   5.9800000e+00   3.6993300e+00   3.5515115e+00
   5.9900000e+00   3.6002040e+00   3.4507105e+00
   6.0000000e+00   3.7332570e+00   3.5832856e+00
   6.0100000e+00   3.5604400e+00   3.4494935e+00
   6.0200000e+00   2.6962060e+00   2.6830134e+00
   6.0300000e+00   1.1070750e+00   1.2050901e+00
   6.0400000e+00  -7.4253100e-01  -8.1413101e-01
   6.0500000e+00  -1.6049000e+00  -1.6945380e+00
   6.0600000e+00  -2.4730640e+00  -2.5945712e+00
   6.0700000e+00  -3.5929520e+00  -3.6695734e+00
   6.0800000e+00  -4.7058010e+00  -4.6926977e+00
   6.0900000e+00  -5.5609580e+00  -5.4823380e+00
   6.1000000e+00  -5.9566850e+00  -5.8444596e+00
   6.1100000e+00  -5.8122910e+00  -5.7214767e+00
   6.1200000e+00  -5.3107480e+00  -5.2718206e+00
   6.1300000e+00  -4.8009190e+00  -4.7984722e+00
   6.1400000e+00  -4.5213200e+00  -4.5187552e+00
   6.1500000e+00  -4.3075800e+00  -4.2992208e+00
   6.1600000e+00  -3.5791750e+00  -3.6035091e+00
   6.1700000e+00  -1.7598810e+00  -1.7926751e+00
   6.1800000e+00   1.3707000e-02   2.3085812e-02
   6.1900000e+00   1.0815450e+00   1.0916466e+00
   6.2000000e+00   1.6977500e+00   1.6981468e+00
   6.2100000e+00   2.3518870e+00   2.3224581e+00
   6.2200000e+00   3.3274060e+00   3.2241992e+00
   6.2300000e+00   4.3912210e+00   4.1966705e+00
   6.2400000e+00   5.0308810e+00   4.7668357e+00
   6.2500000e+00   4.9724000e+00   4.6933220e+00
   6.2600000e+00   4.4118900e+00   4.2034578e+00
   6.2700000e+00   3.8224940e+00   3.6938812e+00
   6.2800000e+00   3.5940560e+00   3.5137474e+00
   6.2900000e+00   3.5787000e+00   3.5374706e+00
   6.3000000e+00   2.9161520e+00   2.9423562e+00
   6.3100000e+00   7.9015400e-01   7.9385959e-01
   6.3200000e+00  -1.3947430e+00  -1.4472074e+00
   6.3300000e+00  -2.7336340e+00  -2.7984121e+00
   6.3400000e+00  -3.3028020e+00  -3.3670726e+00
   6.3500000e+00  -3.8381010e+00  -3.8846603e+00
   6.3600000e+00  -4.9256730e+00  -4.9035737e+00
   6.3700000e+00  -6.3150840e+00  -6.1815908e+00
   6.3800000e+00  -7.1837030e+00  -6.9849762e+00
   6.3900000e+00  -6.9235090e+00  -6.7616733e+00
   6.4000000e+00  -5.7906720e+00  -5.7186914e+00
   6.4100000e+00  -4.6367360e+00  -4.6352841e+00
   6.4200000e+00  -4.0576410e+00  -4.0709340e+00
   6.4300000e+00  -3.7002660e+00  -3.6913354e+00
   6.4400000e+00  -2.5876520e+00  -2.5967070e+00
   6.4500000e+00  -6.0911800e-01  -5.9647782e-01
   6.4600000e+00   1.3465240e+00   1.3450052e+00
   6.4700000e+00   2.3974230e+00   2.3624651e+00
   6.4800000e+00   2.5610370e+00   2.5121581e+00
   6.4900000e+00   2.6175030e+00   2.5620034e+00
   6.5000000e+00   3.2759590e+00   3.1720234e+00
   6.5100000e+00   4.3580870e+00   4.1623050e+00
   6.5200000e+00   5.0448230e+00   4.7973787e+00
   6.5300000e+00   4.6577250e+00   4.4838365e+00
   6.5400000e+00   3.5081140e+00   3.4572016e+00
   6.5500000e+00   2.4873970e+00   2.5139901e+00
   6.5600000e+00   2.2848500e+00   2.3255090e+00
   6.5700000e+00   2.2647710e+00   2.2982826e+00
   6.5800000e+00   1.2993900e+00   1.3070892e+00
   6.5900000e+00  -5.1658700e-01  -5.5314414e-01
   6.6000000e+00  -2.0727150e+00  -2.1255924e+00
   6.6100000e+00  -2.4757720e+00  -2.5347251e+00
   6.6200000e+00  -1.9434830e+00  -2.0056078e+00
   6.6300000e+00  -1.5979780e+00  -1.6529722e+00
   6.6400000e+00  -2.1833740e+00  -2.2371614e+00
   6.6500000e+00  -3.1199050e+00  -3.1579805e+00
   6.6600000e+00  -3.1925790e+00  -3.2382283e+00
   6.6700000e+00  -2.0210540e+00  -2.1685011e+00
   6.6800000e+00  -4.7361900e-01  -5.2183701e-01
   6.6900000e+00  -1.8921600e-01  -1.9662672e-01
   6.7000000e+00  -6.2438200e-01  -6.6428582e-01
   6.7100000e+00  -9.6152000e-02  -9.0215577e-02
   6.7200000e+00   1.3831130e+00   1.3938684e+00
   6.7300000e+00   2.7304930e+00   2.6820053e+00
   6.7400000e+00   3.0783770e+00   3.0038804e+00
   6.7500000e+00   2.6334010e+00   2.5873694e+00
   6.7600000e+00   2.3114180e+00   2.2872974e+00
   6.7700000e+00   2.7244190e+00   2.6795129e+00
   6.7800000e+00   3.4616060e+00   3.3735152e+00
   6.7900000e+00   3.6242060e+00   3.5395564e+00
   6.8000000e+00   2.7650190e+00   2.7586900e+00
   6.8100000e+00   1.3691770e+00   1.4754920e+00
   6.8200000e+00   4.3650700e-01   4.5821317e-01
   6.8300000e+00   6.4243900e-01   6.8261453e-01
   6.8400000e+00   3.9204100e-01   4.1077898e-01
   6.8500000e+00  -1.2230670e+00  -1.3399759e+00
   6.8600000e+00  -2.7265570e+00  -2.8281050e+00
   6.8700000e+00  -3.0502700e+00  -3.1225174e+00
   6.8800000e+00  -2.4942010e+00  -2.5892937e+00
   6.8900000e+00  -2.0970820e+00  -2.2259753e+00
   6.9000000e+00  -2.4825590e+00  -2.6167094e+00
   6.9100000e+00  -3.1587610e+00  -3.2386385e+00
   6.9200000e+00  -3.2324680e+00  -3.2925425e+00
   6.9300000e+00  -2.4648540e+00  -2.6028001e+00
   6.9400000e+00  -1.4274850e+00  -1.5542320e+00
   6.9500000e+00  -1.0439880e+00  -1.1332112e+00
   6.9600000e+00  -1.2411360e+00  -1.3352509e+00
   6.9700000e+00  -8.5050300e-01  -9.2816859e-01
   6.9800000e+00   5.2861100e-01   5.6439181e-01
   6.9900000e+00   1.5429660e+00   1.5793515e+00
   7.0000000e+00   1.7413150e+00   1.7669909e+00
   7.0100000e+00   1.5679670e+00   1.5979238e+00
   7.0200000e+00   1.6586330e+00   1.6961401e+00
   7.0300000e+00   2.1574310e+00   2.1846263e+00
   7.0400000e+00   2.5477630e+00   2.5523349e+00
   7.0500000e+00   2.3919900e+00   2.3972882e+00
   7.0600000e+00   1.7745440e+00   1.8040937e+00
   7.0700000e+00   1.1886330e+00   1.2561321e+00
   7.0800000e+00   8.7202900e-01   9.3253239e-01
   7.0900000e+00   5.5777200e-01   5.8872994e-01
   7.1000000e+00  -2.0162700e-01  -2.2894643e-01
   7.1100000e+00  -1.3713790e+00  -1.4896491e+00
   7.1200000e+00  -2.1958760e+00  -2.2880739e+00
   7.1300000e+00  -2.5053520e+00  -2.5731429e+00
   7.1400000e+00  -2.6325950e+00  -2.6970385e+00
   7.1500000e+00  -2.8834550e+00  -2.9468156e+00
   7.1600000e+00  -3.1560460e+00  -3.2184671e+00
   7.1700000e+00  -3.1702350e+00  -3.2266679e+00
   7.1800000e+00  -2.8477090e+00  -2.9115904e+00
   7.1900000e+00  -2.4404940e+00  -2.5347670e+00
   7.2000000e+00  -2.0402730e+00  -2.2005296e+00
   7.2100000e+00  -1.3113860e+00  -1.4226151e+00
   7.2200000e+00  -3.7244400e-01  -3.9349922e-01
   7.2300000e+00   3.5638300e-01   3.7488479e-01
   7.2400000e+00   9.8503300e-01   1.0087208e+00
   7.2500000e+00   1.5472810e+00   1.5451240e+00
   7.2600000e+00   2.0940420e+00   2.0695140e+00
   7.2700000e+00   2.5730310e+00   2.5360162e+00
   7.2800000e+00   2.8874540e+00   2.8509633e+00
   7.2900000e+00   2.9583210e+00   2.9066438e+00
   7.3000000e+00   2.8112880e+00   2.7591053e+00
   7.3100000e+00   2.7097200e+00   2.6505706e+00
   7.3200000e+00   2.8854170e+00   2.8200879e+00
   7.3300000e+00   3.2040290e+00   3.1185751e+00
   7.3400000e+00   3.2150150e+00   3.1481743e+00
   7.3500000e+00   2.5489130e+00   2.5706562e+00
   7.3600000e+00   1.3717550e+00   1.4299364e+00
   7.3700000e+00   8.3141900e-01   8.7816084e-01
   7.3800000e+00   7.7573900e-01   8.0360851e-01
   7.3900000e+00   2.9269300e-01   2.7867041e-01
   7.4000000e+00  -8.1653400e-01  -8.5659058e-01
   7.4100000e+00  -1.9848480e+00  -2.0338166e+00
   7.4200000e+00  -2.3893730e+00  -2.4431968e+00
   7.4300000e+00  -1.7965970e+00  -1.8558590e+00
   7.4400000e+00  -9.6967300e-01  -1.0279031e+00
   7.4500000e+00  -9.7462300e-01  -1.0269515e+00
   7.4600000e+00  -1.6358820e+00  -1.6992540e+00
   7.4700000e+00  -1.5975570e+00  -1.6873621e+00
   7.4800000e+00   1.6702800e-01   1.7734593e-01
   7.4900000e+00   2.0524280e+00   2.0875233e+00
   7.5000000e+00   2.5417030e+00   2.5157790e+00
   7.5100000e+00   2.3949890e+00   2.3553527e+00
   7.5200000e+00   2.4420460e+00   2.3892407e+00
   7.5300000e+00   3.2253220e+00   3.1159886e+00
   7.5400000e+00   4.3499840e+00   4.1616022e+00
   7.5500000e+00   4.9180540e+00   4.6938250e+00
   7.5600000e+00   4.2768710e+00   4.1241481e+00
   7.5700000e+00   2.8676870e+00   2.8358669e+00
   7.5800000e+00   1.8260250e+00   1.8740138e+00
   7.5900000e+00   1.8289670e+00   1.8813774e+00
   7.6000000e+00   1.8855950e+00   1.9588507e+00
   7.6100000e+00   3.0254000e-02   1.0486892e-02
   7.6200000e+00  -2.9769720e+00  -3.0448412e+00
   7.6300000e+00  -4.7676070e+00  -4.7445633e+00
   7.6400000e+00  -5.0797420e+00  -5.0636329e+00
   7.6500000e+00  -4.6587740e+00  -4.6854471e+00
   7.6600000e+00  -4.6658500e+00  -4.6776292e+00
   7.6700000e+00  -5.5047100e+00  -5.4298288e+00
   7.6800000e+00  -6.4588330e+00  -6.2907410e+00
   7.6900000e+00  -6.4559170e+00  -6.2856575e+00
   7.7000000e+00  -5.1563590e+00  -5.0872211e+00
   7.7100000e+00  -3.4506410e+00  -3.4997061e+00
   7.7200000e+00  -2.8520400e+00  -2.9283727e+00
   7.7300000e+00  -3.4314760e+00  -3.4858402e+00
   7.7400000e+00  -3.5071850e+00  -3.5385691e+00
   7.7500000e+00  -1.5497110e+00  -1.6187858e+00
   7.7600000e+00   1.8176440e+00   1.8986028e+00
   7.7700000e+00   3.1482710e+00   3.1361944e+00
   7.7800000e+00   2.7878850e+00   2.7759289e+00
   7.7900000e+00   2.2721120e+00   2.2964170e+00
   7.8000000e+00   3.0156430e+00   2.9898139e+00
   7.8100000e+00   4.6639920e+00   4.5070094e+00
   7.8200000e+00   5.7737990e+00   5.5319601e+00
   7.8300000e+00   5.1500470e+00   4.9629215e+00
   7.8400000e+00   3.4315650e+00   3.3741613e+00
   7.8500000e+00   2.3517560e+00   2.3692708e+00
   7.8600000e+00   2.6713680e+00   2.6607438e+00
   7.8700000e+00   3.3040250e+00   3.2566899e+00
   7.8800000e+00   2.3817060e+00   2.4550241e+00
   7.8900000e+00  -1.1440300e+00  -1.2571752e+00
   7.9000000e+00  -3.5755770e+00  -3.6511874e+00
   7.9100000e+00  -3.6335750e+00  -3.7200275e+00
   7.9200000e+00  -2.7544520e+00  -2.8989270e+00
   7.9300000e+00  -2.9432450e+00  -3.0611386e+00
   7.9400000e+00  -4.6010380e+00  -4.5726020e+00
   7.9500000e+00  -6.1807260e+00  -6.0168398e+00
   7.9600000e+00  -6.3030300e+00  -6.1400990e+00
   7.9700000e+00  -4.8787050e+00  -4.8383876e+00
   7.9800000e+00  -3.4736890e+00  -3.5322549e+00
   7.9900000e+00  -3.6049390e+00  -3.6687520e+00
   8.0000000e+00  -4.5964220e+00  -4.5955148e+00
   8.0100000e+00  -4.3252560e+00  -4.3212640e+00
   8.0200000e+00  -1.7998110e+00  -1.8902215e+00
   8.0300000e+00   1.6394310e+00   1.7037562e+00
   8.0400000e+00   2.5549010e+00   2.5743855e+00
   8.0500000e+00   1.7132880e+00   1.7451966e+00
   8.0600000e+00   1.1740460e+00   1.2284815e+00
   8.0700000e+00   2.4002700e+00   2.4061020e+00
   8.0800000e+00   4.0533210e+00   3.9339234e+00
   8.0900000e+00   4.1302870e+00   3.9879944e+00
   8.1000000e+00   2.3709280e+00   2.3463011e+00
   8.1100000e+00   5.7786500e-01   5.8863300e-01
   8.1200000e+00   4.3829100e-01   4.5931623e-01
   8.1300000e+00   1.2075550e+00   1.2253272e+00
   8.1400000e+00   1.0250980e+00   1.0524555e+00
   8.1500000e+00  -1.0305230e+00  -1.0091680e+00
   8.1600000e+00  -3.8237730e+00  -3.7826148e+00
   8.1700000e+00  -5.3428890e+00  -5.1983625e+00
   8.1800000e+00  -5.0781100e+00  -4.9583205e+00
   8.1900000e+00  -4.0093390e+00  -3.9736316e+00
   8.2000000e+00  -3.8538960e+00  -3.8113393e+00
   8.2100000e+00  -5.0287460e+00  -4.8946889e+00
   8.2200000e+00  -6.2373470e+00  -6.0429155e+00
   8.2300000e+00  -6.0756620e+00  -5.9381773e+00
   8.2400000e+00  -4.3082690e+00  -4.3406080e+00
   8.2500000e+00  -2.4319300e+00  -2.5465342e+00
   8.2600000e+00  -2.3192760e+00  -2.4156761e+00
   8.2700000e+00  -3.3811480e+00  -3.4380291e+00
   8.2800000e+00  -3.2102340e+00  -3.2591857e+00
   8.2900000e+00  -9.5208300e-01  -9.9316309e-01
   8.3000000e+00   1.8951380e+00   1.9216112e+00
   8.3100000e+00   2.9334030e+00   2.9228320e+00
   8.3200000e+00   2.0084210e+00   2.0357934e+00
   8.3300000e+00   9.6410300e-01   9.7513084e-01
   8.3400000e+00   2.1088490e+00   2.1273402e+00
   8.3500000e+00   4.3714450e+00   4.2716468e+00
   8.3600000e+00   5.3961600e+00   5.2020906e+00
   8.3700000e+00   4.7926020e+00   4.6238961e+00
   8.3800000e+00   3.8593200e+00   3.7484311e+00
   8.3900000e+00   3.9772110e+00   3.8408271e+00
   8.4000000e+00   5.2887370e+00   5.0319697e+00
   8.4100000e+00   6.6130470e+00   6.2482026e+00
   8.4200000e+00   6.5864710e+00   6.2441502e+00
   8.4300000e+00   5.0679840e+00   4.8768051e+00
   8.4400000e+00   3.2047440e+00   3.1542840e+00
   8.4500000e+00   2.4427250e+00   2.4320030e+00
   8.4600000e+00   3.1068680e+00   3.0629478e+00
   8.4700000e+00   3.7567530e+00   3.6824797e+00
   8.4800000e+00   2.7519830e+00   2.7844657e+00
   8.4900000e+00  -4.4639700e-01  -5.0275596e-01
   8.5000000e+00  -2.6252490e+00  -2.7350940e+00
   8.5100000e+00  -2.1753890e+00  -2.3488557e+00
   8.5200000e+00  -9.9077400e-01  -1.0277652e+00
   8.5300000e+00  -1.7409120e+00  -1.8706892e+00
   8.5400000e+00  -3.6068150e+00  -3.6686276e+00
   8.5500000e+00  -4.6443910e+00  -4.6095916e+00
   8.5600000e+00  -3.9508570e+00  -3.9721611e+00
   8.5700000e+00  -1.5937570e+00  -1.7031588e+00
   8.5800000e+00   3.4551900e-01   3.5679579e-01
   8.5900000e+00  -8.0915000e-02  -1.5381963e-01
   8.6000000e+00  -1.0518120e+00  -1.1348249e+00
   8.6100000e+00   2.3373400e-01   1.9563876e-01
   8.6200000e+00   2.9403560e+00   2.9736434e+00
   8.6300000e+00   4.4869540e+00   4.3696257e+00
   8.6400000e+00   4.7363770e+00   4.5763562e+00
   8.6500000e+00   4.6384160e+00   4.4713951e+00
   8.6600000e+00   5.0278440e+00   4.8257529e+00
   8.6700000e+00   6.0067270e+00   5.7133979e+00
   8.6800000e+00   6.7581310e+00   6.3975768e+00
   8.6900000e+00   6.4750860e+00   6.1472606e+00
   8.7000000e+00   5.1725550e+00   4.9801571e+00
   8.7100000e+00   3.6633460e+00   3.5967675e+00
   8.7200000e+00   2.9402060e+00   2.9356994e+00
   8.7300000e+00   3.2167490e+00   3.2245687e+00
   8.7400000e+00   3.1808790e+00   3.1964546e+00
   8.7500000e+00   1.2352260e+00   1.2572772e+00
   8.7600000e+00  -1.9390190e+00  -2.0352341e+00
   8.7700000e+00  -3.7390560e+00  -3.7736149e+00
   8.7800000e+00  -3.7765860e+00  -3.7859734e+00
   8.7900000e+00  -3.8444160e+00  -3.8552696e+00
   8.8000000e+00  -4.6610910e+00  -4.6175731e+00
