   1.0000000e-02  -1.4692830e-03  -1.4692830e-03
   2.0000000e-02  -6.9313931e-03  -6.9313931e-03
   3.0000000e-02  -1.6756080e-02  -1.6756080e-02
   4.0000000e-02  -2.9597016e-02  -2.9597016e-02
   5.0000000e-02  -4.3881930e-02  -4.3881930e-02
   6.0000000e-02  -5.7352392e-02  -5.7352392e-02
   7.0000000e-02  -6.7222524e-02  -6.7222524e-02
   8.0000000e-02  -7.1382281e-02  -7.1382281e-02
   9.0000000e-02  -6.8997850e-02  -6.8997850e-02
   1.0000000e-01  -5.9783528e-02  -5.9783528e-02
   1.1000000e-01  -4.4346380e-02  -4.4346380e-02
   1.2000000e-01  -2.4729028e-02  -2.4729028e-02
   1.3000000e-01  -3.2094387e-03  -3.2094387e-03
   1.4000000e-01   1.8153870e-02   1.8153870e-02
   1.5000000e-01   3.7517477e-02   3.7517477e-02
   1.6000000e-01   5.4101830e-02   5.4101830e-02
   1.7000000e-01   6.8023893e-02   6.8023893e-02
   1.8000000e-01   7.9828782e-02   7.9828782e-02
   1.9000000e-01   8.9870347e-02   8.9870347e-02
   2.0000000e-01   9.7411800e-02   9.7411800e-02
   2.1000000e-01   1.0113742e-01   1.0113742e-01
   2.2000000e-01   9.9537394e-02   9.9537394e-02
   2.3000000e-01   9.0955433e-02   9.0955433e-02
   2.4000000e-01   7.4809419e-02   7.4809419e-02
   2.5000000e-01   5.2610279e-02   5.2610279e-02
   2.6000000e-01   2.7975128e-02   2.7975128e-02
   2.7000000e-01   5.1530119e-03   5.1530119e-03
   2.8000000e-01  -1.3286304e-02  -1.3286304e-02
   2.9000000e-01  -2.7004917e-02  -2.7004917e-02
   3.0000000e-01  -3.7026587e-02  -3.7026587e-02
   3.1000000e-01  -4.4854461e-02  -4.4854461e-02
   3.2000000e-01  -5.1355990e-02  -5.1355990e-02
   3.3000000e-01  -5.6037043e-02  -5.6037043e-02
   3.4000000e-01  -5.7267286e-02  -5.7267286e-02
   3.5000000e-01  -5.3066701e-02  -5.3066701e-02
   3.6000000e-01  -4.2629302e-02  -4.2629302e-02
   3.7000000e-01  -2.7808557e-02  -2.7808557e-02
   3.8000000e-01  -1.2557344e-02  -1.2557344e-02
   3.9000000e-01  -2.2353438e-04  -2.2353438e-04
   4.0000000e-01   8.5992717e-03   8.5992717e-03
   4.1000000e-01   1.5581479e-02   1.5581479e-02
   4.2000000e-01   2.2960801e-02   2.2960801e-02
   4.3000000e-01   3.2338209e-02   3.2338209e-02
   4.4000000e-01   4.3723046e-02   4.3723046e-02
   4.5000000e-01   5.4552037e-02   5.4552037e-02
   4.6000000e-01   6.0003104e-02   6.0003104e-02
   4.7000000e-01   5.6015733e-02   5.6015733e-02
   4.8000000e-01   4.2224010e-02   4.2224010e-02
   4.9000000e-01   2.1590386e-02   2.1590386e-02
   5.0000000e-01  -1.8711493e-03  -1.8711493e-03
   5.1000000e-01  -2.4782854e-02  -2.4782854e-02
   5.2000000e-01  -4.5055740e-02  -4.5055740e-02
   5.3000000e-01  -6.2392988e-02  -6.2392988e-02
   5.4000000e-01  -7.7964675e-02  -7.7964675e-02
   5.5000000e-01  -9.2355337e-02  -9.2355337e-02
   5.6000000e-01  -1.0392583e-01  -1.0392583e-01
   5.7000000e-01  -1.0957683e-01  -1.0957683e-01
   5.8000000e-01  -1.0671101e-01  -1.0671101e-01
   5.9000000e-01  -9.4673763e-02  -9.4673763e-02
   6.0000000e-01  -7.5360802e-02  -7.5360802e-02
   6.1000000e-01  -5.2498379e-02  -5.2498379e-02
   6.2000000e-01  -2.9646494e-02  -2.9646494e-02
   6.3000000e-01  -8.5493094e-03  -8.5493094e-03
   6.4000000e-01   1.1122149e-02   1.1122149e-02
   6.5000000e-01   3.0405030e-02   3.0405030e-02
   6.6000000e-01   4.9054361e-02   4.9054361e-02
   6.7000000e-01   6.5516013e-02   6.5516013e-02
   6.8000000e-01   7.8067427e-02   7.8067427e-02
   6.9000000e-01   8.4560552e-02   8.4560552e-02
   7.0000000e-01   8.3020135e-02   8.3020135e-02
   7.1000000e-01   7.3640079e-02   7.3640079e-02
   7.2000000e-01   5.8589231e-02   5.8589231e-02
   7.3000000e-01   4.0686961e-02   4.0686961e-02
   7.4000000e-01   2.2560354e-02   2.2560354e-02
   7.5000000e-01   5.4593661e-03   5.4593661e-03
   7.6000000e-01  -1.0317422e-02  -1.0317422e-02
   7.7000000e-01  -2.4174466e-02  -2.4174466e-02
   7.8000000e-01  -3.5405353e-02  -3.5405353e-02
   7.9000000e-01  -4.3143847e-02  -4.3143847e-02
   8.0000000e-01  -4.6379713e-02  -4.6379713e-02
   8.1000000e-01  -4.5087039e-02  -4.5087039e-02
   8.2000000e-01  -4.0926741e-02  -4.0926741e-02
   8.3000000e-01  -3.6433465e-02  -3.6433465e-02
   8.4000000e-01  -3.3330374e-02  -3.3330374e-02
   8.5000000e-01  -3.1444542e-02  -3.1444542e-02
   8.6000000e-01  -2.8895698e-02  -2.8895698e-02
   8.7000000e-01  -2.3634102e-02  -2.3634102e-02
   8.8000000e-01  -1.5315012e-02  -1.5315012e-02
   8.9000000e-01  -5.7760325e-03  -5.7760325e-03
   9.0000000e-01   1.8927563e-03   1.8927563e-03
   9.1000000e-01   4.9228994e-03   4.9228994e-03
   9.2000000e-01   2.2596689e-03   2.2596689e-03
   9.3000000e-01  -4.9437591e-03  -4.9437591e-03
   9.4000000e-01  -1.3687732e-02  -1.3687732e-02
   9.5000000e-01  -2.0509960e-02  -2.0509960e-02
   9.6000000e-01  -2.3400775e-02  -2.3400775e-02
   9.7000000e-01  -2.2754758e-02  -2.2754758e-02
   9.8000000e-01  -2.0552172e-02  -2.0552172e-02
   9.9000000e-01  -1.8155710e-02  -1.8155710e-02
   1.0000000e+00  -1.4569401e-02  -1.4569401e-02
   1.0100000e+00  -7.2827545e-03  -7.2827545e-03
   1.0200000e+00   5.6391055e-03   5.6391055e-03
   1.0300000e+00   2.4256891e-02   2.4256891e-02
   1.0400000e+00   4.5923465e-02   4.5923465e-02
   1.0500000e+00   6.6007776e-02   6.6007776e-02
   1.0600000e+00   8.0045362e-02   8.0045362e-02
   1.0700000e+00   8.5415295e-02   8.5415295e-02
   1.0800000e+00   8.2605165e-02   8.2605165e-02
   1.0900000e+00   7.4741210e-02   7.4741210e-02
   1.1000000e+00   6.4727660e-02   6.4727660e-02
   1.1100000e+00   5.2901596e-02   5.2901596e-02
   1.1200000e+00   3.6743159e-02   3.6743159e-02
   1.1300000e+00   1.3106971e-02   1.3106971e-02
   1.1400000e+00  -1.8485707e-02  -1.8485707e-02
   1.1500000e+00  -5.4392940e-02  -5.4392940e-02
   1.1600000e+00  -8.7110129e-02  -8.7110129e-02
   1.1700000e+00  -1.0863015e-01  -1.0863015e-01
   1.1800000e+00  -1.1531639e-01  -1.1531639e-01
   1.1900000e+00  -1.0860263e-01  -1.0860263e-01
   1.2000000e+00  -9.3466082e-02  -9.3466082e-02
   1.2100000e+00  -7.6401238e-02  -7.6401238e-02
   1.2200000e+00  -6.1022199e-02  -6.1022199e-02
   1.2300000e+00  -4.5129754e-02  -4.5129754e-02
   1.2400000e+00  -2.2423656e-02  -2.2423656e-02
   1.2500000e+00   1.2171490e-02   1.2171490e-02
   1.2600000e+00   5.7431550e-02   5.7431550e-02
   1.2700000e+00   1.0604745e-01   1.0604745e-01
   1.2800000e+00   1.4833798e-01   1.4833798e-01
   1.2900000e+00   1.7568516e-01   1.7568516e-01
   1.3000000e+00   1.8408938e-01   1.8408938e-01
   1.3100000e+00   1.7655990e-01   1.7655990e-01
   1.3200000e+00   1.6138873e-01   1.6138873e-01
   1.3300000e+00   1.4574348e-01   1.4574348e-01
   1.3400000e+00   1.2943757e-01   1.2943757e-01
   1.3500000e+00   1.0637495e-01   1.0637495e-01
   1.3600000e+00   7.1294167e-02   7.1294167e-02
   1.3700000e+00   2.3268402e-02   2.3268402e-02
   1.3800000e+00  -3.3583781e-02  -3.3583781e-02
   1.3900000e+00  -8.9864044e-02  -8.9864044e-02
   1.4000000e+00  -1.3437589e-01  -1.3437589e-01
   1.4100000e+00  -1.6026975e-01  -1.6026975e-01
   1.4200000e+00  -1.6849120e-01  -1.6849120e-01
   1.4300000e+00  -1.6651566e-01  -1.6651566e-01
   1.4400000e+00  -1.6308918e-01  -1.6308918e-01
   1.4500000e+00  -1.6141519e-01  -1.6141519e-01
   1.4600000e+00  -1.5637182e-01  -1.5637182e-01
   1.4700000e+00  -1.3873779e-01  -1.3873779e-01
   1.4800000e+00  -1.0185820e-01  -1.0185820e-01
   1.4900000e+00  -4.5762166e-02  -4.5762166e-02
   1.5000000e+00   2.2327356e-02   2.2327356e-02
   1.5100000e+00   9.0461419e-02   9.0461419e-02
   1.5200000e+00   1.4692112e-01   1.4692112e-01
   1.5300000e+00   1.8601214e-01   1.8601214e-01
   1.5400000e+00   2.0986845e-01   2.0986845e-01
   1.5500000e+00   2.2429441e-01   2.2429441e-01
   1.5600000e+00   2.3251332e-01   2.3251332e-01
   1.5700000e+00   2.3172287e-01   2.3172287e-01
   1.5800000e+00   2.1466236e-01   2.1466236e-01
   1.5900000e+00   1.7490551e-01   1.7490551e-01
   1.6000000e+00   1.1204224e-01   1.1204224e-01
   1.6100000e+00   3.3364771e-02   3.3364771e-02
   1.6200000e+00  -4.8217824e-02  -4.8217824e-02
   1.6300000e+00  -1.1943774e-01  -1.1943774e-01
   1.6400000e+00  -1.7278887e-01  -1.7278887e-01
   1.6500000e+00  -2.0902509e-01  -2.0902509e-01
   1.6600000e+00  -2.3455097e-01  -2.3455097e-01
   1.6700000e+00  -2.5496942e-01  -2.5496942e-01
   1.6800000e+00  -2.6901255e-01  -2.6901255e-01
   1.6900000e+00  -2.6911604e-01  -2.6911604e-01
   1.7000000e+00  -2.4720125e-01  -2.4720125e-01
   1.7100000e+00  -1.9947042e-01  -1.9947042e-01
   1.7200000e+00  -1.2924678e-01  -1.2924678e-01
   1.7300000e+00  -4.7318483e-02  -4.7318483e-02
   1.7400000e+00   3.2170489e-02   3.2170489e-02
   1.7500000e+00   9.8339962e-02   9.8339962e-02
   1.7600000e+00   1.4848956e-01   1.4848956e-01
   1.7700000e+00   1.8749202e-01   1.8749202e-01
   1.7800000e+00   2.2157820e-01   2.2157820e-01
   1.7900000e+00   2.5269592e-01   2.5269592e-01
   1.8000000e+00   2.7719836e-01   2.7719836e-01
   1.8100000e+00   2.8673457e-01   2.8673457e-01
   1.8200000e+00   2.7237147e-01   2.7237147e-01
   1.8300000e+00   2.3101694e-01   2.3101694e-01
   1.8400000e+00   1.6761121e-01   1.6761121e-01
   1.8500000e+00   9.2878894e-02   9.2878894e-02
   1.8600000e+00   1.8750203e-02   1.8750203e-02
   1.8700000e+00  -4.7634868e-02  -4.7634868e-02
   1.8800000e+00  -1.0599421e-01  -1.0599421e-01
   1.8900000e+00  -1.5923253e-01  -1.5923253e-01
   1.9000000e+00  -2.0805256e-01  -2.0805256e-01
   1.9100000e+00  -2.4768149e-01  -2.4768149e-01
   1.9200000e+00  -2.6901206e-01  -2.6901206e-01
   1.9300000e+00  -2.6404866e-01  -2.6404866e-01
   1.9400000e+00  -2.3160856e-01  -2.3160856e-01
   1.9500000e+00  -1.7797131e-01  -1.7797131e-01
   1.9600000e+00  -1.1360955e-01  -1.1360955e-01
   1.9700000e+00  -4.9298651e-02  -4.9298651e-02
   1.9800000e+00   8.6465084e-03   8.6465084e-03
   1.9900000e+00   6.1171709e-02   6.1171709e-02
   2.0000000e+00   1.1373831e-01   1.1373831e-01
   2.0100000e+00   1.6991681e-01   1.6991681e-01
   2.0200000e+00   2.2636126e-01   2.2636126e-01
   2.0300000e+00   2.7319232e-01   2.7319232e-01
   2.0400000e+00   2.9913831e-01   2.9913831e-01
   2.0500000e+00   2.9731888e-01   2.9731888e-01
   2.0600000e+00   2.6861663e-01   2.6861663e-01
   2.0700000e+00   2.2062484e-01   2.2062484e-01
   2.0800000e+00   1.6272974e-01   1.6272974e-01
   2.0900000e+00   1.0196995e-01   1.0196995e-01
   2.1000000e+00   4.0759769e-02   4.0759769e-02
   2.1100000e+00  -2.3403017e-02  -2.3403017e-02
   2.1200000e+00  -9.2962291e-02  -9.2962291e-02
   2.1300000e+00  -1.6403166e-01  -1.6403166e-01
   2.1400000e+00  -2.2564385e-01  -2.2564385e-01
   2.1500000e+00  -2.6501799e-01  -2.6501799e-01
   2.1600000e+00  -2.7467733e-01  -2.7467733e-01
   2.1700000e+00  -2.5527514e-01  -2.5527514e-01
   2.1800000e+00  -2.1396203e-01  -2.1396203e-01
   2.1900000e+00  -1.6197558e-01  -1.6197558e-01
   2.2000000e+00  -1.1007825e-01  -1.1007825e-01
   2.2100000e+00  -6.1757932e-02  -6.1757932e-02
   2.2200000e+00  -1.1470503e-02  -1.1470503e-02
   2.2300000e+00   4.7892468e-02   4.7892468e-02
   2.2400000e+00   1.1604328e-01   1.1604328e-01
   2.2500000e+00   1.8381500e-01   1.8381500e-01
   2.2600000e+00   2.3792520e-01   2.3792520e-01
   2.2700000e+00   2.6753383e-01   2.6753383e-01
   2.2800000e+00   2.6974725e-01   2.6974725e-01
   2.2900000e+00   2.5035695e-01   2.5035695e-01
   2.3000000e+00   2.2028829e-01   2.2028829e-01
   2.3100000e+00   1.9019702e-01   1.9019702e-01
   2.3200000e+00   1.6415519e-01   1.6415519e-01
   2.3300000e+00   1.3633412e-01   1.3633412e-01
   2.3400000e+00   9.5027703e-02   9.5027703e-02
   2.3500000e+00   3.2887326e-02   3.2887326e-02
   2.3600000e+00  -4.5705278e-02  -4.5705278e-02
   2.3700000e+00  -1.2690482e-01  -1.2690482e-01
   2.3800000e+00  -1.9487411e-01  -1.9487411e-01
   2.3900000e+00  -2.3814504e-01  -2.3814504e-01
   2.4000000e+00  -2.5319491e-01  -2.5319491e-01
   2.4100000e+00  -2.4534523e-01  -2.4534523e-01
   2.4200000e+00  -2.2533055e-01  -2.2533055e-01
   2.4300000e+00  -2.0096747e-01  -2.0096747e-01
   2.4400000e+00  -1.7054689e-01  -1.7054689e-01
   2.4500000e+00  -1.2526017e-01  -1.2526017e-01
   2.4600000e+00  -5.7927327e-02  -5.7927327e-02
   2.4700000e+00   3.0156591e-02   3.0156591e-02
   2.4800000e+00   1.2813671e-01   1.2813671e-01
   2.4900000e+00   2.1921761e-01   2.1921761e-01
   2.5000000e+00   2.8697907e-01   2.8697907e-01
   2.5100000e+00   3.2303207e-01   3.2303207e-01
   2.5200000e+00   3.3089891e-01   3.3089891e-01
   2.5300000e+00   3.2157039e-01   3.2156539e-01
   2.5400000e+00   3.0546065e-01   3.0543170e-01
   2.5500000e+00   2.8636917e-01   2.8628796e-01
   2.5600000e+00   2.5946101e-01   2.5931426e-01
   2.5700000e+00   2.1550790e-01   2.1532569e-01
   2.5800000e+00   1.4924129e-01   1.4909921e-01
   2.5900000e+00   6.5437945e-02   6.5412749e-02
   2.6000000e+00  -2.1717291e-02  -2.1604283e-02
   2.6100000e+00  -9.6424250e-02  -9.6224945e-02
   2.6200000e+00  -1.4997683e-01  -1.4979833e-01
   2.6300000e+00  -1.8321209e-01  -1.8317114e-01
   2.6400000e+00  -2.0425232e-01  -2.0437020e-01
   2.6500000e+00  -2.2341488e-01  -2.2352357e-01
   2.6600000e+00  -2.4549693e-01  -2.4523948e-01
   2.6700000e+00  -2.6391638e-01  -2.6278563e-01
   2.6800000e+00  -2.6187297e-01  -2.5941419e-01
   2.6900000e+00  -2.2420527e-01  -2.2040993e-01
   2.7000000e+00  -1.5023926e-01  -1.4567519e-01
   2.7100000e+00  -5.4368731e-02  -4.9849752e-02
   2.7200000e+00   4.1040792e-02   4.4850430e-02
   2.7300000e+00   1.1462967e-01   1.1732103e-01
   2.7400000e+00   1.5500315e-01   1.5636066e-01
   2.7500000e+00   1.6457601e-01   1.6461955e-01
   2.7600000e+00   1.5631815e-01   1.5534698e-01
   2.7700000e+00   1.4583271e-01   1.4418813e-01
   2.7800000e+00   1.4280078e-01   1.4044715e-01
   2.7900000e+00   1.4497275e-01   1.4138406e-01
   2.8000000e+00   1.4095113e-01   1.3559514e-01
   2.8100000e+00   1.2083557e-01   1.1384407e-01
   2.8200000e+00   8.3674433e-02   7.5921539e-02
   2.8300000e+00   3.6814072e-02   2.9312972e-02
   2.8400000e+00  -1.0560286e-02  -1.7174461e-02
   2.8500000e+00  -5.2193784e-02  -5.7602904e-02
   2.8600000e+00  -8.6209053e-02  -9.0201037e-02
   2.8700000e+00  -1.1687643e-01  -1.1945459e-01
   2.8800000e+00  -1.5121857e-01  -1.5271309e-01
   2.8900000e+00  -1.9047271e-01  -1.9113993e-01
   2.9000000e+00  -2.2617222e-01  -2.2550841e-01
   2.9100000e+00  -2.4414166e-01  -2.4092054e-01
   2.9200000e+00  -2.3281884e-01  -2.2622166e-01
   2.9300000e+00  -1.9012653e-01  -1.8067781e-01
   2.9400000e+00  -1.2405655e-01  -1.1327343e-01
   2.9500000e+00  -4.8417092e-02  -3.7853545e-02
   2.9600000e+00   2.3297542e-02   3.2416080e-02
   2.9700000e+00   8.4134700e-02   9.0736224e-02
   2.9800000e+00   1.3503257e-01   1.3847175e-01
   2.9900000e+00   1.8064239e-01   1.8135561e-01
   3.0000000e+00   2.2369031e-01   2.2295523e-01
   3.0100000e+00   2.6022602e-01   2.5877915e-01
   3.0200000e+00   2.7975051e-01   2.7685589e-01
   3.0300000e+00   2.7158477e-01   2.6581083e-01
   3.0400000e+00   2.3158702e-01   2.2238804e-01
   3.0500000e+00   1.6424914e-01   1.5261554e-01
   3.0600000e+00   8.0461662e-02   6.8200632e-02
   3.0700000e+00  -6.6117186e-03  -1.7936108e-02
   3.0800000e+00  -8.6367697e-02  -9.5720073e-02
   3.0900000e+00  -1.5470338e-01  -1.6137145e-01
   3.1000000e+00  -2.1288392e-01  -2.1673975e-01
   3.1100000e+00  -2.6300355e-01  -2.6490343e-01
   3.1200000e+00  -3.0475900e-01  -3.0594495e-01
   3.1300000e+00  -3.3295008e-01  -3.3372264e-01
   3.1400000e+00  -3.3875037e-01  -3.3811915e-01
   3.1500000e+00  -3.1631421e-01  -3.1318865e-01
   3.1600000e+00  -2.6679162e-01  -2.6120800e-01
   3.1700000e+00  -1.9642658e-01  -1.8951152e-01
   3.1800000e+00  -1.1312933e-01  -1.0630636e-01
   3.1900000e+00  -2.4114015e-02  -1.8695363e-02
   3.2000000e+00   6.5735899e-02   6.8569326e-02
   3.2100000e+00   1.5450606e-01   1.5411602e-01
   3.2200000e+00   2.4160051e-01   2.3845330e-01
   3.2300000e+00   3.2385227e-01   3.1922149e-01
   3.2400000e+00   3.9289355e-01   3.8776779e-01
   3.2500000e+00   4.3798687e-01   4.3238107e-01
   3.2600000e+00   4.5195077e-01   4.4531380e-01
   3.2700000e+00   4.3347896e-01   4.2552743e-01
   3.2800000e+00   3.8512274e-01   3.7617690e-01
   3.2900000e+00   3.1062525e-01   3.0143433e-01
   3.3000000e+00   2.1315182e-01   2.0470330e-01
   3.3100000e+00   9.6782397e-02   9.0271063e-02
   3.3200000e+00  -3.1254986e-02  -3.4705840e-02
   3.3300000e+00  -1.6153876e-01  -1.6160592e-01
   3.3400000e+00  -2.8201191e-01  -2.7961580e-01
   3.3500000e+00  -3.7932267e-01  -3.7601459e-01
   3.3600000e+00  -4.4437813e-01  -4.4110888e-01
   3.3700000e+00  -4.7382058e-01  -4.7046943e-01
   3.3800000e+00  -4.6974396e-01  -4.6596032e-01
   3.3900000e+00  -4.4020833e-01  -4.3640681e-01
   3.4000000e+00  -3.9503895e-01  -3.9234714e-01
   3.4100000e+00  -3.3947721e-01  -3.3898696e-01
   3.4200000e+00  -2.7243635e-01  -2.7485297e-01
   3.4300000e+00  -1.9000766e-01  -1.9585075e-01
   3.4400000e+00  -9.0353108e-02  -9.9768555e-02
   3.4500000e+00   2.2789461e-02   1.0825346e-02
   3.4600000e+00   1.3960615e-01   1.2736121e-01
   3.4700000e+00   2.4757307e-01   2.3710806e-01
   3.4800000e+00   3.3645463e-01   3.2808119e-01
   3.4900000e+00   4.0044691e-01   3.9299848e-01
   3.5000000e+00   4.3781141e-01   4.3030650e-01
   3.5100000e+00   4.5097987e-01   4.4369181e-01
   3.5200000e+00   4.4330350e-01   4.3742509e-01
   3.5300000e+00   4.1214094e-01   4.0888087e-01
   3.5400000e+00   3.4821707e-01   3.4840083e-01
   3.5500000e+00   2.4553077e-01   2.4968548e-01
   3.5600000e+00   1.0970815e-01   1.1775718e-01
   3.5700000e+00  -4.4022178e-02  -3.3468943e-02
   3.5800000e+00  -1.9620143e-01  -1.8565602e-01
   3.5900000e+00  -3.2736539e-01  -3.1880171e-01
   3.6000000e+00  -4.2217786e-01  -4.1562508e-01
   3.6100000e+00  -4.7450899e-01  -4.6862904e-01
   3.6200000e+00  -4.8981366e-01  -4.8360221e-01
   3.6300000e+00  -4.7873453e-01  -4.7254533e-01
   3.6400000e+00  -4.4821258e-01  -4.4348122e-01
   3.6500000e+00  -3.9780262e-01  -3.9606699e-01
   3.6600000e+00  -3.2261097e-01  -3.2490702e-01
   3.6700000e+00  -2.2205347e-01  -2.2886010e-01
   3.6800000e+00  -1.0482454e-01  -1.1578571e-01
   3.6900000e+00   1.6128384e-02   2.7279955e-03
   3.7000000e+00   1.2949814e-01   1.1631527e-01
   3.7100000e+00   2.2661098e-01   2.1547883e-01
   3.7200000e+00   3.0331171e-01   2.9392953e-01
   3.7300000e+00   3.6199819e-01   3.5275871e-01
   3.7400000e+00   4.0858670e-01   3.9856931e-01
   3.7500000e+00   4.4489620e-01   4.3489199e-01
   3.7600000e+00   4.6241759e-01   4.5430076e-01
   3.7700000e+00   4.4635039e-01   4.4187109e-01
   3.7800000e+00   3.8638696e-01   3.8657876e-01
   3.7900000e+00   2.8325115e-01   2.8834411e-01
   3.8000000e+00   1.4890750e-01   1.5804531e-01
   3.8100000e+00   2.9613473e-03   1.4039557e-02
   3.8200000e+00  -1.3282106e-01  -1.2223270e-01
   3.8300000e+00  -2.4208687e-01  -2.3312276e-01
   3.8400000e+00  -3.2023565e-01  -3.1218915e-01
   3.8500000e+00  -3.7269690e-01  -3.6418820e-01
   3.8600000e+00  -4.0660575e-01  -3.9719365e-01
   3.8700000e+00  -4.2394591e-01  -4.1474657e-01
   3.8800000e+00  -4.1964210e-01  -4.1266873e-01
   3.8900000e+00  -3.8457594e-01  -3.8166661e-01
   3.9000000e+00  -3.1352095e-01  -3.1572152e-01
   3.9100000e+00  -2.1104883e-01  -2.1836349e-01
   3.9200000e+00  -9.0039763e-02  -1.0112025e-01
   3.9300000e+00   3.4273863e-02   2.1918600e-02
   3.9400000e+00   1.5127014e-01   1.3985430e-01
   3.9500000e+00   2.5698328e-01   2.4697330e-01
   3.9600000e+00   3.5154379e-01   3.4176978e-01
   3.9700000e+00   4.3711147e-01   4.2627246e-01
   3.9800000e+00   5.1317510e-01   5.0121757e-01
   3.9900000e+00   5.7090679e-01   5.5924173e-01
   4.0000000e+00   5.9487857e-01   5.8573241e-01
   4.0100000e+00   5.7215710e-01   5.6773114e-01
   4.0200000e+00   5.0084662e-01   5.0250870e-01
   4.0300000e+00   3.9171245e-01   3.9929232e-01
   4.0400000e+00   2.6319154e-01   2.7460275e-01
   4.0500000e+00   1.3272209e-01   1.4461186e-01
   4.0600000e+00   9.0141865e-03   1.8660583e-02
   4.0700000e+00  -1.0906094e-01  -1.0212507e-01
   4.0800000e+00  -2.2708002e-01  -2.2133731e-01
   4.0900000e+00  -3.4696860e-01  -3.4063674e-01
   4.1000000e+00  -4.6099250e-01  -4.5346998e-01
   4.1100000e+00  -5.5248348e-01  -5.4470032e-01
   4.1200000e+00  -6.0250802e-01  -5.9651228e-01
   4.1300000e+00  -5.9855667e-01  -5.9676190e-01
   4.1400000e+00  -5.4123233e-01  -5.4549449e-01
   4.1500000e+00  -4.4466682e-01  -4.5519979e-01
   4.1600000e+00  -3.2900003e-01  -3.4359870e-01
   4.1700000e+00  -2.0892592e-01  -2.2374676e-01
   4.1800000e+00  -8.6555018e-02  -9.8626219e-02
   4.1900000e+00   4.5918910e-02   3.6648372e-02
   4.2000000e+00   1.9588037e-01   1.8714367e-01
   4.2100000e+00   3.6106809e-01   3.5076996e-01
   4.2200000e+00   5.2810637e-01   5.1601291e-01
   4.2300000e+00   6.7600329e-01   6.6367883e-01
   4.2400000e+00   7.8293238e-01   7.7291297e-01
   4.2500000e+00   8.3461976e-01   8.2953361e-01
   4.2600000e+00   8.2847327e-01   8.3011090e-01
   4.2700000e+00   7.7351375e-01   7.8178292e-01
   4.2800000e+00   6.8444847e-01   6.9680569e-01
   4.2900000e+00   5.7014270e-01   5.8261135e-01
   4.3000000e+00   4.2850473e-01   4.3820715e-01
   4.3100000e+00   2.5340822e-01   2.6040888e-01
   4.3200000e+00   4.4450127e-02   5.0978309e-02
   4.3300000e+00  -1.8931845e-01  -1.8120567e-01
   4.3400000e+00  -4.3114433e-01  -4.2107942e-01
   4.3500000e+00  -6.5974869e-01  -6.4905254e-01
   4.3600000e+00  -8.5362223e-01  -8.4461991e-01
   4.3700000e+00  -9.9831742e-01  -9.9361096e-01
   4.3800000e+00  -1.0928423e+00  -1.0944867e+00
   4.3900000e+00  -1.1489532e+00  -1.1574629e+00
   4.4000000e+00  -1.1832537e+00  -1.1968362e+00
   4.4100000e+00  -1.2056268e+00  -1.2206258e+00
   4.4200000e+00  -1.2128875e+00  -1.2258097e+00
   4.4300000e+00  -1.1932259e+00  -1.2028750e+00
   4.4400000e+00  -1.1353662e+00  -1.1432202e+00
   4.4500000e+00  -1.0370873e+00  -1.0456536e+00
   4.4600000e+00  -9.0674717e-01  -9.1737593e-01
   4.4700000e+00  -7.5673038e-01  -7.6870705e-01
   4.4800000e+00  -6.0024384e-01  -6.1156002e-01
   4.4900000e+00  -4.5356322e-01  -4.6218669e-01
   4.5000000e+00  -3.3417668e-01  -3.3858435e-01
   4.5100000e+00  -2.5160825e-01  -2.5078413e-01
   4.5200000e+00  -1.9994289e-01  -1.9385745e-01
   4.5300000e+00  -1.6435146e-01  -1.5467674e-01
   4.5400000e+00  -1.3681690e-01  -1.2653306e-01
   4.5500000e+00  -1.2316298e-01  -1.1469555e-01
   4.5600000e+00  -1.3717452e-01  -1.3054604e-01
   4.5700000e+00  -1.9067738e-01  -1.8387843e-01
   4.5800000e+00  -2.8734854e-01  -2.7880369e-01
   4.5900000e+00  -4.2168777e-01  -4.1189182e-01
   4.6000000e+00  -5.7956265e-01  -5.7046817e-01
   4.6100000e+00  -7.3970132e-01  -7.3334765e-01
   4.6200000e+00  -8.8024210e-01  -8.7811315e-01
   4.6300000e+00  -9.8910208e-01  -9.9213213e-01
   4.6400000e+00  -1.0683457e+00  -1.0767353e+00
   4.6500000e+00  -1.1274945e+00  -1.1400470e+00
   4.6600000e+00  -1.1710064e+00  -1.1849508e+00
   4.6700000e+00  -1.1905777e+00  -1.2029648e+00
   4.6800000e+00  -1.1692138e+00  -1.1789952e+00
   4.6900000e+00  -1.0923591e+00  -1.1009795e+00
   4.7000000e+00  -9.5532918e-01  -9.6508004e-01
   4.7100000e+00  -7.6187486e-01  -7.7356443e-01
   4.7200000e+00  -5.1912041e-01  -5.3127715e-01
   4.7300000e+00  -2.3629999e-01  -2.4648679e-01
   4.7400000e+00   7.2952570e-02   6.6314146e-02
   4.7500000e+00   3.9105941e-01   3.8830765e-01
   4.7600000e+00   7.0413739e-01   7.0530979e-01
   4.7700000e+00   1.0109138e+00   1.0160868e+00
   4.7800000e+00   1.3197973e+00   1.3281717e+00
   4.7900000e+00   1.6331611e+00   1.6424294e+00
   4.8000000e+00   1.9369645e+00   1.9442655e+00
   4.8100000e+00   2.2077321e+00   2.2114884e+00
   4.8200000e+00   2.4263716e+00   2.4272765e+00
   4.8300000e+00   2.5848475e+00   2.5851206e+00
   4.8400000e+00   2.6844525e+00   2.6859364e+00
   4.8500000e+00   2.7296089e+00   2.7321573e+00
   4.8600000e+00   2.7222451e+00   2.7236459e+00
   4.8700000e+00   2.6616530e+00   2.6590854e+00
   4.8800000e+00   2.5472220e+00   2.5389670e+00
   4.8900000e+00   2.3804409e+00   2.3664964e+00
   4.9000000e+00   2.1640251e+00   2.1454714e+00
   4.9100000e+00   1.9001190e+00   1.8781694e+00
   4.9200000e+00   1.5923285e+00   1.5680461e+00
   4.9300000e+00   1.2505066e+00   1.2252152e+00
   4.9400000e+00   8.9600366e-01   8.7149029e-01
   4.9500000e+00   5.6134106e-01   5.3921278e-01
   4.9600000e+00   2.7953539e-01   2.6029399e-01
   4.9700000e+00   6.8508127e-02   5.1816880e-02
   4.9800000e+00  -7.4211739e-02  -8.8009506e-02
   4.9900000e+00  -1.5953574e-01  -1.6885352e-01
   5.0000000e+00  -1.9636541e-01  -1.9959100e-01
   5.0100000e+00  -1.9263938e-01  -1.8927290e-01
   5.0200000e+00  -1.5511339e-01  -1.4552204e-01
   5.0300000e+00  -8.3900183e-02  -6.8604264e-02
   5.0400000e+00   2.7794731e-02   4.8006004e-02
   5.0500000e+00   1.8434630e-01   2.0774792e-01
   5.0600000e+00   3.7677348e-01   4.0065397e-01
   5.0700000e+00   5.7884014e-01   6.0082437e-01
   5.0800000e+00   7.5936833e-01   7.7873628e-01
   5.0900000e+00   9.0090262e-01   9.1777677e-01
   5.1000000e+00   1.0011146e+00   1.0148020e+00
   5.1100000e+00   1.0578471e+00   1.0667347e+00
   5.1200000e+00   1.0590068e+00   1.0619216e+00
   5.1300000e+00   9.8990468e-01   9.8711858e-01
   5.1400000e+00   8.4040882e-01   8.3289836e-01
   5.1500000e+00   6.0007193e-01   5.8804805e-01
   5.1600000e+00   2.5560012e-01   2.3843073e-01
   5.1700000e+00  -2.0013509e-01  -2.2254180e-01
   5.1800000e+00  -7.5521411e-01  -7.8139449e-01
   5.1900000e+00  -1.3736192e+00  -1.4009984e+00
   5.2000000e+00  -2.0033374e+00  -2.0296923e+00
   5.2100000e+00  -2.5942854e+00  -2.6186627e+00
   5.2200000e+00  -3.1111800e+00  -3.1332003e+00
   5.2300000e+00  -3.5342020e+00  -3.5528816e+00
   5.2400000e+00  -3.8530570e+00  -3.8666656e+00
   5.2500000e+00  -4.0623864e+00  -4.0693823e+00
   5.2600000e+00  -4.1595620e+00  -4.1595661e+00
   5.2700000e+00  -4.1411106e+00  -4.1348463e+00
   5.2800000e+00  -4.0018481e+00  -3.9900576e+00
   5.2900000e+00  -3.7377782e+00  -3.7202138e+00
   5.3000000e+00  -3.3490188e+00  -3.3245539e+00
   5.3100000e+00  -2.8427519e+00  -2.8105509e+00
   5.3200000e+00  -2.2361737e+00  -2.1968943e+00
   5.3300000e+00  -1.5574933e+00  -1.5135091e+00
   5.3400000e+00  -8.4394785e-01  -7.9849865e-01
   5.3500000e+00  -1.3748201e-01  -9.3816944e-02
   5.3600000e+00   5.2382345e-01   5.6244828e-01
   5.3700000e+00   1.1134060e+00   1.1437366e+00
   5.3800000e+00   1.6155456e+00   1.6355049e+00
   5.3900000e+00   2.0219824e+00   2.0318736e+00
   5.4000000e+00   2.3280347e+00   2.3297575e+00
   5.4100000e+00   2.5263212e+00   2.5210640e+00
   5.4200000e+00   2.6042738e+00   2.5911239e+00
   5.4300000e+00   2.5502718e+00   2.5271401e+00
   5.4400000e+00   2.3624606e+00   2.3282958e+00
   5.4500000e+00   2.0528562e+00   2.0090112e+00
   5.4600000e+00   1.6450478e+00   1.5946483e+00
   5.4700000e+00   1.1678441e+00   1.1139314e+00
   5.4800000e+00   6.5018829e-01   5.9479264e-01
   5.4900000e+00   1.2172723e-01   6.7717005e-02
   5.5000000e+00  -3.8243537e-01  -4.2963572e-01
   5.5100000e+00  -8.2529994e-01  -8.6042627e-01
   5.5200000e+00  -1.1808519e+00  -1.2029732e+00
   5.5300000e+00  -1.4392319e+00  -1.4519444e+00
   5.5400000e+00  -1.6003354e+00  -1.6072971e+00
   5.5500000e+00  -1.6642398e+00  -1.6645290e+00
   5.5600000e+00  -1.6262299e+00  -1.6147760e+00
   5.5700000e+00  -1.4799461e+00  -1.4525530e+00
   5.5800000e+00  -1.2265071e+00  -1.1843289e+00
   5.5900000e+00  -8.8152723e-01  -8.3070238e-01
   5.6000000e+00  -4.6901034e-01  -4.1560953e-01
   5.6100000e+00  -8.9502296e-03   4.4875580e-02
   5.6200000e+00   4.8103077e-01   5.3410005e-01
   5.6300000e+00   9.7444392e-01   1.0220829e+00
   5.6400000e+00   1.4355399e+00   1.4718898e+00
   5.6500000e+00   1.8300336e+00   1.8535219e+00
   5.6600000e+00   2.1385500e+00   2.1529046e+00
   5.6700000e+00   2.3602217e+00   2.3701661e+00
   5.6800000e+00   2.4996543e+00   2.5055279e+00
   5.6900000e+00   2.5535670e+00   2.5500704e+00
   5.7000000e+00   2.5078406e+00   2.4882683e+00
   5.7100000e+00   2.3459574e+00   2.3077781e+00
   5.7200000e+00   2.0640181e+00   2.0107923e+00
   5.7300000e+00   1.6768959e+00   1.6154239e+00
   5.7400000e+00   1.2120472e+00   1.1478970e+00
   5.7500000e+00   7.0016681e-01   6.3585761e-01
   5.7600000e+00   1.7181984e-01   1.0934444e-01
   5.7700000e+00  -3.3775469e-01  -3.9411796e-01
   5.7800000e+00  -7.8872506e-01  -8.3454070e-01
   5.7900000e+00  -1.1490360e+00  -1.1836172e+00
   5.8000000e+00  -1.4071990e+00  -1.4331008e+00
   5.8100000e+00  -1.5743274e+00  -1.5929896e+00
   5.8200000e+00  -1.6705861e+00  -1.6789955e+00
   5.8300000e+00  -1.7018239e+00  -1.6939246e+00
   5.8400000e+00  -1.6511607e+00  -1.6229260e+00
   5.8500000e+00  -1.4974674e+00  -1.4506658e+00
   5.8600000e+00  -1.2360535e+00  -1.1774149e+00
   5.8700000e+00  -8.8221207e-01  -8.1916499e-01
   5.8800000e+00  -4.6238645e-01  -3.9941717e-01
   5.8900000e+00  -2.6662334e-03   5.8585924e-02
   5.9000000e+00   4.7088863e-01   5.2873270e-01
   5.9100000e+00   9.2224200e-01   9.7333401e-01
   5.9200000e+00   1.3101907e+00   1.3515116e+00
   5.9300000e+00   1.6078732e+00   1.6388497e+00
   5.9400000e+00   1.8127977e+00   1.8336130e+00
   5.9500000e+00   1.9408999e+00   1.9492450e+00
   5.9600000e+00   2.0103307e+00   2.0013351e+00
   5.9700000e+00   2.0250089e+00   1.9949693e+00
   5.9800000e+00   1.9748487e+00   1.9247794e+00
   5.9900000e+00   1.8464772e+00   1.7819440e+00
   6.0000000e+00   1.6295066e+00   1.5574254e+00
   6.0100000e+00   1.3223382e+00   1.2480302e+00
   6.0200000e+00   9.3226780e-01   8.5878690e-01
   6.0300000e+00   4.6810096e-01   3.9682576e-01
   6.0400000e+00  -5.7989980e-02  -1.2623091e-01
   6.0500000e+00  -6.1331724e-01  -6.7693630e-01
   6.0600000e+00  -1.1413915e+00  -1.1974842e+00
   6.0700000e+00  -1.5913360e+00  -1.6353857e+00
   6.0800000e+00  -1.9396698e+00  -1.9663244e+00
   6.0900000e+00  -2.1830996e+00  -2.1886938e+00
   6.1000000e+00  -2.3258966e+00  -2.3102614e+00
   6.1100000e+00  -2.3729074e+00  -2.3386381e+00
   6.1200000e+00  -2.3266411e+00  -2.2769185e+00
   6.1300000e+00  -2.1856053e+00  -2.1230693e+00
   6.1400000e+00  -1.9467351e+00  -1.8745416e+00
   6.1500000e+00  -1.6142635e+00  -1.5373927e+00
   6.1600000e+00  -1.2024612e+00  -1.1260900e+00
   6.1700000e+00  -7.2744333e-01  -6.5353826e-01
   6.1800000e+00  -2.0440255e-01  -1.3208908e-01
   6.1900000e+00   3.4138528e-01   4.1115656e-01
   6.2000000e+00   8.6787601e-01   9.2914386e-01
   6.2100000e+00   1.3283986e+00   1.3719973e+00
   6.2200000e+00   1.6899414e+00   1.7086991e+00
   6.2300000e+00   1.9409640e+00   1.9338387e+00
   6.2400000e+00   2.0860042e+00   2.0575575e+00
   6.2500000e+00   2.1324961e+00   2.0882654e+00
   6.2600000e+00   2.0795598e+00   2.0219091e+00
   6.2700000e+00   1.9185426e+00   1.8472818e+00
   6.2800000e+00   1.6445994e+00   1.5613502e+00
   6.2900000e+00   1.2663621e+00   1.1769606e+00
   6.3000000e+00   8.0343361e-01   7.1434816e-01
   6.3100000e+00   2.7643405e-01   1.8957479e-01
   6.3200000e+00  -2.9496232e-01  -3.8075619e-01
   6.3300000e+00  -8.8132795e-01  -9.6319113e-01
   6.3400000e+00  -1.4384523e+00  -1.5064627e+00
   6.3500000e+00  -1.9185264e+00  -1.9610211e+00
   6.3600000e+00  -2.2870814e+00  -2.2987208e+00
   6.3700000e+00  -2.5327853e+00  -2.5176931e+00
   6.3800000e+00  -2.6608065e+00  -2.6280360e+00
   6.3900000e+00  -2.6742812e+00  -2.6296895e+00
   6.4000000e+00  -2.5615854e+00  -2.5040795e+00
   6.4100000e+00  -2.3065148e+00  -2.2322014e+00
   6.4200000e+00  -1.9113519e+00  -1.8205984e+00
   6.4300000e+00  -1.4043525e+00  -1.3043697e+00
   6.4400000e+00  -8.3130065e-01  -7.3137605e-01
   6.4500000e+00  -2.4200814e-01  -1.4644894e-01
   6.4600000e+00   3.2097763e-01   4.1264721e-01
   6.4700000e+00   8.2457825e-01   9.0969847e-01
   6.4800000e+00   1.2424410e+00   1.3106136e+00
   6.4900000e+00   1.5528420e+00   1.5913160e+00
   6.5000000e+00   1.7453606e+00   1.7488572e+00
   6.5100000e+00   1.8306850e+00   1.8058322e+00
   6.5200000e+00   1.8323121e+00   1.7913497e+00
   6.5300000e+00   1.7635452e+00   1.7124868e+00
   6.5400000e+00   1.6158319e+00   1.5505392e+00
   6.5500000e+00   1.3721294e+00   1.2863278e+00
   6.5600000e+00   1.0335562e+00   9.2874251e-01
   6.5700000e+00   6.3243892e-01   5.1941808e-01
   6.5800000e+00   2.1948475e-01   1.0980804e-01
   6.5900000e+00  -1.6044833e-01  -2.6270000e-01
   6.6000000e+00  -4.8251479e-01  -5.7752973e-01
   6.6100000e+00  -7.3532399e-01  -8.1817858e-01
   6.6200000e+00  -9.0807416e-01  -9.6665507e-01
   6.6300000e+00  -9.9416804e-01  -1.0178935e+00
   6.6400000e+00  -1.0037214e+00  -9.9387895e-01
   6.6500000e+00  -9.6126839e-01  -9.3067788e-01
   6.6600000e+00  -8.8553576e-01  -8.4545974e-01
   6.6700000e+00  -7.6951498e-01  -7.1855852e-01
   6.6800000e+00  -5.8630449e-01  -5.1548776e-01
   6.6900000e+00  -3.1928322e-01  -2.2641092e-01
   6.7000000e+00   1.2185602e-02   1.1678921e-01
   6.7100000e+00   3.5780287e-01   4.6084773e-01
   6.7200000e+00   6.7203506e-01   7.6807646e-01
   6.7300000e+00   9.3633247e-01   1.0247034e+00
   6.7400000e+00   1.1466378e+00   1.2218635e+00
   6.7500000e+00   1.2969546e+00   1.3476290e+00
   6.7600000e+00   1.3782852e+00   1.3960739e+00
   6.7700000e+00   1.3870370e+00   1.3754898e+00
   6.7800000e+00   1.3294298e+00   1.3017097e+00
   6.7900000e+00   1.2142715e+00   1.1803952e+00
   6.8000000e+00   1.0411950e+00   9.9861015e-01
   6.8100000e+00   7.9950059e-01   7.3781190e-01
   6.8200000e+00   4.8612754e-01   3.9994257e-01
   6.8300000e+00   1.2740680e-01   2.4079052e-02
   6.8400000e+00  -2.2361536e-01  -3.3026953e-01
   6.8500000e+00  -5.2023091e-01  -6.2134368e-01
   6.8600000e+00  -7.4875067e-01  -8.3931119e-01
   6.8700000e+00  -9.1850789e-01  -9.9030196e-01
   6.8800000e+00  -1.0384479e+00  -1.0819815e+00
   6.8900000e+00  -1.1081883e+00  -1.1210074e+00
   6.9000000e+00  -1.1248599e+00  -1.1151665e+00
   6.9100000e+00  -1.0950489e+00  -1.0751585e+00
   6.9200000e+00  -1.0326943e+00  -1.0082773e+00
   6.9300000e+00  -9.3845409e-01  -9.0436118e-01
   6.9400000e+00  -7.9374905e-01  -7.4038048e-01
   6.9500000e+00  -5.8612406e-01  -5.0918814e-01
   6.9600000e+00  -3.3020952e-01  -2.3544080e-01
   6.9700000e+00  -6.0587286e-02   3.9920842e-02
   6.9800000e+00   1.9312578e-01   2.8778620e-01
   6.9900000e+00   4.2083080e-01   4.9975370e-01
   7.0000000e+00   6.1944253e-01   6.7375779e-01
   7.0100000e+00   7.7917488e-01   8.0481834e-01
   7.0200000e+00   8.8719487e-01   8.8851717e-01
   7.0300000e+00   9.3692816e-01   9.2391456e-01
   7.0400000e+00   9.3075455e-01   9.1133101e-01
   7.0500000e+00   8.7374227e-01   8.4810377e-01
   7.0600000e+00   7.6654694e-01   7.2817678e-01
   7.0700000e+00   6.0450183e-01   5.4600979e-01
   7.0800000e+00   3.8384930e-01   3.0241764e-01
   7.0900000e+00   1.1308472e-01   1.4031136e-02
   7.1000000e+00  -1.8272682e-01  -2.8616882e-01
   7.1100000e+00  -4.7443881e-01  -5.6673298e-01
   7.1200000e+00  -7.4054774e-01  -8.1016376e-01
   7.1300000e+00  -9.6341632e-01  -1.0064521e+00
   7.1400000e+00  -1.1263474e+00  -1.1465626e+00
   7.1500000e+00  -1.2188956e+00  -1.2235088e+00
   7.1600000e+00  -1.2402662e+00  -1.2347212e+00
   7.1700000e+00  -1.1980933e+00  -1.1838831e+00
   7.1800000e+00  -1.1016178e+00  -1.0774562e+00
   7.1900000e+00  -9.5456712e-01  -9.1786593e-01
   7.2000000e+00  -7.5660114e-01  -7.0355855e-01
   7.2100000e+00  -5.0612738e-01  -4.3305233e-01
   7.2200000e+00  -2.0349547e-01  -1.1248221e-01
   7.2300000e+00   1.3566248e-01   2.3239501e-01
   7.2400000e+00   4.7516826e-01   5.6046758e-01
   7.2500000e+00   7.7548387e-01   8.3725256e-01
   7.2600000e+00   1.0102877e+00   1.0467334e+00
   7.2700000e+00   1.1716565e+00   1.1887241e+00
   7.2800000e+00   1.2704583e+00   1.2747161e+00
   7.2900000e+00   1.3282800e+00   1.3219492e+00
   7.3000000e+00   1.3633358e+00   1.3453490e+00
   7.3100000e+00   1.3805522e+00   1.3505014e+00
   7.3200000e+00   1.3709118e+00   1.3296859e+00
   7.3300000e+00   1.3191197e+00   1.2659859e+00
   7.3400000e+00   1.2103979e+00   1.1418816e+00
   7.3500000e+00   1.0316558e+00   9.4525567e-01
   7.3600000e+00   7.7694992e-01   6.7736899e-01
   7.3700000e+00   4.6224584e-01   3.6357491e-01
   7.3800000e+00   1.2964516e-01   4.8165042e-02
   7.3900000e+00  -1.6954529e-01  -2.2582544e-01
   7.4000000e+00  -3.9767725e-01  -4.3134119e-01
   7.4100000e+00  -5.4729873e-01  -5.6513498e-01
   7.4200000e+00  -6.3502480e-01  -6.4077730e-01
   7.4300000e+00  -6.7542023e-01  -6.6810539e-01
   7.4400000e+00  -6.6538695e-01  -6.4317224e-01
   7.4500000e+00  -5.8996702e-01  -5.5336662e-01
   7.4600000e+00  -4.3750488e-01  -3.8766711e-01
   7.4700000e+00  -2.0709549e-01  -1.4278787e-01
   7.4800000e+00   9.8444896e-02   1.7854010e-01
   7.4900000e+00   4.7071270e-01   5.6084501e-01
   7.5000000e+00   8.7517264e-01   9.6145984e-01
   7.5100000e+00   1.2511349e+00   1.3204203e+00
   7.5200000e+00   1.5414678e+00   1.5886360e+00
   7.5300000e+00   1.7148613e+00   1.7421260e+00
   7.5400000e+00   1.7702400e+00   1.7822802e+00
   7.5500000e+00   1.7303792e+00   1.7299348e+00
   7.5600000e+00   1.6187396e+00   1.6053377e+00
   7.5700000e+00   1.4337354e+00   1.4057708e+00
   7.5800000e+00   1.1522001e+00   1.1093261e+00
   7.5900000e+00   7.5922992e-01   7.0247016e-01
   7.6000000e+00   2.6927050e-01   2.0016424e-01
   7.6100000e+00  -2.8263357e-01  -3.6200035e-01
   7.6200000e+00  -8.5830249e-01  -9.4374685e-01
   7.6300000e+00  -1.4149086e+00  -1.4994944e+00
   7.6400000e+00  -1.8973392e+00  -1.9734202e+00
   7.6500000e+00  -2.2495926e+00  -2.3107756e+00
   7.6600000e+00  -2.4396255e+00  -2.4818559e+00
   7.6700000e+00  -2.4757017e+00  -2.4982876e+00
   7.6800000e+00  -2.4029326e+00  -2.4086975e+00
   7.6900000e+00  -2.2769013e+00  -2.2701950e+00
   7.7000000e+00  -2.1257065e+00  -2.1086831e+00
   7.7100000e+00  -1.9329988e+00  -1.9039980e+00
   7.7200000e+00  -1.6610429e+00  -1.6171747e+00
   7.7300000e+00  -1.2889318e+00  -1.2301632e+00
   7.7400000e+00  -8.2782479e-01  -7.5846294e-01
   7.7500000e+00  -3.0939749e-01  -2.3478721e-01
   7.7600000e+00   2.2888955e-01   3.0614824e-01
   7.7700000e+00   7.4579842e-01   8.2329133e-01
   7.7800000e+00   1.1938824e+00   1.2646102e+00
   7.7900000e+00   1.5263948e+00   1.5801856e+00
   7.8000000e+00   1.7180187e+00   1.7476733e+00
   7.8100000e+00   1.7896261e+00   1.7960012e+00
   7.8200000e+00   1.7998678e+00   1.7905542e+00
   7.8300000e+00   1.7901857e+00   1.7714821e+00
   7.8400000e+00   1.7405556e+00   1.7116202e+00
   7.8500000e+00   1.5930234e+00   1.5484398e+00
   7.8600000e+00   1.3084284e+00   1.2454177e+00
   7.8700000e+00   8.9115161e-01   8.1406365e-01
   7.8800000e+00   3.7798566e-01   2.9540931e-01
   7.8900000e+00  -1.8336861e-01  -2.6581293e-01
   7.9000000e+00  -7.4319949e-01  -8.2405681e-01
   7.9100000e+00  -1.2453107e+00  -1.3207082e+00
   7.9200000e+00  -1.6341776e+00  -1.6947313e+00
   7.9300000e+00  -1.8807689e+00  -1.9173059e+00
   7.9400000e+00  -2.0043820e+00  -2.0162345e+00
   7.9500000e+00  -2.0629443e+00  -2.0594208e+00
   7.9600000e+00  -2.1072631e+00  -2.0986356e+00
   7.9700000e+00  -2.1333066e+00  -2.1203101e+00
   7.9800000e+00  -2.0834085e+00  -2.0574030e+00
   7.9900000e+00  -1.8971746e+00  -1.8503277e+00
   8.0000000e+00  -1.5549917e+00  -1.4890734e+00
   8.0100000e+00  -1.0833287e+00  -1.0085219e+00
   8.0200000e+00  -5.3548922e-01  -4.6063724e-01
   8.0300000e+00   2.8433027e-02   1.0206841e-01
   8.0400000e+00   5.4384325e-01   6.1617926e-01
   8.0500000e+00   9.4186246e-01   1.0052885e+00
   8.0600000e+00   1.1712844e+00   1.2138462e+00
   8.0700000e+00   1.2318164e+00   1.2487562e+00
   8.0800000e+00   1.1850504e+00   1.1840696e+00
   8.0900000e+00   1.1086921e+00   1.1014366e+00
   8.1000000e+00   1.0264901e+00   1.0152312e+00
   8.1100000e+00   8.9403850e-01   8.6993320e-01
   8.1200000e+00   6.4914470e-01   6.0410568e-01
   8.1300000e+00   2.6790109e-01   2.0479553e-01
   8.1400000e+00  -2.2291314e-01  -2.9261312e-01
   8.1500000e+00  -7.6954588e-01  -8.3717059e-01
   8.1600000e+00  -1.3145169e+00  -1.3810652e+00
   8.1700000e+00  -1.8037773e+00  -1.8736516e+00
   8.1800000e+00  -2.1824948e+00  -2.2532905e+00
   8.1900000e+00  -2.4036027e+00  -2.4645405e+00
   8.2000000e+00  -2.4534547e+00  -2.4931990e+00
   8.2100000e+00  -2.3661311e+00  -2.3820864e+00
   8.2200000e+00  -2.2103915e+00  -2.2105428e+00
   8.2300000e+00  -2.0486257e+00  -2.0426894e+00
   8.2400000e+00  -1.8940507e+00  -1.8823180e+00
   8.2500000e+00  -1.7083020e+00  -1.6812679e+00
   8.2600000e+00  -1.4422092e+00  -1.3918031e+00
   8.2700000e+00  -1.0814058e+00  -1.0115219e+00
   8.2800000e+00  -6.5646172e-01  -5.8150348e-01
   8.2900000e+00  -2.1542357e-01  -1.4707858e-01
   8.3000000e+00   2.0456605e-01   2.6700882e-01
   8.3100000e+00   5.7978553e-01   6.4194085e-01
   8.3200000e+00   8.8917409e-01   9.4824270e-01
   8.3300000e+00   1.1185889e+00   1.1630508e+00
   8.3400000e+00   1.2846991e+00   1.3060466e+00
   8.3500000e+00   1.4449117e+00   1.4465755e+00
   8.3600000e+00   1.6615649e+00   1.6540233e+00
   8.3700000e+00   1.9413532e+00   1.9287336e+00
   8.3800000e+00   2.2183956e+00   2.1929131e+00
   8.3900000e+00   2.4099510e+00   2.3602864e+00
   8.4000000e+00   2.4777025e+00   2.4013896e+00
   8.4100000e+00   2.4319581e+00   2.3401232e+00
   8.4200000e+00   2.3022084e+00   2.2123105e+00
   8.4300000e+00   2.1143040e+00   2.0363167e+00
   8.4400000e+00   1.8805999e+00   1.8103716e+00
   8.4500000e+00   1.6062386e+00   1.5346816e+00
   8.4600000e+00   1.3022308e+00   1.2304241e+00
   8.4700000e+00   9.8248575e-01   9.2414525e-01
   8.4800000e+00   6.4449465e-01   6.1182836e-01
   8.4900000e+00   2.6148497e-01   2.5221651e-01
   8.5000000e+00  -1.8720315e-01  -1.8411300e-01
   8.5100000e+00  -6.6459846e-01  -6.5230865e-01
   8.5200000e+00  -1.0700110e+00  -1.0392840e+00
   8.5300000e+00  -1.3094080e+00  -1.2524015e+00
   8.5400000e+00  -1.3622676e+00  -1.2855449e+00
   8.5500000e+00  -1.2663884e+00  -1.1873404e+00
   8.5600000e+00  -1.0649487e+00  -9.9555757e-01
   8.5700000e+00  -7.9305445e-01  -7.2913478e-01
   8.5800000e+00  -4.8540655e-01  -4.1721405e-01
   8.5900000e+00  -1.6278185e-01  -9.5047514e-02
   8.6000000e+00   1.7450611e-01   2.2199540e-01
   8.6100000e+00   5.3834871e-01   5.5346194e-01
   8.6200000e+00   9.5052990e-01   9.4258183e-01
   8.6300000e+00   1.4180181e+00   1.4030668e+00
   8.6400000e+00   1.8967545e+00   1.8773924e+00
   8.6500000e+00   2.3036017e+00   2.2675774e+00
   8.6600000e+00   2.5631886e+00   2.4983297e+00
   8.6700000e+00   2.6461254e+00   2.5546037e+00
   8.6800000e+00   2.5800892e+00   2.4784911e+00
   8.6900000e+00   2.4170031e+00   2.3225453e+00
   8.7000000e+00   2.1905980e+00   2.1063722e+00
   8.7100000e+00   1.9116185e+00   1.8267874e+00
   8.7200000e+00   1.5809087e+00   1.4878980e+00
   8.7300000e+00   1.1961907e+00   1.1059712e+00
   8.7400000e+00   7.5431204e-01   6.8955241e-01
   8.7500000e+00   2.4688653e-01   2.1937792e-01
   8.7600000e+00  -3.3820242e-01  -3.3722629e-01
   8.7700000e+00  -9.8646287e-01  -9.7234767e-01
   8.7800000e+00  -1.6277095e+00  -1.6042561e+00
   8.7900000e+00  -2.1635445e+00  -2.1209855e+00
   8.8000000e+00  -2.5233643e+00  -2.4523249e+00
