   1.0000000e-02  -1.5208032e-04  -1.5208032e-04
   2.0000000e-02  -8.3419908e-04  -8.3419908e-04
   3.0000000e-02  -2.4239412e-03  -2.4239412e-03
   4.0000000e-02  -5.2223841e-03  -5.2223841e-03
   5.0000000e-02  -9.5088205e-03  -9.5088205e-03
   6.0000000e-02  -1.5467471e-02  -1.5467471e-02
   7.0000000e-02  -2.3062114e-02  -2.3062114e-02
   8.0000000e-02  -3.2018179e-02  -3.2018179e-02
   9.0000000e-02  -4.1966108e-02  -4.1966108e-02
   1.0000000e-01  -5.2544867e-02  -5.2544867e-02
   1.1000000e-01  -6.3292980e-02  -6.3292980e-02
   1.2000000e-01  -7.3523065e-02  -7.3523065e-02
   1.3000000e-01  -8.2600879e-02  -8.2600879e-02
   1.4000000e-01  -9.0246507e-02  -9.0246507e-02
   1.5000000e-01  -9.6011177e-02  -9.6011177e-02
   1.6000000e-01  -9.8787876e-02  -9.8787876e-02
   1.7000000e-01  -9.7597394e-02  -9.7597394e-02
   1.8000000e-01  -9.2280968e-02  -9.2280968e-02
   1.9000000e-01  -8.3137210e-02  -8.3137210e-02
   2.0000000e-01  -7.0727463e-02  -7.0727463e-02
   2.1000000e-01  -5.6019675e-02  -5.6019675e-02
   2.2000000e-01  -4.0271516e-02  -4.0271516e-02
   2.3000000e-01  -2.4812007e-02  -2.4812007e-02
   2.4000000e-01  -1.0813604e-02  -1.0813604e-02
   2.5000000e-01   7.2861414e-04   7.2861414e-04
   2.6000000e-01   8.6806396e-03   8.6806396e-03
   2.7000000e-01   1.1960825e-02   1.1960825e-02
   2.8000000e-01   1.0084381e-02   1.0084381e-02
   2.9000000e-01   3.2505286e-03   3.2505286e-03
   3.0000000e-01  -7.6732761e-03  -7.6732761e-03
   3.1000000e-01  -2.1122098e-02  -2.1122098e-02
   3.2000000e-01  -3.4966864e-02  -3.4966864e-02
   3.3000000e-01  -4.7473176e-02  -4.7473176e-02
   3.4000000e-01  -5.8431341e-02  -5.8431341e-02
   3.5000000e-01  -6.8306744e-02  -6.8306744e-02
   3.6000000e-01  -7.6957927e-02  -7.6957927e-02
   3.7000000e-01  -8.4146408e-02  -8.4146408e-02
   3.8000000e-01  -8.9791696e-02  -8.9791696e-02
   3.9000000e-01  -9.2942270e-02  -9.2942270e-02
   4.0000000e-01  -9.1790364e-02  -9.1790364e-02
   4.1000000e-01  -8.5242115e-02  -8.5242115e-02
   4.2000000e-01  -7.3787461e-02  -7.3787461e-02
   4.3000000e-01  -5.9168252e-02  -5.9168252e-02
   4.4000000e-01  -4.3816256e-02  -4.3816256e-02
   4.5000000e-01  -2.9729138e-02  -2.9729138e-02
   4.6000000e-01  -1.7561599e-02  -1.7561599e-02
   4.7000000e-01  -7.0932640e-03  -7.0932640e-03
   4.8000000e-01   2.1644173e-03   2.1644173e-03
   4.9000000e-01   1.0521273e-02   1.0521273e-02
   5.0000000e-01   1.7207454e-02   1.7207454e-02
   5.1000000e-01   2.0180218e-02   2.0180218e-02
   5.2000000e-01   1.7204146e-02   1.7204146e-02
   5.3000000e-01   7.3635082e-03   7.3635082e-03
   5.4000000e-01  -8.2598843e-03  -8.2598843e-03
   5.5000000e-01  -2.7247831e-02  -2.7247831e-02
   5.6000000e-01  -4.6786021e-02  -4.6786021e-02
   5.7000000e-01  -6.4203154e-02  -6.4203154e-02
   5.8000000e-01  -7.7393102e-02  -7.7393102e-02
   5.9000000e-01  -8.5596357e-02  -8.5596357e-02
   6.0000000e-01  -8.9653984e-02  -8.9653984e-02
   6.1000000e-01  -9.0669929e-02  -9.0669929e-02
   6.2000000e-01  -8.8708049e-02  -8.8708049e-02
   6.3000000e-01  -8.2947532e-02  -8.2947532e-02
   6.4000000e-01  -7.2695587e-02  -7.2695587e-02
   6.5000000e-01  -5.8185621e-02  -5.8185621e-02
   6.6000000e-01  -4.0468905e-02  -4.0468905e-02
   6.7000000e-01  -2.1120965e-02  -2.1120965e-02
   6.8000000e-01  -2.2160568e-03  -2.2160568e-03
   6.9000000e-01   1.3782060e-02   1.3782060e-02
   7.0000000e-01   2.4328415e-02   2.4328415e-02
   7.1000000e-01   2.8078855e-02   2.8078855e-02
   7.2000000e-01   2.5659136e-02   2.5659136e-02
   7.3000000e-01   1.8642624e-02   1.8642624e-02
   7.4000000e-01   9.0093723e-03   9.0093723e-03
   7.5000000e-01  -1.2250291e-03  -1.2250291e-03
   7.6000000e-01  -1.0715398e-02  -1.0715398e-02
   7.7000000e-01  -1.8142216e-02  -1.8142216e-02
   7.8000000e-01  -2.1888717e-02  -2.1888717e-02
   7.9000000e-01  -2.1200889e-02  -2.1200889e-02
   8.0000000e-01  -1.6153170e-02  -1.6153170e-02
   8.1000000e-01  -6.4973140e-03  -6.4973140e-03
   8.2000000e-01   8.0948129e-03   8.0948129e-03
   8.3000000e-01   2.6965514e-02   2.6965514e-02
   8.4000000e-01   4.8321390e-02   4.8321390e-02
   8.5000000e-01   6.9950457e-02   6.9950457e-02
   8.6000000e-01   8.9700305e-02   8.9700305e-02
   8.7000000e-01   1.0566457e-01   1.0566457e-01
   8.8000000e-01   1.1655810e-01   1.1655810e-01
   8.9000000e-01   1.2206035e-01   1.2206035e-01
   9.0000000e-01   1.2299582e-01   1.2299582e-01
   9.1000000e-01   1.2070747e-01   1.2070747e-01
   9.2000000e-01   1.1568901e-01   1.1568901e-01
   9.3000000e-01   1.0758153e-01   1.0758153e-01
   9.4000000e-01   9.6682314e-02   9.6682314e-02
   9.5000000e-01   8.4156676e-02   8.4156676e-02
   9.6000000e-01   7.1040039e-02   7.1040039e-02
   9.7000000e-01   5.7730979e-02   5.7730979e-02
   9.8000000e-01   4.3737492e-02   4.3737492e-02
   9.9000000e-01   2.7759405e-02   2.7759405e-02
   1.0000000e+00   7.8656863e-03   7.8656863e-03
   1.0100000e+00  -1.7118905e-02  -1.7118905e-02
   1.0200000e+00  -4.5589937e-02  -4.5589937e-02
   1.0300000e+00  -7.3537707e-02  -7.3537707e-02
   1.0400000e+00  -9.5623788e-02  -9.5623788e-02
   1.0500000e+00  -1.0669068e-01  -1.0669068e-01
   1.0600000e+00  -1.0464671e-01  -1.0464671e-01
   1.0700000e+00  -9.1564939e-02  -9.1564939e-02
   1.0800000e+00  -7.2253136e-02  -7.2253136e-02
   1.0900000e+00  -5.1284998e-02  -5.1284998e-02
   1.1000000e+00  -3.0316751e-02  -3.0316751e-02
   1.1100000e+00  -8.1554479e-03  -8.1554479e-03
   1.1200000e+00   1.7877740e-02   1.7877740e-02
   1.1300000e+00   5.0060147e-02   5.0060147e-02
   1.1400000e+00   8.7665322e-02   8.7665322e-02
   1.1500000e+00   1.2608700e-01   1.2608700e-01
   1.1600000e+00   1.5833236e-01   1.5833236e-01
   1.1700000e+00   1.7803080e-01   1.7803080e-01
   1.1800000e+00   1.8276941e-01   1.8276941e-01
   1.1900000e+00   1.7490821e-01   1.7490821e-01
   1.2000000e+00   1.5911389e-01   1.5911389e-01
   1.2100000e+00   1.3902429e-01   1.3902429e-01
   1.2200000e+00   1.1533913e-01   1.1533913e-01
   1.2300000e+00   8.6097261e-02   8.6097261e-02
   1.2400000e+00   4.8496635e-02   4.8496635e-02
   1.2500000e+00   1.5814536e-03   1.5814536e-03
   1.2600000e+00  -5.1409315e-02  -5.1409315e-02
   1.2700000e+00  -1.0284964e-01  -1.0284964e-01
   1.2800000e+00  -1.4327968e-01  -1.4327968e-01
   1.2900000e+00  -1.6603820e-01  -1.6603820e-01
   1.3000000e+00  -1.7044336e-01  -1.7044336e-01
   1.3100000e+00  -1.6060358e-01  -1.6060358e-01
   1.3200000e+00  -1.4191898e-01  -1.4191898e-01
   1.3300000e+00  -1.1789182e-01  -1.1789182e-01
   1.3400000e+00  -8.8728722e-02  -8.8728722e-02
   1.3500000e+00  -5.2453456e-02  -5.2453456e-02
   1.3600000e+00  -7.3339924e-03  -7.3339924e-03
   1.3700000e+00   4.5852649e-02   4.5852649e-02
   1.3800000e+00   1.0253649e-01   1.0253649e-01
   1.3900000e+00   1.5500937e-01   1.5500937e-01
   1.4000000e+00   1.9567523e-01   1.9567523e-01
   1.4100000e+00   2.2086900e-01   2.2086900e-01
   1.4200000e+00   2.3180511e-01   2.3180511e-01
   1.4300000e+00   2.3238163e-01   2.3238163e-01
   1.4400000e+00   2.2600106e-01   2.2600106e-01
   1.4500000e+00   2.1312794e-01   2.1312794e-01
   1.4600000e+00   1.9115591e-01   1.9115591e-01
   1.4700000e+00   1.5663207e-01   1.5663207e-01
   1.4800000e+00   1.0778938e-01   1.0778938e-01
   1.4900000e+00   4.6903688e-02   4.6903688e-02
   1.5000000e+00  -1.8677402e-02  -1.8677402e-02
   1.5100000e+00  -7.8966282e-02  -7.8966282e-02
   1.5200000e+00  -1.2548888e-01  -1.2548888e-01
   1.5300000e+00  -1.5468864e-01  -1.5468864e-01
   1.5400000e+00  -1.6838464e-01  -1.6838464e-01
   1.5500000e+00  -1.7045218e-01  -1.7045218e-01
   1.5600000e+00  -1.6343472e-01  -1.6343472e-01
   1.5700000e+00  -1.4755729e-01  -1.4755729e-01
   1.5800000e+00  -1.2135713e-01  -1.2135713e-01
   1.5900000e+00  -8.3168253e-02  -8.3168253e-02
   1.6000000e+00  -3.3007945e-02  -3.3007945e-02
   1.6100000e+00   2.5580176e-02   2.5580176e-02
   1.6200000e+00   8.5422502e-02   8.5422502e-02
   1.6300000e+00   1.3851345e-01   1.3851345e-01
   1.6400000e+00   1.7961101e-01   1.7961101e-01
   1.6500000e+00   2.0809261e-01   2.0809261e-01
   1.6600000e+00   2.2690615e-01   2.2690615e-01
   1.6700000e+00   2.3861861e-01   2.3861861e-01
   1.6800000e+00   2.4244340e-01   2.4244340e-01
   1.6900000e+00   2.3517617e-01   2.3517617e-01
   1.7000000e+00   2.1304325e-01   2.1304325e-01
   1.7100000e+00   1.7305280e-01   1.7305280e-01
   1.7200000e+00   1.1512238e-01   1.1512238e-01
   1.7300000e+00   4.4543387e-02   4.4543387e-02
   1.7400000e+00  -2.8149211e-02  -2.8149211e-02
   1.7500000e+00  -9.1986167e-02  -9.1986167e-02
   1.7600000e+00  -1.4050276e-01  -1.4050276e-01
   1.7700000e+00  -1.7265003e-01  -1.7265003e-01
   1.7800000e+00  -1.9074979e-01  -1.9074979e-01
   1.7900000e+00  -1.9787528e-01  -1.9787528e-01
   1.8000000e+00  -1.9659824e-01  -1.9659824e-01
   1.8100000e+00  -1.8726811e-01  -1.8726811e-01
   1.8200000e+00  -1.6663352e-01  -1.6663352e-01
   1.8300000e+00  -1.3119610e-01  -1.3119610e-01
   1.8400000e+00  -8.1793575e-02  -8.1793575e-02
   1.8500000e+00  -2.4175420e-02  -2.4175420e-02
   1.8600000e+00   3.3245408e-02   3.3245408e-02
   1.8700000e+00   8.2719076e-02   8.2719076e-02
   1.8800000e+00   1.2003638e-01   1.2003638e-01
   1.8900000e+00   1.4513711e-01   1.4513711e-01
   1.9000000e+00   1.6060194e-01   1.6060194e-01
   1.9100000e+00   1.6907463e-01   1.6907463e-01
   1.9200000e+00   1.7136547e-01   1.7136547e-01
   1.9300000e+00   1.6596008e-01   1.6596008e-01
   1.9400000e+00   1.4960277e-01   1.4960277e-01
   1.9500000e+00   1.1987185e-01   1.1987185e-01
   1.9600000e+00   7.8450271e-02   7.8450271e-02
   1.9700000e+00   3.1697978e-02   3.1697978e-02
   1.9800000e+00  -1.2018961e-02  -1.2018961e-02
   1.9900000e+00  -4.6257557e-02  -4.6257557e-02
   2.0000000e+00  -6.8827081e-02  -6.8827081e-02
   2.0100000e+00  -8.1589451e-02  -8.1589451e-02
   2.0200000e+00  -8.8814925e-02  -8.8814925e-02
   2.0300000e+00  -9.3904011e-02  -9.3904011e-02
   2.0400000e+00  -9.6717220e-02  -9.6717220e-02
   2.0500000e+00  -9.4127931e-02  -9.4127931e-02
   2.0600000e+00  -8.2026641e-02  -8.2026641e-02
   2.0700000e+00  -5.8190378e-02  -5.8190378e-02
   2.0800000e+00  -2.5257134e-02  -2.5257134e-02
   2.0900000e+00   1.0084516e-02   1.0084516e-02
   2.1000000e+00   4.1157404e-02   4.1157404e-02
   2.1100000e+00   6.4623882e-02   6.4623882e-02
   2.1200000e+00   8.1629756e-02   8.1629756e-02
   2.1300000e+00   9.5698929e-02   9.5698929e-02
   2.1400000e+00   1.0909904e-01   1.0909904e-01
   2.1500000e+00   1.2136651e-01   1.2136651e-01
   2.1600000e+00   1.2911473e-01   1.2911473e-01
   2.1700000e+00   1.2673756e-01   1.2673756e-01
   2.1800000e+00   1.0962275e-01   1.0962275e-01
   2.1900000e+00   7.8114999e-02   7.8114999e-02
   2.2000000e+00   3.8791846e-02   3.8791846e-02
   2.2100000e+00   1.3131353e-03   1.3131353e-03
   2.2200000e+00  -2.6872493e-02  -2.6872493e-02
   2.2300000e+00  -4.4242053e-02  -4.4242053e-02
   2.2400000e+00  -5.5154526e-02  -5.5154526e-02
   2.2500000e+00  -6.5380390e-02  -6.5380390e-02
   2.2600000e+00  -7.7331722e-02  -7.7331722e-02
   2.2700000e+00  -8.8743720e-02  -8.8743720e-02
   2.2800000e+00  -9.3201418e-02  -9.3201418e-02
   2.2900000e+00  -8.3379371e-02  -8.3379371e-02
   2.3000000e+00  -5.6849607e-02  -5.6849607e-02
   2.3100000e+00  -1.9161817e-02  -1.9161817e-02
   2.3200000e+00   1.7890185e-02   1.7890185e-02
   2.3300000e+00   4.2975575e-02   4.2975575e-02
   2.3400000e+00   5.2629209e-02   5.2629209e-02
   2.3500000e+00   5.1987966e-02   5.1987966e-02
   2.3600000e+00   5.0645009e-02   5.0645009e-02
   2.3700000e+00   5.7399900e-02   5.7399900e-02
   2.3800000e+00   7.5190361e-02   7.5190361e-02
   2.3900000e+00   9.9904996e-02   9.9904996e-02
   2.4000000e+00   1.2328028e-01   1.2328028e-01
   2.4100000e+00   1.3599691e-01   1.3599691e-01
   2.4200000e+00   1.3176078e-01   1.3176078e-01
   2.4300000e+00   1.1407806e-01   1.1407806e-01
   2.4400000e+00   9.6074767e-02   9.6074767e-02
   2.4500000e+00   8.7962771e-02   8.7962771e-02
   2.4600000e+00   8.8287586e-02   8.8287586e-02
   2.4700000e+00   8.9093231e-02   8.9093231e-02
   2.4800000e+00   8.3002545e-02   8.3002545e-02
   2.4900000e+00   6.5794088e-02   6.5794088e-02
   2.5000000e+00   3.8979651e-02   3.8979651e-02
   2.5100000e+00   1.0280970e-02   1.0280970e-02
   2.5200000e+00  -1.0172875e-02  -1.0172875e-02
   2.5300000e+00  -1.5560681e-02  -1.5564327e-02
   2.5400000e+00  -8.0858581e-03  -8.1066575e-03
   2.5500000e+00   7.0155042e-04   6.4379894e-04
   2.5600000e+00  -2.0238341e-03  -2.1276471e-03
   2.5700000e+00  -2.1237202e-02  -2.1366923e-02
   2.5800000e+00  -5.2638517e-02  -5.2745672e-02
   2.5900000e+00  -8.7123912e-02  -8.7163463e-02
   2.6000000e+00  -1.1505591e-01  -1.1502604e-01
   2.6100000e+00  -1.2922014e-01  -1.2917886e-01
   2.6200000e+00  -1.2709939e-01  -1.2714951e-01
   2.6300000e+00  -1.1224088e-01  -1.1247040e-01
   2.6400000e+00  -9.1149987e-02  -9.1520414e-02
   2.6500000e+00  -6.6099683e-02  -6.6408033e-02
   2.6600000e+00  -3.1899341e-02  -3.1950719e-02
   2.6700000e+00   1.7369102e-02   1.7486192e-02
   2.6800000e+00   7.7694335e-02   7.7557449e-02
   2.6900000e+00   1.3482746e-01   1.3399096e-01
   2.7000000e+00   1.7235178e-01   1.7063804e-01
   2.7100000e+00   1.7774439e-01   1.7523047e-01
   2.7200000e+00   1.4634425e-01   1.4327675e-01
   2.7300000e+00   8.4100727e-02   8.0936298e-02
   2.7400000e+00   7.0904723e-03   4.4430348e-03
   2.7500000e+00  -6.4237316e-02  -6.5990849e-02
   2.7600000e+00  -1.1419730e-01  -1.1532604e-01
   2.7700000e+00  -1.3877945e-01  -1.4000138e-01
   2.7800000e+00  -1.4427216e-01  -1.4598129e-01
   2.7900000e+00  -1.3921585e-01  -1.4091489e-01
   2.8000000e+00  -1.2728046e-01  -1.2791490e-01
   2.8100000e+00  -1.0585996e-01  -1.0476714e-01
   2.8200000e+00  -7.1785029e-02  -6.9164661e-02
   2.8300000e+00  -2.6270742e-02  -2.2809987e-02
   2.8400000e+00   2.5236748e-02   2.8795769e-02
   2.8500000e+00   7.3918234e-02   7.6782933e-02
   2.8600000e+00   1.0987321e-01   1.1132603e-01
   2.8700000e+00   1.2684727e-01   1.2684486e-01
   2.8800000e+00   1.2693481e-01   1.2638545e-01
   2.8900000e+00   1.2077441e-01   1.2067880e-01
   2.9000000e+00   1.2045086e-01   1.2054066e-01
   2.9100000e+00   1.2887070e-01   1.2743305e-01
   2.9200000e+00   1.3540887e-01   1.3078291e-01
   2.9300000e+00   1.2344919e-01   1.1545189e-01
   2.9400000e+00   8.1109227e-02   7.0905647e-02
   2.9500000e+00   7.5069818e-03  -3.3361544e-03
   2.9600000e+00  -8.6643299e-02  -9.6559651e-02
   2.9700000e+00  -1.8392204e-01  -1.9137110e-01
   2.9800000e+00  -2.6610364e-01  -2.7029354e-01
   2.9900000e+00  -3.2005885e-01  -3.2192667e-01
   3.0000000e+00  -3.4297771e-01  -3.4469507e-01
   3.0100000e+00  -3.4190283e-01  -3.4474842e-01
   3.0200000e+00  -3.2539155e-01  -3.2827792e-01
   3.0300000e+00  -2.9451723e-01  -2.9504633e-01
   3.0400000e+00  -2.4290794e-01  -2.3974253e-01
   3.0500000e+00  -1.6463099e-01  -1.5859978e-01
   3.0600000e+00  -6.2187039e-02  -5.5401553e-02
   3.0700000e+00   5.1787425e-02   5.7357666e-02
   3.0800000e+00   1.5912999e-01   1.6216342e-01
   3.0900000e+00   2.4310387e-01   2.4292339e-01
   3.1000000e+00   2.9446122e-01   2.9158221e-01
   3.1100000e+00   3.1470561e-01   3.1123652e-01
   3.1200000e+00   3.1643262e-01   3.1476860e-01
   3.1300000e+00   3.1661894e-01   3.1710675e-01
   3.1400000e+00   3.2419688e-01   3.2463271e-01
   3.1500000e+00   3.3315830e-01   3.3101458e-01
   3.1600000e+00   3.2771234e-01   3.2244515e-01
   3.1700000e+00   2.9446754e-01   2.8754572e-01
   3.1800000e+00   2.3027172e-01   2.2378824e-01
   3.1900000e+00   1.4183281e-01   1.3770488e-01
   3.2000000e+00   4.1440003e-02   4.1223187e-02
   3.2100000e+00  -5.7355310e-02  -5.3272923e-02
   3.2200000e+00  -1.4480971e-01  -1.3816284e-01
   3.2300000e+00  -2.1973178e-01  -2.1360774e-01
   3.2400000e+00  -2.8754882e-01  -2.8391331e-01
   3.2500000e+00  -3.5085276e-01  -3.4896284e-01
   3.2600000e+00  -4.0033959e-01  -3.9790954e-01
   3.2700000e+00  -4.1777690e-01  -4.1347104e-01
   3.2800000e+00  -3.8869865e-01  -3.8316417e-01
   3.2900000e+00  -3.1029718e-01  -3.0522857e-01
   3.3000000e+00  -1.9229426e-01  -1.8932033e-01
   3.3100000e+00  -5.5180074e-02  -5.5636637e-02
   3.3200000e+00   7.5694961e-02   7.0996516e-02
   3.3300000e+00   1.8082409e-01   1.7256465e-01
   3.3400000e+00   2.5481851e-01   2.4560732e-01
   3.3500000e+00   3.0617689e-01   2.9894246e-01
   3.3600000e+00   3.4920952e-01   3.4469133e-01
   3.3700000e+00   3.9090276e-01   3.8722666e-01
   3.3800000e+00   4.2309742e-01   4.1827510e-01
   3.3900000e+00   4.2878239e-01   4.2316582e-01
   3.4000000e+00   3.9511008e-01   3.9093799e-01
   3.4100000e+00   3.2159555e-01   3.2085605e-01
   3.4200000e+00   2.2053248e-01   2.2396046e-01
   3.4300000e+00   1.1158166e-01   1.1913930e-01
   3.4400000e+00   1.3848814e-02   2.4827229e-02
   3.4500000e+00  -6.2164854e-02  -5.0012323e-02
   3.4600000e+00  -1.1983564e-01  -1.0996795e-01
   3.4700000e+00  -1.7315858e-01  -1.6762648e-01
   3.4800000e+00  -2.3486861e-01  -2.3226941e-01
   3.4900000e+00  -3.0406227e-01  -3.0109738e-01
   3.5000000e+00  -3.6414503e-01  -3.5922045e-01
   3.5100000e+00  -3.9445984e-01  -3.8912625e-01
   3.5200000e+00  -3.8369581e-01  -3.8082058e-01
   3.5300000e+00  -3.3399625e-01  -3.3546015e-01
   3.5400000e+00  -2.5780753e-01  -2.6399724e-01
   3.5500000e+00  -1.7183055e-01  -1.8229199e-01
   3.5600000e+00  -8.9717626e-02  -1.0314352e-01
   3.5700000e+00  -1.5278857e-02  -2.8976797e-02
   3.5800000e+00   5.9911676e-02   4.9018852e-02
   3.5900000e+00   1.4760346e-01   1.4046616e-01
   3.6000000e+00   2.4793853e-01   2.4239349e-01
   3.6100000e+00   3.4465905e-01   3.3775364e-01
   3.6200000e+00   4.1261431e-01   4.0374465e-01
   3.6300000e+00   4.3088032e-01   4.2224251e-01
   3.6400000e+00   3.9363189e-01   3.8815666e-01
   3.6500000e+00   3.1136714e-01   3.1078330e-01
   3.6600000e+00   2.0518933e-01   2.0969037e-01
   3.6700000e+00   9.8750279e-02   1.0752883e-01
   3.6800000e+00   8.9613213e-03   2.0208628e-02
   3.6900000e+00  -6.1582352e-02  -5.0759075e-02
   3.7000000e+00  -1.2344398e-01  -1.1557163e-01
   3.7100000e+00  -1.8797418e-01  -1.8299255e-01
   3.7200000e+00  -2.5392528e-01  -2.4913604e-01
   3.7300000e+00  -3.0592820e-01  -2.9889086e-01
   3.7400000e+00  -3.2560628e-01  -3.1679463e-01
   3.7500000e+00  -3.0323048e-01  -2.9558811e-01
   3.7600000e+00  -2.4274520e-01  -2.3927794e-01
   3.7700000e+00  -1.6041460e-01  -1.6246066e-01
   3.7800000e+00  -7.6582152e-02  -8.3766771e-02
   3.7900000e+00  -5.7819990e-03  -1.6581944e-02
   3.8000000e+00   4.9404901e-02   3.7599021e-02
   3.8100000e+00   9.9651353e-02   8.9972812e-02
   3.8200000e+00   1.6123090e-01   1.5532136e-01
   3.8300000e+00   2.4114668e-01   2.3746465e-01
   3.8400000e+00   3.2840369e-01   3.2342737e-01
   3.8500000e+00   3.9998206e-01   3.9162644e-01
   3.8600000e+00   4.3516303e-01   4.2471680e-01
   3.8700000e+00   4.2664789e-01   4.1756268e-01
   3.8800000e+00   3.8304563e-01   3.7842089e-01
   3.8900000e+00   3.2335479e-01   3.2436431e-01
   3.9000000e+00   2.6663178e-01   2.7250875e-01
   3.9100000e+00   2.2134520e-01   2.2987346e-01
   3.9200000e+00   1.8016654e-01   1.8803449e-01
   3.9300000e+00   1.2542290e-01   1.2947171e-01
   3.9400000e+00   4.2108432e-02   4.1612083e-02
   3.9500000e+00  -6.8664840e-02  -7.0936369e-02
   3.9600000e+00  -1.8439572e-01  -1.8434725e-01
   3.9700000e+00  -2.7310924e-01  -2.6904762e-01
   3.9800000e+00  -3.1216010e-01  -3.0605989e-01
   3.9900000e+00  -2.9690179e-01  -2.9244128e-01
   4.0000000e+00  -2.3906154e-01  -2.3910070e-01
   4.0100000e+00  -1.5889744e-01  -1.6433721e-01
   4.0200000e+00  -7.4390833e-02  -8.4221043e-02
   4.0300000e+00   6.4572343e-03  -5.0959374e-03
   4.0400000e+00   8.7638975e-02   7.8051428e-02
   4.0500000e+00   1.7970213e-01   1.7488086e-01
   4.0600000e+00   2.8666785e-01   2.8625374e-01
   4.0700000e+00   3.9658859e-01   3.9711799e-01
   4.0800000e+00   4.8593975e-01   4.8388487e-01
   4.0900000e+00   5.3234046e-01   5.2699682e-01
   4.1000000e+00   5.2526907e-01   5.1883021e-01
   4.1100000e+00   4.7095715e-01   4.6663957e-01
   4.1200000e+00   3.8976943e-01   3.8992437e-01
   4.1300000e+00   3.0474165e-01   3.0992132e-01
   4.1400000e+00   2.2907914e-01   2.3794553e-01
   4.1500000e+00   1.6095082e-01   1.7060713e-01
   4.1600000e+00   8.6492969e-02   9.3550486e-02
   4.1700000e+00  -8.3539551e-03  -5.8330580e-03
   4.1800000e+00  -1.2407562e-01  -1.2501265e-01
   4.1900000e+00  -2.4349036e-01  -2.4442479e-01
   4.2000000e+00  -3.3949604e-01  -3.3745461e-01
   4.2100000e+00  -3.8872652e-01  -3.8366589e-01
   4.2200000e+00  -3.8236655e-01  -3.7702933e-01
   4.2300000e+00  -3.2885346e-01  -3.2673268e-01
   4.2400000e+00  -2.4767567e-01  -2.5093113e-01
   4.2500000e+00  -1.5680853e-01  -1.6531242e-01
   4.2600000e+00  -6.1852581e-02  -7.3406924e-02
   4.2700000e+00   4.4487324e-02   3.3179977e-02
   4.2800000e+00   1.7325038e-01   1.6506395e-01
   4.2900000e+00   3.2767856e-01   3.2351389e-01
   4.3000000e+00   4.9520455e-01   4.9340284e-01
   4.3100000e+00   6.4827820e-01   6.4568202e-01
   4.3200000e+00   7.5415131e-01   7.4833430e-01
   4.3300000e+00   7.8784621e-01   7.7883365e-01
   4.3400000e+00   7.4094863e-01   7.3126089e-01
   4.3500000e+00   6.2395966e-01   6.1719537e-01
   4.3600000e+00   4.6300915e-01   4.6177908e-01
   4.3700000e+00   2.8683111e-01   2.9125842e-01
   4.3800000e+00   1.1079857e-01   1.1856043e-01
   4.3900000e+00  -6.8063677e-02  -6.0338387e-02
   4.4000000e+00  -2.6303239e-01  -2.5797238e-01
   4.4100000e+00  -4.8284760e-01  -4.8119813e-01
   4.4200000e+00  -7.2200756e-01  -7.2257096e-01
   4.4300000e+00  -9.6290667e-01  -9.6321924e-01
   4.4400000e+00  -1.1831990e+00  -1.1807202e+00
   4.4500000e+00  -1.3610034e+00  -1.3546516e+00
   4.4600000e+00  -1.4788502e+00  -1.4699549e+00
   4.4700000e+00  -1.5286458e+00  -1.5204780e+00
   4.4800000e+00  -1.5141717e+00  -1.5103125e+00
   4.4900000e+00  -1.4478876e+00  -1.4503415e+00
   4.5000000e+00  -1.3435511e+00  -1.3516196e+00
   4.5100000e+00  -1.2077561e+00  -1.2184011e+00
   4.5200000e+00  -1.0352177e+00  -1.0446281e+00
   4.5300000e+00  -8.1459002e-01  -8.1989426e-01
   4.5400000e+00  -5.4043447e-01  -5.4091677e-01
   4.5500000e+00  -2.2279086e-01  -2.2049829e-01
   4.5600000e+00   1.0596156e-01   1.0700674e-01
   4.5700000e+00   3.9640765e-01   3.9303128e-01
   4.5800000e+00   6.0223027e-01   5.9463932e-01
   4.5900000e+00   6.9743265e-01   6.8893455e-01
   4.6000000e+00   6.8155050e-01   6.7642125e-01
   4.6100000e+00   5.7651126e-01   5.7758671e-01
   4.6200000e+00   4.1531756e-01   4.2228678e-01
   4.6300000e+00   2.2424175e-01   2.3382443e-01
   4.6400000e+00   1.1881803e-02   1.9797886e-02
   4.6500000e+00  -2.2636939e-01  -2.2309036e-01
   4.6600000e+00  -4.9438428e-01  -4.9613755e-01
   4.6700000e+00  -7.8444410e-01  -7.8922721e-01
   4.6800000e+00  -1.0766953e+00  -1.0811669e+00
   4.6900000e+00  -1.3440348e+00  -1.3450247e+00
   4.7000000e+00  -1.5585422e+00  -1.5547820e+00
   4.7100000e+00  -1.6989438e+00  -1.6920114e+00
   4.7200000e+00  -1.7561673e+00  -1.7497757e+00
   4.7300000e+00  -1.7332703e+00  -1.7312920e+00
   4.7400000e+00  -1.6417296e+00  -1.6460663e+00
   4.7500000e+00  -1.4975966e+00  -1.5070315e+00
   4.7600000e+00  -1.3130244e+00  -1.3237951e+00
   4.7700000e+00  -1.0855334e+00  -1.0933772e+00
   4.7800000e+00  -7.9916425e-01  -8.0145462e-01
   4.7900000e+00  -4.4230673e-01  -4.3900489e-01
   4.8000000e+00  -2.4457871e-02  -1.7821970e-02
   4.8100000e+00   4.2464059e-01   4.3108153e-01
   4.8200000e+00   8.6592505e-01   8.6878239e-01
   4.8300000e+00   1.2614272e+00   1.2589751e+00
   4.8400000e+00   1.5823683e+00   1.5756230e+00
   4.8500000e+00   1.8137228e+00   1.8062203e+00
   4.8600000e+00   1.9555708e+00   1.9515730e+00
   4.8700000e+00   2.0195745e+00   2.0215350e+00
   4.8800000e+00   2.0202047e+00   2.0270576e+00
   4.8900000e+00   1.9672229e+00   1.9748658e+00
   4.9000000e+00   1.8614863e+00   1.8652043e+00
   4.9100000e+00   1.6949033e+00   1.6917698e+00
   4.9200000e+00   1.4582203e+00   1.4478920e+00
   4.9300000e+00   1.1509730e+00   1.1351787e+00
   4.9400000e+00   7.8768761e-01   7.6967468e-01
   4.9500000e+00   3.9963476e-01   3.8379086e-01
   4.9600000e+00   2.8596862e-02   1.8628335e-02
   4.9700000e+00  -2.8844312e-01  -2.9248045e-01
   4.9800000e+00  -5.3481355e-01  -5.3721713e-01
   4.9900000e+00  -7.1643989e-01  -7.2280412e-01
   5.0000000e+00  -8.4964384e-01  -8.6211748e-01
   5.0100000e+00  -9.4302214e-01  -9.5811186e-01
   5.0200000e+00  -9.8582680e-01  -9.9723658e-01
   5.0300000e+00  -9.5373413e-01  -9.5694399e-01
   5.0400000e+00  -8.2372231e-01  -8.1780445e-01
   5.0500000e+00  -5.8549969e-01  -5.7226716e-01
   5.0600000e+00  -2.4892376e-01  -2.3204380e-01
   5.0700000e+00   1.5041003e-01   1.6587839e-01
   5.0800000e+00   5.5565868e-01   5.6525171e-01
   5.0900000e+00   9.0938039e-01   9.1225753e-01
   5.1000000e+00   1.1740589e+00   1.1738737e+00
   5.1100000e+00   1.3419678e+00   1.3444773e+00
   5.1200000e+00   1.4304083e+00   1.4391561e+00
   5.1300000e+00   1.4605284e+00   1.4736941e+00
   5.1400000e+00   1.4394642e+00   1.4511302e+00
   5.1500000e+00   1.3601681e+00   1.3647231e+00
   5.1600000e+00   1.2113811e+00   1.2064382e+00
   5.1700000e+00   9.8256269e-01   9.6854450e-01
   5.1800000e+00   6.6325725e-01   6.4187911e-01
   5.1900000e+00   2.5262829e-01   2.2687408e-01
   5.2000000e+00  -2.2581272e-01  -2.5114299e-01
   5.2100000e+00  -7.2560722e-01  -7.4559792e-01
   5.2200000e+00  -1.1970416e+00  -1.2100086e+00
   5.2300000e+00  -1.6087336e+00  -1.6177986e+00
   5.2400000e+00  -1.9558940e+00  -1.9668792e+00
   5.2500000e+00  -2.2496344e+00  -2.2665232e+00
   5.2600000e+00  -2.4964196e+00  -2.5179527e+00
   5.2700000e+00  -2.6849484e+00  -2.7052882e+00
   5.2800000e+00  -2.7872445e+00  -2.7999525e+00
   5.2900000e+00  -2.7701868e+00  -2.7718741e+00
   5.3000000e+00  -2.6073047e+00  -2.5983184e+00
   5.3100000e+00  -2.2844407e+00  -2.2670735e+00
   5.3200000e+00  -1.8009283e+00  -1.7775302e+00
   5.3300000e+00  -1.1719396e+00  -1.1447194e+00
   5.3400000e+00  -4.3606020e-01  -4.0840988e-01
   5.3500000e+00   3.3914327e-01   3.6296444e-01
   5.3600000e+00   1.0752410e+00   1.0936077e+00
   5.3700000e+00   1.7181930e+00   1.7341074e+00
   5.3800000e+00   2.2497616e+00   2.2680526e+00
   5.3900000e+00   2.6735916e+00   2.6960133e+00
   5.4000000e+00   2.9958146e+00   3.0185218e+00
   5.4100000e+00   3.2103269e+00   3.2261008e+00
   5.4200000e+00   3.2993995e+00   3.3024636e+00
   5.4300000e+00   3.2438723e+00   3.2330047e+00
   5.4400000e+00   3.0326802e+00   3.0106221e+00
   5.4500000e+00   2.6693080e+00   2.6397358e+00
   5.4600000e+00   2.1710293e+00   2.1360500e+00
   5.4700000e+00   1.5635618e+00   1.5238064e+00
   5.4800000e+00   8.8264463e-01   8.3931292e-01
   5.4900000e+00   1.8374658e-01   1.3982506e-01
   5.5000000e+00  -4.6191639e-01  -5.0366484e-01
   5.5100000e+00  -9.9739681e-01  -1.0370370e+00
   5.5200000e+00  -1.4012649e+00  -1.4402177e+00
   5.5300000e+00  -1.6777369e+00  -1.7150825e+00
   5.5400000e+00  -1.8353083e+00  -1.8665057e+00
   5.5500000e+00  -1.8728261e+00  -1.8919091e+00
   5.5600000e+00  -1.7812914e+00  -1.7843286e+00
   5.5700000e+00  -1.5543726e+00  -1.5413041e+00
   5.5800000e+00  -1.1976605e+00  -1.1717537e+00
   5.5900000e+00  -7.3403991e-01  -7.0000149e-01
   5.6000000e+00  -2.0045988e-01  -1.6223168e-01
   5.6100000e+00   3.6265227e-01   4.0344900e-01
   5.6200000e+00   9.1719452e-01   9.6061336e-01
   5.6300000e+00   1.4261988e+00   1.4720471e+00
   5.6400000e+00   1.8577935e+00   1.9047342e+00
   5.6500000e+00   2.1935475e+00   2.2390218e+00
   5.6600000e+00   2.4308684e+00   2.4716482e+00
   5.6700000e+00   2.5780084e+00   2.6112642e+00
   5.6800000e+00   2.6446993e+00   2.6683972e+00
   5.6900000e+00   2.6311333e+00   2.6434804e+00
   5.7000000e+00   2.5251547e+00   2.5241320e+00
   5.7100000e+00   2.3103110e+00   2.2943657e+00
   5.7200000e+00   1.9751085e+00   1.9447088e+00
   5.7300000e+00   1.5229700e+00   1.4813486e+00
   5.7400000e+00   9.7492414e-01   9.2663253e-01
   5.7500000e+00   3.5892398e-01   3.0660363e-01
   5.7600000e+00  -2.9679040e-01  -3.5359610e-01
   5.7700000e+00  -9.5864370e-01  -1.0198576e+00
   5.7800000e+00  -1.5868625e+00  -1.6484508e+00
   5.7900000e+00  -2.1441694e+00  -2.1997990e+00
   5.8000000e+00  -2.6043923e+00  -2.6494251e+00
   5.8100000e+00  -2.9557396e+00  -2.9892065e+00
   5.8200000e+00  -3.1950869e+00  -3.2181612e+00
   5.8300000e+00  -3.3189434e+00  -3.3316331e+00
   5.8400000e+00  -3.3184413e+00  -3.3180237e+00
   5.8500000e+00  -3.1802392e+00  -3.1632261e+00
   5.8600000e+00  -2.8957227e+00  -2.8614622e+00
   5.8700000e+00  -2.4741393e+00  -2.4263239e+00
   5.8800000e+00  -1.9470321e+00  -1.8913477e+00
   5.8900000e+00  -1.3557880e+00  -1.2954571e+00
   5.9000000e+00  -7.3728980e-01  -6.7112101e-01
   5.9100000e+00  -1.2469717e-01  -5.1570736e-02
   5.9200000e+00   4.4524257e-01   5.2026771e-01
   5.9300000e+00   9.3344205e-01   1.0004796e+00
   5.9400000e+00   1.3105213e+00   1.3621083e+00
   5.9500000e+00   1.5696223e+00   1.6048292e+00
   5.9600000e+00   1.7231174e+00   1.7444687e+00
   5.9700000e+00   1.7818505e+00   1.7892113e+00
   5.9800000e+00   1.7402459e+00   1.7293010e+00
   5.9900000e+00   1.5850125e+00   1.5521576e+00
   6.0000000e+00   1.3166402e+00   1.2643402e+00
   6.0100000e+00   9.6002766e-01   8.9653447e-01
   6.0200000e+00   5.5544543e-01   4.8794626e-01
   6.0300000e+00   1.3610609e-01   6.4223853e-02
   6.0400000e+00  -2.8532853e-01  -3.6522910e-01
   6.0500000e+00  -6.9786822e-01  -7.8227701e-01
   6.0600000e+00  -1.0715417e+00  -1.1496809e+00
   6.0700000e+00  -1.3703617e+00  -1.4336046e+00
   6.0800000e+00  -1.5742540e+00  -1.6213033e+00
   6.0900000e+00  -1.6823445e+00  -1.7156875e+00
   6.1000000e+00  -1.6971366e+00  -1.7164186e+00
   6.1100000e+00  -1.6078370e+00  -1.6080386e+00
   6.1200000e+00  -1.3935668e+00  -1.3700764e+00
   6.1300000e+00  -1.0457260e+00  -1.0003223e+00
   6.1400000e+00  -5.8845825e-01  -5.2951912e-01
   6.1500000e+00  -7.4475919e-02  -1.0372662e-02
   6.1600000e+00   4.4099720e-01   5.0880068e-01
   6.1700000e+00   9.2354781e-01   9.9872295e-01
   6.1800000e+00   1.3562761e+00   1.4385854e+00
   6.1900000e+00   1.7182366e+00   1.7993043e+00
   6.2000000e+00   1.9798307e+00   2.0486575e+00
   6.2100000e+00   2.1190695e+00   2.1694575e+00
   6.2200000e+00   2.1335933e+00   2.1658867e+00
   6.2300000e+00   2.0388936e+00   2.0557133e+00
   6.2400000e+00   1.8551451e+00   1.8561032e+00
   6.2500000e+00   1.5902617e+00   1.5715285e+00
   6.2600000e+00   1.2408073e+00   1.1999344e+00
   6.2700000e+00   8.1237140e-01   7.5270845e-01
   6.2800000e+00   3.3371361e-01   2.6318970e-01
   6.2900000e+00  -1.4983256e-01  -2.2483756e-01
   6.3000000e+00  -5.9975499e-01  -6.7878523e-01
   6.3100000e+00  -1.0006444e+00  -1.0856461e+00
   6.3200000e+00  -1.3470590e+00  -1.4347100e+00
   6.3300000e+00  -1.6210761e+00  -1.7017576e+00
   6.3400000e+00  -1.7935938e+00  -1.8579890e+00
   6.3500000e+00  -1.8437310e+00  -1.8880258e+00
   6.3600000e+00  -1.7704796e+00  -1.7957335e+00
   6.3700000e+00  -1.5883258e+00  -1.5963982e+00
   6.3800000e+00  -1.3145912e+00  -1.3051854e+00
   6.3900000e+00  -9.5921164e-01  -9.3095433e-01
   6.4000000e+00  -5.2819198e-01  -4.8197035e-01
   6.4100000e+00  -3.9919612e-02   1.9879324e-02
   6.4200000e+00   4.6779776e-01   5.3572714e-01
   6.4300000e+00   9.5152239e-01   1.0244042e+00
   6.4400000e+00   1.3801467e+00   1.4576491e+00
   6.4500000e+00   1.7382661e+00   1.8193798e+00
   6.4600000e+00   2.0124708e+00   2.0914162e+00
   6.4700000e+00   2.1794749e+00   2.2468124e+00
   6.4800000e+00   2.2124526e+00   2.2604282e+00
   6.4900000e+00   2.0967174e+00   2.1229083e+00
   6.5000000e+00   1.8390338e+00   1.8455274e+00
   6.5100000e+00   1.4649543e+00   1.4547949e+00
   6.5200000e+00   1.0078326e+00   9.8234439e-01
   6.5300000e+00   4.9806479e-01   4.5715818e-01
   6.5400000e+00  -3.7720201e-02  -9.3462289e-02
   6.5500000e+00  -5.7020737e-01  -6.3833243e-01
   6.5600000e+00  -1.0654885e+00  -1.1420504e+00
   6.5700000e+00  -1.4924786e+00  -1.5736901e+00
   6.5800000e+00  -1.8340658e+00  -1.9173507e+00
   6.5900000e+00  -2.0865859e+00  -2.1685290e+00
   6.6000000e+00  -2.2457320e+00  -2.3199756e+00
   6.6100000e+00  -2.2985977e+00  -2.3575773e+00
   6.6200000e+00  -2.2309407e+00  -2.2695989e+00
   6.6300000e+00  -2.0399050e+00  -2.0577129e+00
   6.6400000e+00  -1.7411992e+00  -1.7413158e+00
   6.6500000e+00  -1.3645655e+00  -1.3512140e+00
   6.6600000e+00  -9.4105525e-01  -9.1652058e-01
   6.6700000e+00  -4.9288347e-01  -4.5611037e-01
   6.6800000e+00  -3.2181609e-02   1.9376909e-02
   6.6900000e+00   4.2842401e-01   4.9481567e-01
   6.7000000e+00   8.6351219e-01   9.4030571e-01
   6.7100000e+00   1.2418031e+00   1.3222465e+00
   6.7200000e+00   1.5404855e+00   1.6181774e+00
   6.7300000e+00   1.7433637e+00   1.8133275e+00
   6.7400000e+00   1.8351817e+00   1.8941005e+00
   6.7500000e+00   1.8068282e+00   1.8522021e+00
   6.7600000e+00   1.6634766e+00   1.6927199e+00
   6.7700000e+00   1.4266730e+00   1.4379671e+00
   6.7800000e+00   1.1335484e+00   1.1282617e+00
   6.7900000e+00   8.2912019e-01   8.1185712e-01
   6.8000000e+00   5.4648394e-01   5.1999550e-01
   6.8100000e+00   2.9203475e-01   2.5283670e-01
   6.8200000e+00   5.1709599e-02  -6.2772212e-03
   6.8300000e+00  -1.8760054e-01  -2.6355590e-01
   6.8400000e+00  -4.1831126e-01  -5.0163463e-01
   6.8500000e+00  -6.1310237e-01  -6.9218535e-01
   6.8600000e+00  -7.4485787e-01  -8.1482112e-01
   6.8700000e+00  -7.9925820e-01  -8.6025273e-01
   6.8800000e+00  -7.7478685e-01  -8.2562126e-01
   6.8900000e+00  -6.8257972e-01  -7.1790188e-01
   6.9000000e+00  -5.4784878e-01  -5.6343827e-01
   6.9100000e+00  -4.0527077e-01  -4.0452810e-01
   6.9200000e+00  -2.8286490e-01  -2.7337094e-01
   6.9300000e+00  -1.8311361e-01  -1.6644407e-01
   6.9400000e+00  -7.8843469e-02  -4.7889801e-02
   6.9500000e+00   6.6709500e-02   1.1869965e-01
   6.9600000e+00   2.6886841e-01   3.3791368e-01
   6.9700000e+00   5.0377830e-01   5.7693859e-01
   6.9800000e+00   7.2387132e-01   7.9135303e-01
   6.9900000e+00   8.9274653e-01   9.5296228e-01
   7.0000000e+00   9.9974852e-01   1.0532483e+00
   7.0100000e+00   1.0504527e+00   1.0936990e+00
   7.0200000e+00   1.0561295e+00   1.0826765e+00
   7.0300000e+00   1.0310283e+00   1.0392361e+00
   7.0400000e+00   9.8783157e-01   9.8461769e-01
   7.0500000e+00   9.2512301e-01   9.1825639e-01
   7.0600000e+00   8.1795510e-01   8.0612788e-01
   7.0700000e+00   6.2913304e-01   6.0274929e-01
   7.0800000e+00   3.3597449e-01   2.8726515e-01
   7.0900000e+00  -5.0724132e-02  -1.1871203e-01
   7.1000000e+00  -4.7909927e-01  -5.5476341e-01
   7.1100000e+00  -8.7277851e-01  -9.4663901e-01
   7.1200000e+00  -1.1713485e+00  -1.2395673e+00
   7.1300000e+00  -1.3522342e+00  -1.4115831e+00
   7.1400000e+00  -1.4226987e+00  -1.4675687e+00
   7.1500000e+00  -1.4019275e+00  -1.4278591e+00
   7.1600000e+00  -1.3058026e+00  -1.3155742e+00
   7.1700000e+00  -1.1433366e+00  -1.1466025e+00
   7.1800000e+00  -9.2001831e-01  -9.2422666e-01
   7.1900000e+00  -6.3523523e-01  -6.3746351e-01
   7.2000000e+00  -2.8142532e-01  -2.7063993e-01
   7.2100000e+00   1.4353273e-01   1.7676327e-01
   7.2200000e+00   6.1542713e-01   6.7079149e-01
   7.2300000e+00   1.0765450e+00   1.1448882e+00
   7.2400000e+00   1.4627347e+00   1.5338584e+00
   7.2500000e+00   1.7363425e+00   1.8025763e+00
   7.2600000e+00   1.8943422e+00   1.9491959e+00
   7.2700000e+00   1.9597227e+00   1.9978936e+00
   7.2800000e+00   1.9624648e+00   1.9826029e+00
   7.2900000e+00   1.9175822e+00   1.9246696e+00
   7.3000000e+00   1.8182292e+00   1.8210075e+00
   7.3100000e+00   1.6475247e+00   1.6520122e+00
   7.3200000e+00   1.3916460e+00   1.3965879e+00
   7.3300000e+00   1.0440938e+00   1.0416313e+00
   7.3400000e+00   6.0696255e-01   5.8693506e-01
   7.3500000e+00   9.4343695e-02   4.9582635e-02
   7.3600000e+00  -4.5801861e-01  -5.2631569e-01
   7.3700000e+00  -9.8576271e-01  -1.0669278e+00
   7.3800000e+00  -1.4174653e+00  -1.4970754e+00
   7.3900000e+00  -1.7128145e+00  -1.7787723e+00
   7.4000000e+00  -1.8728399e+00  -1.9187492e+00
   7.4100000e+00  -1.9228282e+00  -1.9497863e+00
   7.4200000e+00  -1.8890977e+00  -1.9040947e+00
   7.4300000e+00  -1.7792561e+00  -1.7899968e+00
   7.4400000e+00  -1.5846772e+00  -1.5950882e+00
   7.4500000e+00  -1.3005277e+00  -1.3100087e+00
   7.4600000e+00  -9.3622161e-01  -9.4089032e-01
   7.4700000e+00  -5.1186096e-01  -5.0519944e-01
   7.4800000e+00  -5.2020474e-02  -2.5645252e-02
   7.4900000e+00   4.1236096e-01   4.6349168e-01
   7.5000000e+00   8.3474068e-01   9.0543399e-01
   7.5100000e+00   1.1598497e+00   1.2349635e+00
   7.5200000e+00   1.3496465e+00   1.4118651e+00
   7.5300000e+00   1.4019100e+00   1.4414718e+00
   7.5400000e+00   1.3470945e+00   1.3672198e+00
   7.5500000e+00   1.2271724e+00   1.2400004e+00
   7.5600000e+00   1.0708363e+00   1.0862569e+00
   7.5700000e+00   8.8096107e-01   8.9945094e-01
   7.5800000e+00   6.4642630e-01   6.6258917e-01
   7.5900000e+00   3.6478564e-01   3.7386940e-01
   7.6000000e+00   4.6682012e-02   4.4476003e-02
   7.6100000e+00  -2.9291434e-01  -3.1368635e-01
   7.6200000e+00  -6.3334322e-01  -6.7912906e-01
   7.6300000e+00  -9.4384096e-01  -1.0109388e+00
   7.6400000e+00  -1.1919493e+00  -1.2652509e+00
   7.6500000e+00  -1.3560258e+00  -1.4180560e+00
   7.6600000e+00  -1.4353328e+00  -1.4774711e+00
   7.6700000e+00  -1.4539560e+00  -1.4813188e+00
   7.6800000e+00  -1.4497536e+00  -1.4754514e+00
   7.6900000e+00  -1.4511444e+00  -1.4842744e+00
   7.7000000e+00  -1.4592312e+00  -1.4978014e+00
   7.7100000e+00  -1.4535180e+00  -1.4889152e+00
   7.7200000e+00  -1.4117057e+00  -1.4369193e+00
   7.7300000e+00  -1.3194269e+00  -1.3309189e+00
   7.7400000e+00  -1.1698706e+00  -1.1642861e+00
   7.7500000e+00  -9.6824361e-01  -9.4110114e-01
   7.7600000e+00  -7.3490383e-01  -6.8533734e-01
   7.7700000e+00  -5.0034617e-01  -4.3768736e-01
   7.7800000e+00  -2.9929069e-01  -2.4067981e-01
   7.7900000e+00  -1.5608156e-01  -1.1393910e-01
   7.8000000e+00  -6.8003283e-02  -4.0692185e-02
   7.8100000e+00  -1.0021002e-02   1.4693440e-02
   7.8200000e+00   4.4329762e-02   7.6283057e-02
   7.8300000e+00   1.0395213e-01   1.4074062e-01
   7.8400000e+00   1.5295198e-01   1.8386507e-01
   7.8500000e+00   1.6401177e-01   1.8108469e-01
   7.8600000e+00   1.2052431e-01   1.2194672e-01
   7.8700000e+00   2.3589726e-02   8.4263277e-03
   7.8800000e+00  -1.1272711e-01  -1.4737457e-01
   7.8900000e+00  -2.6855303e-01  -3.2145915e-01
   7.9000000e+00  -4.2577228e-01  -4.8624926e-01
   7.9100000e+00  -5.7240289e-01  -6.2678097e-01
   7.9200000e+00  -7.0841472e-01  -7.5107325e-01
   7.9300000e+00  -8.4666681e-01  -8.8305878e-01
   7.9400000e+00  -1.0022830e+00  -1.0417371e+00
   7.9500000e+00  -1.1783494e+00  -1.2239885e+00
   7.9600000e+00  -1.3542734e+00  -1.4001945e+00
   7.9700000e+00  -1.4894719e+00  -1.5272512e+00
   7.9800000e+00  -1.5407763e+00  -1.5657777e+00
   7.9900000e+00  -1.4792847e+00  -1.4898026e+00
   8.0000000e+00  -1.3006590e+00  -1.2943732e+00
   8.0100000e+00  -1.0237713e+00  -9.9793219e-01
   8.0200000e+00  -6.8580536e-01  -6.4212495e-01
   8.0300000e+00  -3.3361170e-01  -2.8093836e-01
   8.0400000e+00  -9.0592420e-04   5.0390539e-02
   8.0500000e+00   3.0217661e-01   3.4762548e-01
   8.0600000e+00   5.7346776e-01   6.1535094e-01
   8.0700000e+00   8.1432410e-01   8.5639902e-01
   8.0800000e+00   1.0362072e+00   1.0787130e+00
   8.0900000e+00   1.2521180e+00   1.2918580e+00
   8.1000000e+00   1.4655158e+00   1.4987223e+00
   8.1100000e+00   1.6684949e+00   1.6919458e+00
   8.1200000e+00   1.8468242e+00   1.8564885e+00
   8.1300000e+00   1.9888675e+00   1.9796799e+00
   8.1400000e+00   2.0951711e+00   2.0644888e+00
   8.1500000e+00   2.1739992e+00   2.1256143e+00
   8.1600000e+00   2.2210505e+00   2.1644670e+00
   8.1700000e+00   2.2131244e+00   2.1577859e+00
   8.1800000e+00   2.1160643e+00   2.0659714e+00
   8.1900000e+00   1.9000584e+00   1.8529604e+00
   8.2000000e+00   1.5576980e+00   1.5083694e+00
   8.2100000e+00   1.1031341e+00   1.0481056e+00
   8.2200000e+00   5.6773598e-01   5.0900461e-01
   8.2300000e+00   5.4014520e-03  -4.9666385e-02
   8.2400000e+00  -5.1671391e-01  -5.6019467e-01
   8.2500000e+00  -9.4247778e-01  -9.6982997e-01
   8.2600000e+00  -1.2410860e+00  -1.2499313e+00
   8.2700000e+00  -1.4123823e+00  -1.4005736e+00
   8.2800000e+00  -1.4865550e+00  -1.4546142e+00
   8.2900000e+00  -1.5063684e+00  -1.4610674e+00
   8.3000000e+00  -1.5002985e+00  -1.4516434e+00
   8.3100000e+00  -1.4687585e+00  -1.4224100e+00
   8.3200000e+00  -1.3964178e+00  -1.3511072e+00
   8.3300000e+00  -1.2746168e+00  -1.2257472e+00
   8.3400000e+00  -1.1109376e+00  -1.0552351e+00
   8.3500000e+00  -9.2445977e-01  -8.6363500e-01
   8.3600000e+00  -7.3963803e-01  -6.8136514e-01
   8.3700000e+00  -5.8042060e-01  -5.3433752e-01
   8.3800000e+00  -4.5316292e-01  -4.2561865e-01
   8.3900000e+00  -3.4579135e-01  -3.3846584e-01
   8.4000000e+00  -2.4462894e-01  -2.5609034e-01
   8.4100000e+00  -1.3284938e-01  -1.5999692e-01
   8.4200000e+00   4.7072649e-03  -3.3877013e-02
   8.4300000e+00   1.6021270e-01   1.1497500e-01
   8.4400000e+00   2.9571281e-01   2.4774668e-01
   8.4500000e+00   3.6307432e-01   3.1323735e-01
   8.4600000e+00   3.3858800e-01   2.8398403e-01
   8.4700000e+00   2.3534789e-01   1.7295658e-01
   8.4800000e+00   9.3608240e-02   2.5433000e-02
   8.4900000e+00  -3.2426480e-02  -9.8563340e-02
   8.5000000e+00  -9.6527684e-02  -1.5094690e-01
   8.5100000e+00  -8.6435337e-02  -1.2161689e-01
   8.5200000e+00  -3.7337477e-02  -4.9693587e-02
   8.5300000e+00  -8.1195795e-03   2.0594946e-03
   8.5400000e+00  -3.8861493e-02  -9.8977716e-03
   8.5500000e+00  -1.3929405e-01  -9.8077218e-02
   8.5600000e+00  -2.9097281e-01  -2.4439136e-01
   8.5700000e+00  -4.4525391e-01  -3.9686561e-01
   8.5800000e+00  -5.4938701e-01  -4.9778338e-01
   8.5900000e+00  -5.8380231e-01  -5.2553271e-01
   8.6000000e+00  -5.7114773e-01  -5.0572338e-01
   8.6100000e+00  -5.6086418e-01  -4.9298901e-01
   8.6200000e+00  -5.9637912e-01  -5.3408323e-01
   8.6300000e+00  -6.8409959e-01  -6.3630584e-01
   8.6400000e+00  -7.9518132e-01  -7.6939242e-01
   8.6500000e+00  -8.9121851e-01  -8.9004300e-01
   8.6600000e+00  -9.4116350e-01  -9.6084912e-01
   8.6700000e+00  -9.2392551e-01  -9.5691032e-01
   8.6800000e+00  -8.3601158e-01  -8.7544853e-01
   8.6900000e+00  -7.0681663e-01  -7.5012576e-01
   8.7000000e+00  -5.9718968e-01  -6.4564425e-01
   8.7100000e+00  -5.6057286e-01  -6.1531421e-01
   8.7200000e+00  -5.9820459e-01  -6.5771367e-01
   8.7300000e+00  -6.5354962e-01  -7.1480808e-01
   8.7400000e+00  -6.4568639e-01  -7.0665080e-01
   8.7500000e+00  -5.2099163e-01  -5.8064546e-01
   8.7600000e+00  -2.7582442e-01  -3.3004721e-01
   8.7700000e+00   6.3701170e-02   2.5121950e-02
   8.7800000e+00   4.5167113e-01   4.3911889e-01
   8.7900000e+00   8.2154121e-01   8.3527530e-01
   8.8000000e+00   1.1095228e+00   1.1386715e+00
