   1.0000000e-02  -1.4692800e-03  -1.4692800e-03  -1.4692800e-03  -1.4692830e-03
   2.0000000e-02  -6.9313900e-03  -6.9313900e-03  -6.9313900e-03  -6.9313931e-03
   3.0000000e-02  -1.6756100e-02  -1.6756100e-02  -1.6756100e-02  -1.6756080e-02
   4.0000000e-02  -2.9597000e-02  -2.9597000e-02  -2.9597000e-02  -2.9597016e-02
   5.0000000e-02  -4.3881900e-02  -4.3881900e-02  -4.3881900e-02  -4.3881930e-02
   6.0000000e-02  -5.7352400e-02  -5.7352400e-02  -5.7352400e-02  -5.7352392e-02
   7.0000000e-02  -6.7222500e-02  -6.7222500e-02  -6.7222500e-02  -6.7222524e-02
   8.0000000e-02  -7.1382300e-02  -7.1382300e-02  -7.1382300e-02  -7.1382281e-02
   9.0000000e-02  -6.8997800e-02  -6.8997800e-02  -6.8997800e-02  -6.8997850e-02
   1.0000000e-01  -5.9783500e-02  -5.9783500e-02  -5.9783500e-02  -5.9783528e-02
   1.1000000e-01  -4.4346400e-02  -4.4346400e-02  -4.4346400e-02  -4.4346380e-02
   1.2000000e-01  -2.4729100e-02  -2.4729200e-02  -2.4729200e-02  -2.4729028e-02
   1.3000000e-01  -3.2095600e-03  -3.2095700e-03  -3.2095700e-03  -3.2094387e-03
   1.4000000e-01   1.8153800e-02   1.8153800e-02   1.8153800e-02   1.8153870e-02
   1.5000000e-01   3.7517500e-02   3.7517500e-02   3.7517500e-02   3.7517477e-02
   1.6000000e-01   5.4101900e-02   5.4101800e-02   5.4101800e-02   5.4101830e-02
   1.7000000e-01   6.8023900e-02   6.8023900e-02   6.8023900e-02   6.8023893e-02
   1.8000000e-01   7.9828700e-02   7.9828700e-02   7.9828700e-02   7.9828782e-02
   1.9000000e-01   8.9870300e-02   8.9870200e-02   8.9870200e-02   8.9870347e-02
   2.0000000e-01   9.7411800e-02   9.7411700e-02   9.7411700e-02   9.7411800e-02
   2.1000000e-01   1.0113700e-01   1.0113700e-01   1.0113700e-01   1.0113742e-01
   2.2000000e-01   9.9537500e-02   9.9537400e-02   9.9537400e-02   9.9537394e-02
   2.3000000e-01   9.0955600e-02   9.0955500e-02   9.0955500e-02   9.0955433e-02
   2.4000000e-01   7.4809600e-02   7.4809500e-02   7.4809500e-02   7.4809419e-02
   2.5000000e-01   5.2610400e-02   5.2610300e-02   5.2610300e-02   5.2610279e-02
   2.6000000e-01   2.7975100e-02   2.7975100e-02   2.7975100e-02   2.7975128e-02
   2.7000000e-01   5.1529500e-03   5.1529200e-03   5.1529200e-03   5.1530119e-03
   2.8000000e-01  -1.3286300e-02  -1.3286300e-02  -1.3286300e-02  -1.3286304e-02
   2.9000000e-01  -2.7004800e-02  -2.7004900e-02  -2.7004900e-02  -2.7004917e-02
   3.0000000e-01  -3.7026500e-02  -3.7026600e-02  -3.7026600e-02  -3.7026587e-02
   3.1000000e-01  -4.4854500e-02  -4.4854500e-02  -4.4854500e-02  -4.4854461e-02
   3.2000000e-01  -5.1356000e-02  -5.1356100e-02  -5.1356100e-02  -5.1355990e-02
   3.3000000e-01  -5.6037100e-02  -5.6037200e-02  -5.6037200e-02  -5.6037043e-02
   3.4000000e-01  -5.7267400e-02  -5.7267400e-02  -5.7267400e-02  -5.7267286e-02
   3.5000000e-01  -5.3066900e-02  -5.3066900e-02  -5.3066900e-02  -5.3066701e-02
   3.6000000e-01  -4.2629500e-02  -4.2629500e-02  -4.2629500e-02  -4.2629302e-02
   3.7000000e-01  -2.7808700e-02  -2.7808700e-02  -2.7808700e-02  -2.7808557e-02
   3.8000000e-01  -1.2557400e-02  -1.2557400e-02  -1.2557400e-02  -1.2557344e-02
   3.9000000e-01  -2.2358000e-04  -2.2361300e-04  -2.2361300e-04  -2.2353438e-04
   4.0000000e-01   8.5991800e-03   8.5991500e-03   8.5991500e-03   8.5992717e-03
   4.1000000e-01   1.5581400e-02   1.5581400e-02   1.5581400e-02   1.5581479e-02
   4.2000000e-01   2.2960800e-02   2.2960800e-02   2.2960800e-02   2.2960801e-02
   4.3000000e-01   3.2338300e-02   3.2338300e-02   3.2338300e-02   3.2338209e-02
   4.4000000e-01   4.3723200e-02   4.3723200e-02   4.3723200e-02   4.3723046e-02
   4.5000000e-01   5.4552200e-02   5.4552100e-02   5.4552100e-02   5.4552037e-02
   4.6000000e-01   6.0003300e-02   6.0003300e-02   6.0003300e-02   6.0003104e-02
   4.7000000e-01   5.6016000e-02   5.6016000e-02   5.6016000e-02   5.6015733e-02
   4.8000000e-01   4.2224300e-02   4.2224300e-02   4.2224300e-02   4.2224010e-02
   4.9000000e-01   2.1590700e-02   2.1590600e-02   2.1590600e-02   2.1590386e-02
   5.0000000e-01  -1.8708700e-03  -1.8709000e-03  -1.8709000e-03  -1.8711493e-03
   5.1000000e-01  -2.4782600e-02  -2.4782600e-02  -2.4782600e-02  -2.4782854e-02
   5.2000000e-01  -4.5055500e-02  -4.5055500e-02  -4.5055500e-02  -4.5055740e-02
   5.3000000e-01  -6.2392800e-02  -6.2392800e-02  -6.2392800e-02  -6.2392988e-02
   5.4000000e-01  -7.7964600e-02  -7.7964600e-02  -7.7964600e-02  -7.7964675e-02
   5.5000000e-01  -9.2355300e-02  -9.2355300e-02  -9.2355300e-02  -9.2355337e-02
   5.6000000e-01  -1.0392600e-01  -1.0392600e-01  -1.0392600e-01  -1.0392583e-01
   5.7000000e-01  -1.0957700e-01  -1.0957700e-01  -1.0957700e-01  -1.0957683e-01
   5.8000000e-01  -1.0671100e-01  -1.0671100e-01  -1.0671100e-01  -1.0671101e-01
   5.9000000e-01  -9.4673800e-02  -9.4673900e-02  -9.4673900e-02  -9.4673763e-02
   6.0000000e-01  -7.5360800e-02  -7.5360900e-02  -7.5360900e-02  -7.5360802e-02
   6.1000000e-01  -5.2498400e-02  -5.2498400e-02  -5.2498400e-02  -5.2498379e-02
   6.2000000e-01  -2.9646600e-02  -2.9646600e-02  -2.9646600e-02  -2.9646494e-02
   6.3000000e-01  -8.5494900e-03  -8.5495300e-03  -8.5495300e-03  -8.5493094e-03
   6.4000000e-01   1.1122000e-02   1.1121900e-02   1.1121900e-02   1.1122149e-02
   6.5000000e-01   3.0405000e-02   3.0404900e-02   3.0404900e-02   3.0405030e-02
   6.6000000e-01   4.9054500e-02   4.9054500e-02   4.9054500e-02   4.9054361e-02
   6.7000000e-01   6.5516300e-02   6.5516200e-02   6.5516200e-02   6.5516013e-02
   6.8000000e-01   7.8067700e-02   7.8067600e-02   7.8067600e-02   7.8067427e-02
   6.9000000e-01   8.4560800e-02   8.4560800e-02   8.4560800e-02   8.4560552e-02
   7.0000000e-01   8.3020500e-02   8.3020400e-02   8.3020400e-02   8.3020135e-02
   7.1000000e-01   7.3640400e-02   7.3640300e-02   7.3640300e-02   7.3640079e-02
   7.2000000e-01   5.8589500e-02   5.8589400e-02   5.8589400e-02   5.8589231e-02
   7.3000000e-01   4.0687300e-02   4.0687200e-02   4.0687200e-02   4.0686961e-02
   7.4000000e-01   2.2560800e-02   2.2560700e-02   2.2560700e-02   2.2560354e-02
   7.5000000e-01   5.4598900e-03   5.4598300e-03   5.4598300e-03   5.4593661e-03
   7.6000000e-01  -1.0317000e-02  -1.0317100e-02  -1.0317100e-02  -1.0317422e-02
   7.7000000e-01  -2.4174300e-02  -2.4174300e-02  -2.4174300e-02  -2.4174466e-02
   7.8000000e-01  -3.5405400e-02  -3.5405400e-02  -3.5405400e-02  -3.5405353e-02
   7.9000000e-01  -4.3143900e-02  -4.3143900e-02  -4.3143900e-02  -4.3143847e-02
   8.0000000e-01  -4.6379800e-02  -4.6379800e-02  -4.6379800e-02  -4.6379713e-02
   8.1000000e-01  -4.5087100e-02  -4.5087100e-02  -4.5087100e-02  -4.5087039e-02
   8.2000000e-01  -4.0926800e-02  -4.0926900e-02  -4.0926900e-02  -4.0926741e-02
   8.3000000e-01  -3.6433500e-02  -3.6433600e-02  -3.6433600e-02  -3.6433465e-02
   8.4000000e-01  -3.3330500e-02  -3.3330500e-02  -3.3330500e-02  -3.3330374e-02
   8.5000000e-01  -3.1444700e-02  -3.1444800e-02  -3.1444800e-02  -3.1444542e-02
   8.6000000e-01  -2.8896000e-02  -2.8896000e-02  -2.8896000e-02  -2.8895698e-02
   8.7000000e-01  -2.3634400e-02  -2.3634400e-02  -2.3634400e-02  -2.3634102e-02
   8.8000000e-01  -1.5315100e-02  -1.5315200e-02  -1.5315200e-02  -1.5315012e-02
   8.9000000e-01  -5.7759400e-03  -5.7759900e-03  -5.7759900e-03  -5.7760325e-03
   9.0000000e-01   1.8929600e-03   1.8928900e-03   1.8928900e-03   1.8927563e-03
   9.1000000e-01   4.9231100e-03   4.9230300e-03   4.9230300e-03   4.9228994e-03
   9.2000000e-01   2.2598800e-03   2.2598100e-03   2.2598100e-03   2.2596689e-03
   9.3000000e-01  -4.9435100e-03  -4.9435700e-03  -4.9435700e-03  -4.9437591e-03
   9.4000000e-01  -1.3687400e-02  -1.3687500e-02  -1.3687500e-02  -1.3687732e-02
   9.5000000e-01  -2.0509600e-02  -2.0509700e-02  -2.0509700e-02  -2.0509960e-02
   9.6000000e-01  -2.3400300e-02  -2.3400400e-02  -2.3400400e-02  -2.3400775e-02
   9.7000000e-01  -2.2754100e-02  -2.2754200e-02  -2.2754200e-02  -2.2754758e-02
   9.8000000e-01  -2.0551400e-02  -2.0551500e-02  -2.0551500e-02  -2.0552172e-02
   9.9000000e-01  -1.8155000e-02  -1.8155100e-02  -1.8155100e-02  -1.8155710e-02
   1.0000000e+00  -1.4568900e-02  -1.4569000e-02  -1.4569000e-02  -1.4569401e-02
   1.0100000e+00  -7.2824400e-03  -7.2824700e-03  -7.2824700e-03  -7.2827545e-03
   1.0200000e+00   5.6393900e-03   5.6393700e-03   5.6393700e-03   5.6391055e-03
   1.0300000e+00   2.4257200e-02   2.4257200e-02   2.4257200e-02   2.4256891e-02
   1.0400000e+00   4.5923800e-02   4.5923700e-02   4.5923700e-02   4.5923465e-02
   1.0500000e+00   6.6008000e-02   6.6008000e-02   6.6008000e-02   6.6007776e-02
   1.0600000e+00   8.0045500e-02   8.0045500e-02   8.0045500e-02   8.0045362e-02
   1.0700000e+00   8.5415300e-02   8.5415300e-02   8.5415300e-02   8.5415295e-02
   1.0800000e+00   8.2605000e-02   8.2604900e-02   8.2604900e-02   8.2605165e-02
   1.0900000e+00   7.4740800e-02   7.4740800e-02   7.4740800e-02   7.4741210e-02
   1.1000000e+00   6.4727200e-02   6.4727200e-02   6.4727200e-02   6.4727660e-02
   1.1100000e+00   5.2901300e-02   5.2901300e-02   5.2901300e-02   5.2901596e-02
   1.1200000e+00   3.6743000e-02   3.6743000e-02   3.6743000e-02   3.6743159e-02
   1.1300000e+00   1.3106900e-02   1.3106800e-02   1.3106800e-02   1.3106971e-02
   1.1400000e+00  -1.8485900e-02  -1.8486000e-02  -1.8486000e-02  -1.8485707e-02
   1.1500000e+00  -5.4393200e-02  -5.4393300e-02  -5.4393300e-02  -5.4392940e-02
   1.1600000e+00  -8.7110400e-02  -8.7110400e-02  -8.7110400e-02  -8.7110129e-02
   1.1700000e+00  -1.0863100e-01  -1.0863100e-01  -1.0863100e-01  -1.0863015e-01
   1.1800000e+00  -1.1531800e-01  -1.1531800e-01  -1.1531800e-01  -1.1531639e-01
   1.1900000e+00  -1.0860500e-01  -1.0860500e-01  -1.0860500e-01  -1.0860263e-01
   1.2000000e+00  -9.3467900e-02  -9.3468000e-02  -9.3468000e-02  -9.3466082e-02
   1.2100000e+00  -7.6401900e-02  -7.6402000e-02  -7.6402000e-02  -7.6401238e-02
   1.2200000e+00  -6.1022100e-02  -6.1022200e-02  -6.1022200e-02  -6.1022199e-02
   1.2300000e+00  -4.5129500e-02  -4.5129600e-02  -4.5129600e-02  -4.5129754e-02
   1.2400000e+00  -2.2423300e-02  -2.2423400e-02  -2.2423400e-02  -2.2423656e-02
   1.2500000e+00   1.2171700e-02   1.2171600e-02   1.2171600e-02   1.2171490e-02
   1.2600000e+00   5.7430900e-02   5.7430900e-02   5.7430900e-02   5.7431550e-02
   1.2700000e+00   1.0604600e-01   1.0604600e-01   1.0604600e-01   1.0604745e-01
   1.2800000e+00   1.4833600e-01   1.4833600e-01   1.4833600e-01   1.4833798e-01
   1.2900000e+00   1.7568100e-01   1.7568100e-01   1.7568100e-01   1.7568516e-01
   1.3000000e+00   1.8408000e-01   1.8408000e-01   1.8408000e-01   1.8408938e-01
   1.3100000e+00   1.7654600e-01   1.7654600e-01   1.7654600e-01   1.7655990e-01
   1.3200000e+00   1.6137500e-01   1.6137500e-01   1.6137500e-01   1.6138873e-01
   1.3300000e+00   1.4573400e-01   1.4573400e-01   1.4573400e-01   1.4574348e-01
   1.3400000e+00   1.2943200e-01   1.2943200e-01   1.2943200e-01   1.2943757e-01
   1.3500000e+00   1.0636900e-01   1.0636900e-01   1.0636900e-01   1.0637495e-01
   1.3600000e+00   7.1284600e-02   7.1284600e-02   7.1284600e-02   7.1294167e-02
   1.3700000e+00   2.3253500e-02   2.3253400e-02   2.3253400e-02   2.3268402e-02
   1.3800000e+00  -3.3601500e-02  -3.3601600e-02  -3.3601600e-02  -3.3583781e-02
   1.3900000e+00  -8.9880100e-02  -8.9880100e-02  -8.9880100e-02  -8.9864044e-02
   1.4000000e+00  -1.3438400e-01  -1.3438400e-01  -1.3438400e-01  -1.3437589e-01
   1.4100000e+00  -1.6025900e-01  -1.6025900e-01  -1.6025900e-01  -1.6026975e-01
   1.4200000e+00  -1.6846100e-01  -1.6846100e-01  -1.6846100e-01  -1.6849120e-01
   1.4300000e+00  -1.6648000e-01  -1.6648000e-01  -1.6648000e-01  -1.6651566e-01
   1.4400000e+00  -1.6306200e-01  -1.6306300e-01  -1.6306300e-01  -1.6308918e-01
   1.4500000e+00  -1.6140000e-01  -1.6140000e-01  -1.6140000e-01  -1.6141519e-01
   1.4600000e+00  -1.5636300e-01  -1.5636300e-01  -1.5636300e-01  -1.5637182e-01
   1.4700000e+00  -1.3873100e-01  -1.3873100e-01  -1.3873100e-01  -1.3873779e-01
   1.4800000e+00  -1.0185000e-01  -1.0185000e-01  -1.0185000e-01  -1.0185820e-01
   1.4900000e+00  -4.5750300e-02  -4.5750500e-02  -4.5750500e-02  -4.5762166e-02
   1.5000000e+00   2.2343900e-02   2.2343700e-02   2.2343700e-02   2.2327356e-02
   1.5100000e+00   9.0476300e-02   9.0476100e-02   9.0476100e-02   9.0461419e-02
   1.5200000e+00   1.4692200e-01   1.4692200e-01   1.4692200e-01   1.4692112e-01
   1.5300000e+00   1.8599400e-01   1.8599400e-01   1.8599400e-01   1.8601214e-01
   1.5400000e+00   2.0983900e-01   2.0983800e-01   2.0983800e-01   2.0986845e-01
   1.5500000e+00   2.2426600e-01   2.2426600e-01   2.2426600e-01   2.2429441e-01
   1.5600000e+00   2.3249300e-01   2.3249300e-01   2.3249300e-01   2.3251332e-01
   1.5700000e+00   2.3170900e-01   2.3170900e-01   2.3170900e-01   2.3172287e-01
   1.5800000e+00   2.1465300e-01   2.1465300e-01   2.1465300e-01   2.1466236e-01
   1.5900000e+00   1.7490300e-01   1.7490300e-01   1.7490300e-01   1.7490551e-01
   1.6000000e+00   1.1205000e-01   1.1205000e-01   1.1205000e-01   1.1204224e-01
   1.6100000e+00   3.3377400e-02   3.3377400e-02   3.3377400e-02   3.3364771e-02
   1.6200000e+00  -4.8209700e-02  -4.8209700e-02  -4.8209700e-02  -4.8217824e-02
   1.6300000e+00  -1.1943400e-01  -1.1943400e-01  -1.1943400e-01  -1.1943774e-01
   1.6400000e+00  -1.7277900e-01  -1.7277900e-01  -1.7277900e-01  -1.7278887e-01
   1.6500000e+00  -2.0899800e-01  -2.0899800e-01  -2.0899800e-01  -2.0902509e-01
   1.6600000e+00  -2.3451400e-01  -2.3451400e-01  -2.3451400e-01  -2.3455097e-01
   1.6700000e+00  -2.5493700e-01  -2.5493700e-01  -2.5493700e-01  -2.5496942e-01
   1.6800000e+00  -2.6899100e-01  -2.6899100e-01  -2.6899100e-01  -2.6901255e-01
   1.6900000e+00  -2.6909700e-01  -2.6909700e-01  -2.6909700e-01  -2.6911604e-01
   1.7000000e+00  -2.4716600e-01  -2.4716600e-01  -2.4716600e-01  -2.4720125e-01
   1.7100000e+00  -1.9940000e-01  -1.9940000e-01  -1.9940000e-01  -1.9947042e-01
   1.7200000e+00  -1.2913900e-01  -1.2913900e-01  -1.2913900e-01  -1.2924678e-01
   1.7300000e+00  -4.7198500e-02  -4.7199400e-02  -4.7199400e-02  -4.7318483e-02
   1.7400000e+00   3.2262100e-02   3.2261300e-02   3.2261300e-02   3.2170489e-02
   1.7500000e+00   9.8381500e-02   9.8380700e-02   9.8380700e-02   9.8339962e-02
   1.7600000e+00   1.4849200e-01   1.4849100e-01   1.4849100e-01   1.4848956e-01
   1.7700000e+00   1.8748500e-01   1.8748400e-01   1.8748400e-01   1.8749202e-01
   1.7800000e+00   2.2158400e-01   2.2158400e-01   2.2158400e-01   2.2157820e-01
   1.7900000e+00   2.5271700e-01   2.5271700e-01   2.5271700e-01   2.5269592e-01
   1.8000000e+00   2.7721900e-01   2.7721900e-01   2.7721900e-01   2.7719836e-01
   1.8100000e+00   2.8672600e-01   2.8672600e-01   2.8672600e-01   2.8673457e-01
   1.8200000e+00   2.7231000e-01   2.7231100e-01   2.7231100e-01   2.7237147e-01
   1.8300000e+00   2.3089800e-01   2.3089900e-01   2.3089900e-01   2.3101694e-01
   1.8400000e+00   1.6746200e-01   1.6746400e-01   1.6746400e-01   1.6761121e-01
   1.8500000e+00   9.2747900e-02   9.2749800e-02   9.2749800e-02   9.2878894e-02
   1.8600000e+00   1.8672200e-02   1.8674200e-02   1.8674200e-02   1.8750203e-02
   1.8700000e+00  -4.7664800e-02  -4.7662700e-02  -4.7662700e-02  -4.7634868e-02
   1.8800000e+00  -1.0601100e-01  -1.0600900e-01  -1.0600900e-01  -1.0599421e-01
   1.8900000e+00  -1.5927000e-01  -1.5926900e-01  -1.5926900e-01  -1.5923253e-01
   1.9000000e+00  -2.0812000e-01  -2.0812000e-01  -2.0812000e-01  -2.0805256e-01
   1.9100000e+00  -2.4776100e-01  -2.4776100e-01  -2.4776100e-01  -2.4768149e-01
   1.9200000e+00  -2.6906500e-01  -2.6906500e-01  -2.6906500e-01  -2.6901206e-01
   1.9300000e+00  -2.6403200e-01  -2.6403300e-01  -2.6403300e-01  -2.6404866e-01
   1.9400000e+00  -2.3150600e-01  -2.3150700e-01  -2.3150700e-01  -2.3160856e-01
   1.9500000e+00  -1.7781100e-01  -1.7781200e-01  -1.7781200e-01  -1.7797131e-01
   1.9600000e+00  -1.1345100e-01  -1.1345300e-01  -1.1345300e-01  -1.1360955e-01
   1.9700000e+00  -4.9191200e-02  -4.9193300e-02  -4.9193300e-02  -4.9298651e-02
   1.9800000e+00   8.6987000e-03   8.6964500e-03   8.6964500e-03   8.6465084e-03
   1.9900000e+00   6.1203200e-02   6.1201000e-02   6.1201000e-02   6.1171709e-02
   2.0000000e+00   1.1379400e-01   1.1379300e-01   1.1379300e-01   1.1373831e-01
   2.0100000e+00   1.7002200e-01   1.7002100e-01   1.7002100e-01   1.6991681e-01
   2.0200000e+00   2.2650100e-01   2.2650100e-01   2.2650100e-01   2.2636126e-01
   2.0300000e+00   2.7332100e-01   2.7332000e-01   2.7332000e-01   2.7319232e-01
   2.0400000e+00   2.9919400e-01   2.9919300e-01   2.9919300e-01   2.9913831e-01
   2.0500000e+00   2.9725500e-01   2.9725500e-01   2.9725500e-01   2.9731888e-01
   2.0600000e+00   2.6844700e-01   2.6844800e-01   2.6844800e-01   2.6861663e-01
   2.0700000e+00   2.2042400e-01   2.2042600e-01   2.2042600e-01   2.2062484e-01
   2.0800000e+00   1.6257400e-01   1.6257600e-01   1.6257600e-01   1.6272974e-01
   2.0900000e+00   1.0188600e-01   1.0188800e-01   1.0188800e-01   1.0196995e-01
   2.1000000e+00   4.0715600e-02   4.0717600e-02   4.0717600e-02   4.0759769e-02
   2.1100000e+00  -2.3464000e-02  -2.3462100e-02  -2.3462100e-02  -2.3403017e-02
   2.1200000e+00  -9.3085800e-02  -9.3084500e-02  -9.3084500e-02  -9.2962291e-02
   2.1300000e+00  -1.6422400e-01  -1.6422300e-01  -1.6422300e-01  -1.6403166e-01
   2.1400000e+00  -2.2586000e-01  -2.2585900e-01  -2.2585900e-01  -2.2564385e-01
   2.1500000e+00  -2.6517300e-01  -2.6517200e-01  -2.6517200e-01  -2.6501799e-01
   2.1600000e+00  -2.7469300e-01  -2.7469200e-01  -2.7469200e-01  -2.7467733e-01
   2.1700000e+00  -2.5513800e-01  -2.5513900e-01  -2.5513900e-01  -2.5527514e-01
   2.1800000e+00  -2.1374300e-01  -2.1374400e-01  -2.1374400e-01  -2.1396203e-01
   2.1900000e+00  -1.6177900e-01  -1.6178000e-01  -1.6178000e-01  -1.6197558e-01
   2.2000000e+00  -1.0996100e-01  -1.0996300e-01  -1.0996300e-01  -1.1007825e-01
   2.2100000e+00  -6.1702400e-02  -6.1704600e-02  -6.1704600e-02  -6.1757932e-02
   2.2200000e+00  -1.1410700e-02  -1.1413000e-02  -1.1413000e-02  -1.1470503e-02
   2.2300000e+00   4.8021100e-02   4.8019200e-02   4.8019200e-02   4.7892468e-02
   2.2400000e+00   1.1626700e-01   1.1626500e-01   1.1626500e-01   1.1604328e-01
   2.2500000e+00   1.8410000e-01   1.8409900e-01   1.8409900e-01   1.8381500e-01
   2.2600000e+00   2.3818800e-01   2.3818700e-01   2.3818700e-01   2.3792520e-01
   2.2700000e+00   2.6767400e-01   2.6767200e-01   2.6767200e-01   2.6753383e-01
   2.2800000e+00   2.6970400e-01   2.6970300e-01   2.6970300e-01   2.6974725e-01
   2.2900000e+00   2.5016800e-01   2.5016800e-01   2.5016800e-01   2.5035695e-01
   2.3000000e+00   2.2007200e-01   2.2007300e-01   2.2007300e-01   2.2028829e-01
   2.3100000e+00   1.9005200e-01   1.9005400e-01   1.9005400e-01   1.9019702e-01
   2.3200000e+00   1.6409400e-01   1.6409600e-01   1.6409600e-01   1.6415519e-01
   2.3300000e+00   1.3629500e-01   1.3629600e-01   1.3629600e-01   1.3633412e-01
   2.3400000e+00   9.4934400e-02   9.4936300e-02   9.4936300e-02   9.5027703e-02
   2.3500000e+00   3.2693300e-02   3.2694800e-02   3.2694800e-02   3.2887326e-02
   2.3600000e+00  -4.6000700e-02  -4.5999500e-02  -4.5999500e-02  -4.5705278e-02
   2.3700000e+00  -1.2723800e-01  -1.2723700e-01  -1.2723700e-01  -1.2690482e-01
   2.3800000e+00  -1.9513400e-01  -1.9513200e-01  -1.9513200e-01  -1.9487411e-01
   2.3900000e+00  -2.3823600e-01  -2.3823400e-01  -2.3823400e-01  -2.3814504e-01
   2.4000000e+00  -2.5309800e-01  -2.5309800e-01  -2.5309800e-01  -2.5319491e-01
   2.4100000e+00  -2.4514500e-01  -2.4514500e-01  -2.4514500e-01  -2.4534523e-01
   2.4200000e+00  -2.2515100e-01  -2.2515200e-01  -2.2515200e-01  -2.2533055e-01
   2.4300000e+00  -2.0087400e-01  -2.0087600e-01  -2.0087600e-01  -2.0096747e-01
   2.4400000e+00  -1.7050900e-01  -1.7051100e-01  -1.7051100e-01  -1.7054689e-01
   2.4500000e+00  -1.2519700e-01  -1.2519900e-01  -1.2519900e-01  -1.2526017e-01
   2.4600000e+00  -5.7772500e-02  -5.7774400e-02  -5.7774400e-02  -5.7927327e-02
   2.4700000e+00   3.0428100e-02   3.0426500e-02   3.0426500e-02   3.0156591e-02
   2.4800000e+00   1.2849400e-01   1.2849300e-01   1.2849300e-01   1.2813671e-01
   2.4900000e+00   2.1956700e-01   2.1956500e-01   2.1956500e-01   2.1921761e-01
   2.5000000e+00   2.8718700e-01   2.8718500e-01   2.8718500e-01   2.8697907e-01
   2.5100000e+00   3.2301300e-01   3.2301200e-01   3.2301200e-01   3.2303207e-01
   2.5200000e+00   3.3069800e-01   3.3069800e-01   3.3069800e-01   3.3089891e-01
   2.5300000e+00   3.2133100e-01   3.2133100e-01   3.2133100e-01   3.2157039e-01
   2.5400000e+00   3.0528700e-01   3.0528800e-01   3.0528800e-01   3.0546065e-01
   2.5500000e+00   2.8624100e-01   2.8624200e-01   2.8624200e-01   2.8636917e-01
   2.5600000e+00   2.5928200e-01   2.5928400e-01   2.5928400e-01   2.5946101e-01
   2.5700000e+00   2.1522500e-01   2.1522600e-01   2.1522600e-01   2.1550790e-01
   2.5800000e+00   1.4888600e-01   1.4888800e-01   1.4888800e-01   1.4924129e-01
   2.5900000e+00   6.5085100e-02   6.5086500e-02   6.5086500e-02   6.5437945e-02
   2.6000000e+00  -2.1992500e-02  -2.1990900e-02  -2.1990900e-02  -2.1717291e-02
   2.6100000e+00  -9.6549800e-02  -9.6548000e-02  -9.6548000e-02  -9.6424250e-02
   2.6200000e+00  -1.4993100e-01  -1.4992900e-01  -1.4992900e-01  -1.4997683e-01
   2.6300000e+00  -1.8308600e-01  -1.8308500e-01  -1.8308500e-01  -1.8321209e-01
   2.6400000e+00  -2.0417800e-01  -2.0417800e-01  -2.0417800e-01  -2.0425232e-01
   2.6500000e+00  -2.2337400e-01  -2.2337400e-01  -2.2337400e-01  -2.2341488e-01
   2.6600000e+00  -2.4519300e-01  -2.4519400e-01  -2.4519400e-01  -2.4549693e-01
   2.6700000e+00  -2.6278500e-01  -2.6278600e-01  -2.6278600e-01  -2.6391638e-01
   2.6800000e+00  -2.5936400e-01  -2.5936500e-01  -2.5936500e-01  -2.6187297e-01
   2.6900000e+00  -2.2023700e-01  -2.2023900e-01  -2.2023900e-01  -2.2420527e-01
   2.7000000e+00  -1.4534500e-01  -1.4534700e-01  -1.4534700e-01  -1.5023926e-01
   2.7100000e+00  -4.9395900e-02  -4.9397700e-02  -4.9397700e-02  -5.4368731e-02
   2.7200000e+00   4.5299300e-02   4.5297200e-02   4.5297200e-02   4.1040792e-02
   2.7300000e+00   1.1760600e-01   1.1760300e-01   1.1760300e-01   1.1462967e-01
   2.7400000e+00   1.5641100e-01   1.5640900e-01   1.5640900e-01   1.5500315e-01
   2.7500000e+00   1.6451000e-01   1.6450900e-01   1.6450900e-01   1.6457601e-01
   2.7600000e+00   1.5523300e-01   1.5523300e-01   1.5523300e-01   1.5631815e-01
   2.7700000e+00   1.4418500e-01   1.4418500e-01   1.4418500e-01   1.4583271e-01
   2.7800000e+00   1.4054500e-01   1.4054600e-01   1.4054600e-01   1.4280078e-01
   2.7900000e+00   1.4147100e-01   1.4147200e-01   1.4147200e-01   1.4497275e-01
   2.8000000e+00   1.3554800e-01   1.3554900e-01   1.3554900e-01   1.4095113e-01
   2.8100000e+00   1.1360500e-01   1.1360600e-01   1.1360600e-01   1.2083557e-01
   2.8200000e+00   7.5521900e-02   7.5523300e-02   7.5523300e-02   8.3674433e-02
   2.8300000e+00   2.8861300e-02   2.8863000e-02   2.8863000e-02   3.6814072e-02
   2.8400000e+00  -1.7532400e-02  -1.7530300e-02  -1.7530300e-02  -1.0560286e-02
   2.8500000e+00  -5.7761900e-02  -5.7759900e-02  -5.7759900e-02  -5.2193784e-02
   2.8600000e+00  -9.0174000e-02  -9.0172800e-02  -9.0172800e-02  -8.6209053e-02
   2.8700000e+00  -1.1936900e-01  -1.1936900e-01  -1.1936900e-01  -1.1687643e-01
   2.8800000e+00  -1.5270900e-01  -1.5270900e-01  -1.5270900e-01  -1.5121857e-01
   2.8900000e+00  -1.9125400e-01  -1.9125400e-01  -1.9125400e-01  -1.9047271e-01
   2.9000000e+00  -2.2565500e-01  -2.2565600e-01  -2.2565600e-01  -2.2617222e-01
   2.9100000e+00  -2.4096700e-01  -2.4096800e-01  -2.4096800e-01  -2.4414166e-01
   2.9200000e+00  -2.2607300e-01  -2.2607500e-01  -2.2607500e-01  -2.3281884e-01
   2.9300000e+00  -1.8032400e-01  -1.8032600e-01  -1.8032600e-01  -1.9012653e-01
   2.9400000e+00  -1.1280100e-01  -1.1280200e-01  -1.1280200e-01  -1.2405655e-01
   2.9500000e+00  -3.7413000e-02  -3.7415200e-02  -3.7415200e-02  -4.8417092e-02
   2.9600000e+00   3.2689700e-02   3.2687200e-02   3.2687200e-02   2.3297542e-02
   2.9700000e+00   9.0809400e-02   9.0807300e-02   9.0807300e-02   8.4134700e-02
   2.9800000e+00   1.3843200e-01   1.3843000e-01   1.3843000e-01   1.3503257e-01
   2.9900000e+00   1.8134300e-01   1.8134300e-01   1.8134300e-01   1.8064239e-01
   3.0000000e+00   2.2306400e-01   2.2306400e-01   2.2306400e-01   2.2369031e-01
   3.0100000e+00   2.5898800e-01   2.5898800e-01   2.5898800e-01   2.6022602e-01
   3.0200000e+00   2.7703600e-01   2.7703600e-01   2.7703600e-01   2.7975051e-01
   3.0300000e+00   2.6581100e-01   2.6581400e-01   2.6581400e-01   2.7158477e-01
   3.0400000e+00   2.2212300e-01   2.2213100e-01   2.2213100e-01   2.3158702e-01
   3.0500000e+00   1.5210100e-01   1.5211200e-01   1.5211200e-01   1.6424914e-01
   3.0600000e+00   6.7562900e-02   6.7574400e-02   6.7574400e-02   8.0461662e-02
   3.0700000e+00  -1.8498600e-02  -1.8486800e-02  -1.8486800e-02  -6.6117186e-03
   3.0800000e+00  -9.6051200e-02  -9.6038700e-02  -9.6038700e-02  -8.6367697e-02
   3.0900000e+00  -1.6145900e-01  -1.6144800e-01  -1.6144800e-01  -1.5470338e-01
   3.1000000e+00  -2.1671400e-01  -2.1670600e-01  -2.1670600e-01  -2.1288392e-01
   3.1100000e+00  -2.6493100e-01  -2.6492700e-01  -2.6492700e-01  -2.6300355e-01
   3.1200000e+00  -3.0611100e-01  -3.0610700e-01  -3.0610700e-01  -3.0475900e-01
   3.1300000e+00  -3.3397000e-01  -3.3396500e-01  -3.3396500e-01  -3.3295008e-01
   3.1400000e+00  -3.3828000e-01  -3.3827900e-01  -3.3827900e-01  -3.3875037e-01
   3.1500000e+00  -3.1309400e-01  -3.1310500e-01  -3.1310500e-01  -3.1631421e-01
   3.1600000e+00  -2.6078700e-01  -2.6081100e-01  -2.6081100e-01  -2.6679162e-01
   3.1700000e+00  -1.8882300e-01  -1.8885200e-01  -1.8885200e-01  -1.9642658e-01
   3.1800000e+00  -1.0552000e-01  -1.0554900e-01  -1.0554900e-01  -1.1312933e-01
   3.1900000e+00  -1.8028800e-02  -1.8059100e-02  -1.8059100e-02  -2.4114015e-02
   3.2000000e+00   6.8969600e-02   6.8938300e-02   6.8938300e-02   6.5735899e-02
   3.2100000e+00   1.5426200e-01   1.5423600e-01   1.5423600e-01   1.5450606e-01
   3.2200000e+00   2.3849500e-01   2.3848100e-01   2.3848100e-01   2.4160051e-01
   3.2300000e+00   3.1932600e-01   3.1932000e-01   3.1932000e-01   3.2385227e-01
   3.2400000e+00   3.8799300e-01   3.8798400e-01   3.8798400e-01   3.9289355e-01
   3.2500000e+00   4.3265300e-01   4.3263700e-01   4.3263700e-01   4.3798687e-01
   3.2600000e+00   4.4547900e-01   4.4547100e-01   4.4547100e-01   4.5195077e-01
   3.2700000e+00   4.2540000e-01   4.2543000e-01   4.2543000e-01   4.3347896e-01
   3.2800000e+00   3.7562400e-01   3.7571200e-01   3.7571200e-01   3.8512274e-01
   3.2900000e+00   3.0050800e-01   3.0065000e-01   3.0065000e-01   3.1062525e-01
   3.3000000e+00   2.0367300e-01   2.0384100e-01   2.0384100e-01   2.1315182e-01
   3.3100000e+00   8.9450600e-02   8.9614100e-02   8.9614100e-02   9.6782397e-02
   3.3200000e+00  -3.5193400e-02  -3.5044300e-02  -3.5044300e-02  -3.1254986e-02
   3.3300000e+00  -1.6187200e-01  -1.6173600e-01  -1.6173600e-01  -1.6153876e-01
   3.3400000e+00  -2.7984400e-01  -2.7972200e-01  -2.7972200e-01  -2.8201191e-01
   3.3500000e+00  -3.7630900e-01  -3.7620700e-01  -3.7620700e-01  -3.7932267e-01
   3.3600000e+00  -4.4147700e-01  -4.4139500e-01  -4.4139500e-01  -4.4437813e-01
   3.3700000e+00  -4.7085900e-01  -4.7079400e-01  -4.7079400e-01  -4.7382058e-01
   3.3800000e+00  -4.6623300e-01  -4.6619700e-01  -4.6619700e-01  -4.6974396e-01
   3.3900000e+00  -4.3634400e-01  -4.3636800e-01  -4.3636800e-01  -4.4020833e-01
   3.4000000e+00  -3.9179700e-01  -3.9191500e-01  -3.9191500e-01  -3.9503895e-01
   3.4100000e+00  -3.3805200e-01  -3.3827400e-01  -3.3827400e-01  -3.3947721e-01
   3.4200000e+00  -2.7386600e-01  -2.7416600e-01  -2.7416600e-01  -2.7243635e-01
   3.4300000e+00  -1.9511700e-01  -1.9543700e-01  -1.9543700e-01  -1.9000766e-01
   3.4400000e+00  -9.9316300e-02  -9.9615400e-02  -9.9615400e-02  -9.0353108e-02
   3.4500000e+00   1.1202200e-02   1.0926900e-02   1.0926900e-02   2.2789461e-02
   3.4600000e+00   1.2783300e-01   1.2757500e-01   1.2757500e-01   1.3960615e-01
   3.4700000e+00   2.3765600e-01   2.3743100e-01   2.3743100e-01   2.4757307e-01
   3.4800000e+00   3.2858600e-01   3.2841800e-01   3.2841800e-01   3.3645463e-01
   3.4900000e+00   3.9336700e-01   3.9326200e-01   3.9326200e-01   4.0044691e-01
   3.5000000e+00   4.3048000e-01   4.3043000e-01   4.3043000e-01   4.3781141e-01
   3.5100000e+00   4.4356500e-01   4.4358300e-01   4.4358300e-01   4.5097987e-01
   3.5200000e+00   4.3687100e-01   4.3699600e-01   4.3699600e-01   4.4330350e-01
   3.5300000e+00   4.0791900e-01   4.0818700e-01   4.0818700e-01   4.1214094e-01
   3.5400000e+00   3.4728500e-01   3.4767500e-01   3.4767500e-01   3.4821707e-01
   3.5500000e+00   2.4872300e-01   2.4915700e-01   2.4915700e-01   2.4553077e-01
   3.5600000e+00   1.1701600e-01   1.1742800e-01   1.1742800e-01   1.0970815e-01
   3.5700000e+00  -3.4197300e-02  -3.3808900e-02  -3.3808900e-02  -4.4022178e-02
   3.5800000e+00  -1.8654600e-01  -1.8615800e-01  -1.8615800e-01  -1.9620143e-01
   3.5900000e+00  -3.1972800e-01  -3.1936000e-01  -3.1936000e-01  -3.2736539e-01
   3.6000000e+00  -4.1631500e-01  -4.1602100e-01  -4.1602100e-01  -4.2217786e-01
   3.6100000e+00  -4.6899800e-01  -4.6880500e-01  -4.6880500e-01  -4.7450899e-01
   3.6200000e+00  -4.8373200e-01  -4.8362400e-01  -4.8362400e-01  -4.8981366e-01
   3.6300000e+00  -4.7240900e-01  -4.7238200e-01  -4.7238200e-01  -4.7873453e-01
   3.6400000e+00  -4.4289700e-01  -4.4301500e-01  -4.4301500e-01  -4.4821258e-01
   3.6500000e+00  -3.9497000e-01  -3.9530800e-01  -3.9530800e-01  -3.9780262e-01
   3.6600000e+00  -3.2355000e-01  -3.2408000e-01  -3.2408000e-01  -3.2261097e-01
   3.6700000e+00  -2.2760000e-01  -2.2818600e-01  -2.2818600e-01  -2.2205347e-01
   3.6800000e+00  -1.1468000e-01  -1.1522200e-01  -1.1522200e-01  -1.0482454e-01
   3.6900000e+00   3.9374200e-03   3.4061800e-03   3.4061800e-03   1.6128384e-02
   3.7000000e+00   1.1775500e-01   1.1717700e-01   1.1717700e-01   1.2949814e-01
   3.7100000e+00   2.1688400e-01   2.1631600e-01   2.1631600e-01   2.2661098e-01
   3.7200000e+00   2.9493400e-01   2.9449800e-01   2.9449800e-01   3.0331171e-01
   3.7300000e+00   3.5328800e-01   3.5302600e-01   3.5302600e-01   3.6199819e-01
   3.7400000e+00   3.9879100e-01   3.9864600e-01   3.9864600e-01   4.0858670e-01
   3.7500000e+00   4.3485400e-01   4.3479900e-01   4.3479900e-01   4.4489620e-01
   3.7600000e+00   4.5381800e-01   4.5392900e-01   4.5392900e-01   4.6241759e-01
   3.7700000e+00   4.4084500e-01   4.4119900e-01   4.4119900e-01   4.4635039e-01
   3.7800000e+00   3.8522600e-01   3.8577100e-01   3.8577100e-01   3.8638696e-01
   3.7900000e+00   2.8695300e-01   2.8754000e-01   2.8754000e-01   2.8325115e-01
   3.8000000e+00   1.5661700e-01   1.5717400e-01   1.5717400e-01   1.4890750e-01
   3.8100000e+00   1.2392900e-02   1.2978600e-02   1.2978600e-02   2.9613473e-03
   3.8200000e+00  -1.2403300e-01  -1.2337900e-01  -1.2337900e-01  -1.3282106e-01
   3.8300000e+00  -2.3466200e-01  -2.3403200e-01  -2.3403200e-01  -2.4208687e-01
   3.8400000e+00  -3.1314300e-01  -3.1266700e-01  -3.1266700e-01  -3.2023565e-01
   3.8500000e+00  -3.6467700e-01  -3.6437000e-01  -3.6437000e-01  -3.7269690e-01
   3.8600000e+00  -3.9753900e-01  -3.9732800e-01  -3.9732800e-01  -4.0660575e-01
   3.8700000e+00  -4.1498000e-01  -4.1486100e-01  -4.1486100e-01  -4.2394591e-01
   3.8800000e+00  -4.1246200e-01  -4.1255500e-01  -4.1255500e-01  -4.1964210e-01
   3.8900000e+00  -3.8077400e-01  -3.8117200e-01  -3.8117200e-01  -3.8457594e-01
   3.9000000e+00  -3.1430100e-01  -3.1491700e-01  -3.1491700e-01  -3.1352095e-01
   3.9100000e+00  -2.1675700e-01  -2.1740800e-01  -2.1740800e-01  -2.1104883e-01
   3.9200000e+00  -9.9440700e-02  -1.0006900e-01  -1.0006900e-01  -9.0039763e-02
   3.9300000e+00   2.3782800e-02   2.3080600e-02   2.3080600e-02   3.4273863e-02
   3.9400000e+00   1.4179000e-01   1.4098200e-01   1.4098200e-01   1.5127014e-01
   3.9500000e+00   2.4854000e-01   2.4777800e-01   2.4777800e-01   2.5698328e-01
   3.9600000e+00   3.4270400e-01   3.4215000e-01   3.4215000e-01   3.5154379e-01
   3.9700000e+00   4.2681500e-01   4.2645500e-01   4.2645500e-01   4.3711147e-01
   3.9800000e+00   5.0174700e-01   5.0147700e-01   5.0147700e-01   5.1317510e-01
   3.9900000e+00   5.5971000e-01   5.5954300e-01   5.5954300e-01   5.7090679e-01
   4.0000000e+00   5.8564200e-01   5.8573600e-01   5.8573600e-01   5.9487857e-01
   4.0100000e+00   5.6671500e-01   5.6717700e-01   5.6717700e-01   5.7215710e-01
   4.0200000e+00   5.0074300e-01   5.0147400e-01   5.0147400e-01   5.0084662e-01
   4.0300000e+00   3.9723600e-01   3.9803800e-01   3.9803800e-01   3.9171245e-01
   4.0400000e+00   2.7248800e-01   2.7330400e-01   2.7330400e-01   2.6319154e-01
   4.0500000e+00   1.4240300e-01   1.4333200e-01   1.4333200e-01   1.3272209e-01
   4.0600000e+00   1.6469700e-02   1.7530500e-02   1.7530500e-02   9.0141865e-03
   4.0700000e+00  -1.0390300e-01  -1.0289200e-01  -1.0289200e-01  -1.0906094e-01
   4.0800000e+00  -2.2249000e-01  -2.2171500e-01  -2.2171500e-01  -2.2708002e-01
   4.0900000e+00  -3.4144200e-01  -3.4089600e-01  -3.4089600e-01  -3.4696860e-01
   4.1000000e+00  -4.5426600e-01  -4.5384000e-01  -4.5384000e-01  -4.6099250e-01
   4.1100000e+00  -5.4531100e-01  -5.4503700e-01  -5.4503700e-01  -5.5248348e-01
   4.1200000e+00  -5.9634200e-01  -5.9641000e-01  -5.9641000e-01  -6.0250802e-01
   4.1300000e+00  -5.9547900e-01  -5.9601100e-01  -5.9601100e-01  -5.9855667e-01
   4.1400000e+00  -5.4345800e-01  -5.4433200e-01  -5.4433200e-01  -5.4123233e-01
   4.1500000e+00  -4.5307700e-01  -4.5405800e-01  -4.5405800e-01  -4.4466682e-01
   4.1600000e+00  -3.4170700e-01  -3.4273400e-01  -3.4273400e-01  -3.2900003e-01
   4.1700000e+00  -2.2194200e-01  -2.2315000e-01  -2.2315000e-01  -2.0892592e-01
   4.1800000e+00  -9.6766100e-02  -9.8185800e-02  -9.8185800e-02  -8.6555018e-02
   4.1900000e+00   3.8411000e-02   3.7026800e-02   3.7026800e-02   4.5918910e-02
   4.2000000e+00   1.8864400e-01   1.8756900e-01   1.8756900e-01   1.9588037e-01
   4.2100000e+00   3.5209800e-01   3.5135200e-01   3.5135200e-01   3.6106809e-01
   4.2200000e+00   5.1721600e-01   5.1666600e-01   5.1666600e-01   5.2810637e-01
   4.2300000e+00   6.6439600e-01   6.6403500e-01   6.6403500e-01   6.7600329e-01
   4.2400000e+00   7.7261100e-01   7.7262900e-01   7.7262900e-01   7.8293238e-01
   4.2500000e+00   8.2807000e-01   8.2864900e-01   8.2864900e-01   8.3461976e-01
   4.2600000e+00   8.2789300e-01   8.2902600e-01   8.2902600e-01   8.2847327e-01
   4.2700000e+00   7.7945100e-01   7.8099100e-01   7.8099100e-01   7.7351375e-01
   4.2800000e+00   6.9476500e-01   6.9665700e-01   6.9665700e-01   6.8444847e-01
   4.2900000e+00   5.8085100e-01   5.8321300e-01   5.8321300e-01   5.7014270e-01
   4.3000000e+00   4.3666400e-01   4.3954300e-01   4.3954300e-01   4.2850473e-01
   4.3100000e+00   2.5927600e-01   2.6241400e-01   2.6241400e-01   2.5340822e-01
   4.3200000e+00   5.0421000e-02   5.3451700e-02   5.3451700e-02   4.4450127e-02
   4.3300000e+00  -1.8135000e-01  -1.7857700e-01  -1.7857700e-01  -1.8931845e-01
   4.3400000e+00  -4.2110000e-01  -4.1856000e-01  -4.1856000e-01  -4.3114433e-01
   4.3500000e+00  -6.4887500e-01  -6.4670900e-01  -6.4670900e-01  -6.5974869e-01
   4.3600000e+00  -8.4379500e-01  -8.4240000e-01  -8.4240000e-01  -8.5362223e-01
   4.3700000e+00  -9.9193900e-01  -9.9165200e-01  -9.9165200e-01  -9.9831742e-01
   4.3800000e+00  -1.0922900e+00  -1.0930700e+00  -1.0930700e+00  -1.0928423e+00
   4.3900000e+00  -1.1552400e+00  -1.1567300e+00  -1.1567300e+00  -1.1489532e+00
   4.4000000e+00  -1.1949500e+00  -1.1969200e+00  -1.1969200e+00  -1.1832537e+00
   4.4100000e+00  -1.2192200e+00  -1.2219300e+00  -1.2219300e+00  -1.2056268e+00
   4.4200000e+00  -1.2247200e+00  -1.2286500e+00  -1.2286500e+00  -1.2128875e+00
   4.4300000e+00  -1.2018200e+00  -1.2070900e+00  -1.2070900e+00  -1.1932259e+00
   4.4400000e+00  -1.1420600e+00  -1.1481700e+00  -1.1481700e+00  -1.1353662e+00
   4.4500000e+00  -1.0443500e+00  -1.0506100e+00  -1.0506100e+00  -1.0370873e+00
   4.4600000e+00  -9.1589400e-01  -9.2203200e-01  -9.2203200e-01  -9.0674717e-01
   4.4700000e+00  -7.6725200e-01  -7.7338300e-01  -7.7338300e-01  -7.5673038e-01
   4.4800000e+00  -6.1053900e-01  -6.1663700e-01  -6.1663700e-01  -6.0024384e-01
   4.4900000e+00  -4.6182400e-01  -4.6730200e-01  -4.6730200e-01  -4.5356322e-01
   4.5000000e+00  -3.3872000e-01  -3.4276700e-01  -3.4276700e-01  -3.3417668e-01
   4.5100000e+00  -2.5107000e-01  -2.5344400e-01  -2.5344400e-01  -2.5160825e-01
   4.5200000e+00  -1.9407800e-01  -1.9528900e-01  -1.9528900e-01  -1.9994289e-01
   4.5300000e+00  -1.5494700e-01  -1.5549500e-01  -1.5549500e-01  -1.6435146e-01
   4.5400000e+00  -1.2710300e-01  -1.2677700e-01  -1.2677700e-01  -1.3681690e-01
   4.5500000e+00  -1.1549600e-01  -1.1366500e-01  -1.1366500e-01  -1.2316298e-01
   4.5600000e+00  -1.3132000e-01  -1.2781500e-01  -1.2781500e-01  -1.3717452e-01
   4.5700000e+00  -1.8471900e-01  -1.8007200e-01  -1.8007200e-01  -1.9067738e-01
   4.5800000e+00  -2.7999800e-01  -2.7476700e-01  -2.7476700e-01  -2.8734854e-01
   4.5900000e+00  -4.1332800e-01  -4.0764200e-01  -4.0764200e-01  -4.2168777e-01
   4.6000000e+00  -5.7160300e-01  -5.6559000e-01  -5.6559000e-01  -5.7956265e-01
   4.6100000e+00  -7.3375300e-01  -7.2809600e-01  -7.2809600e-01  -7.3970132e-01
   4.6200000e+00  -8.7793200e-01  -8.7359400e-01  -8.7359400e-01  -8.8024210e-01
   4.6300000e+00  -9.9186500e-01  -9.8922700e-01  -9.8922700e-01  -9.8910208e-01
   4.6400000e+00  -1.0765900e+00  -1.0751300e+00  -1.0751300e+00  -1.0683457e+00
   4.6500000e+00  -1.1398400e+00  -1.1388300e+00  -1.1388300e+00  -1.1274945e+00
   4.6600000e+00  -1.1846200e+00  -1.1842400e+00  -1.1842400e+00  -1.1710064e+00
   4.6700000e+00  -1.2027900e+00  -1.2041300e+00  -1.2041300e+00  -1.1905777e+00
   4.6800000e+00  -1.1791700e+00  -1.1831200e+00  -1.1831200e+00  -1.1692138e+00
   4.6900000e+00  -1.1012800e+00  -1.1075900e+00  -1.1075900e+00  -1.0923591e+00
   4.7000000e+00  -9.6472400e-01  -9.7228400e-01  -9.7228400e-01  -9.5532918e-01
   4.7100000e+00  -7.7181400e-01  -7.7971900e-01  -7.7971900e-01  -7.6187486e-01
   4.7200000e+00  -5.2839300e-01  -5.3648200e-01  -5.3648200e-01  -5.1912041e-01
   4.7300000e+00  -2.4367200e-01  -2.5205200e-01  -2.5205200e-01  -2.3629999e-01
   4.7400000e+00   6.8121000e-02   5.9895400e-02   5.9895400e-02   7.2952570e-02
   4.7500000e+00   3.8926600e-01   3.8224400e-01   3.8224400e-01   3.9105941e-01
   4.7600000e+00   7.0610100e-01   7.0102300e-01   7.0102300e-01   7.0413739e-01
   4.7700000e+00   1.0168900e+00   1.0134700e+00   1.0134700e+00   1.0109138e+00
   4.7800000e+00   1.3286200e+00   1.3261400e+00   1.3261400e+00   1.3197973e+00
   4.7900000e+00   1.6424500e+00   1.6411500e+00   1.6411500e+00   1.6331611e+00
   4.8000000e+00   1.9443900e+00   1.9458400e+00   1.9458400e+00   1.9369645e+00
   4.8100000e+00   2.2120400e+00   2.2180900e+00   2.2180900e+00   2.2077321e+00
   4.8200000e+00   2.4276400e+00   2.4390200e+00   2.4390200e+00   2.4263716e+00
   4.8300000e+00   2.5838700e+00   2.5998600e+00   2.5998600e+00   2.5848475e+00
   4.8400000e+00   2.6818400e+00   2.7010400e+00   2.7010400e+00   2.6844525e+00
   4.8500000e+00   2.7250400e+00   2.7464800e+00   2.7464800e+00   2.7296089e+00
   4.8600000e+00   2.7144500e+00   2.7379400e+00   2.7379400e+00   2.7222451e+00
   4.8700000e+00   2.6492700e+00   2.6749300e+00   2.6749300e+00   2.6616530e+00
   4.8800000e+00   2.5297300e+00   2.5571600e+00   2.5571600e+00   2.5472220e+00
   4.8900000e+00   2.3583000e+00   2.3865100e+00   2.3865100e+00   2.3804409e+00
   4.9000000e+00   2.1382200e+00   2.1662300e+00   2.1662300e+00   2.1640251e+00
   4.9100000e+00   1.8715800e+00   1.8990500e+00   1.8990500e+00   1.9001190e+00
   4.9200000e+00   1.5618300e+00   1.5888600e+00   1.5888600e+00   1.5923285e+00
   4.9300000e+00   1.2192300e+00   1.2453000e+00   1.2453000e+00   1.2505066e+00
   4.9400000e+00   8.6583100e-01   8.8904500e-01   8.8904500e-01   8.9600366e-01
   4.9500000e+00   5.3410800e-01   5.5173100e-01   5.5173100e-01   5.6134106e-01
   4.9600000e+00   2.5613500e-01   2.6631900e-01   2.6631900e-01   2.7953539e-01
   4.9700000e+00   4.9229600e-02   5.2233000e-02   5.2233000e-02   6.8508127e-02
   4.9800000e+00  -8.8252000e-02  -9.0989600e-02  -9.0989600e-02  -7.4211739e-02
   4.9900000e+00  -1.6611800e-01  -1.7362900e-01  -1.7362900e-01  -1.5953574e-01
   5.0000000e+00  -1.9394800e-01  -2.0610600e-01  -2.0610600e-01  -1.9636541e-01
   5.0100000e+00  -1.8172900e-01  -1.9850000e-01  -1.9850000e-01  -1.9263938e-01
   5.0200000e+00  -1.3746200e-01  -1.5832100e-01  -1.5832100e-01  -1.5511339e-01
   5.0300000e+00  -6.1029800e-02  -8.5162400e-02  -8.5162400e-02  -8.3900183e-02
   5.0400000e+00   5.4736400e-02   2.8176400e-02   2.8176400e-02   2.7794731e-02
   5.0500000e+00   2.1373900e-01   1.8607400e-01   1.8607400e-01   1.8434630e-01
   5.0600000e+00   4.0626100e-01   3.8004000e-01   3.8004000e-01   3.7677348e-01
   5.0700000e+00   6.0626400e-01   5.8482500e-01   5.8482500e-01   5.7884014e-01
   5.0800000e+00   7.8373700e-01   7.6935300e-01   7.6935300e-01   7.5936833e-01
   5.0900000e+00   9.2161600e-01   9.1450600e-01   9.1450600e-01   9.0090262e-01
   5.1000000e+00   1.0165300e+00   1.0157100e+00   1.0157100e+00   1.0011146e+00
   5.1100000e+00   1.0657600e+00   1.0702800e+00   1.0702800e+00   1.0578471e+00
   5.1200000e+00   1.0583600e+00   1.0678900e+00   1.0678900e+00   1.0590068e+00
   5.1300000e+00   9.8143200e-01   9.9595700e-01   9.9595700e-01   9.8990468e-01
   5.1400000e+00   8.2550300e-01   8.4493700e-01   8.4493700e-01   8.4040882e-01
   5.1500000e+00   5.7937900e-01   6.0339800e-01   6.0339800e-01   6.0007193e-01
   5.1600000e+00   2.2923600e-01   2.5725400e-01   2.5725400e-01   2.5560012e-01
   5.1700000e+00  -2.3121700e-01  -2.0031300e-01  -2.0031300e-01  -2.0013509e-01
   5.1800000e+00  -7.8878800e-01  -7.5692700e-01  -7.5692700e-01  -7.5521411e-01
   5.1900000e+00  -1.4072500e+00  -1.3772000e+00  -1.3772000e+00  -1.3736192e+00
   5.2000000e+00  -2.0355600e+00  -2.0103100e+00  -2.0103100e+00  -2.0033374e+00
   5.2100000e+00  -2.6242200e+00  -2.6059400e+00  -2.6059400e+00  -2.5942854e+00
   5.2200000e+00  -3.1373300e+00  -3.1268000e+00  -3.1268000e+00  -3.1111800e+00
   5.2300000e+00  -3.5540600e+00  -3.5510100e+00  -3.5510100e+00  -3.5342020e+00
   5.2400000e+00  -3.8638700e+00  -3.8676800e+00  -3.8676800e+00  -3.8530570e+00
   5.2500000e+00  -4.0621300e+00  -4.0725500e+00  -4.0725500e+00  -4.0623864e+00
   5.2600000e+00  -4.1476600e+00  -4.1650700e+00  -4.1650700e+00  -4.1595620e+00
   5.2700000e+00  -4.1184100e+00  -4.1435200e+00  -4.1435200e+00  -4.1411106e+00
   5.2800000e+00  -3.9698800e+00  -4.0032600e+00  -4.0032600e+00  -4.0018481e+00
   5.2900000e+00  -3.6979700e+00  -3.7396700e+00  -3.7396700e+00  -3.7377782e+00
   5.3000000e+00  -3.3022300e+00  -3.3516000e+00  -3.3516000e+00  -3.3490188e+00
   5.3100000e+00  -2.7894300e+00  -2.8450900e+00  -2.8450900e+00  -2.8427519e+00
   5.3200000e+00  -2.1769500e+00  -2.2366900e+00  -2.2366900e+00  -2.2361737e+00
   5.3300000e+00  -1.4939900e+00  -1.5546600e+00  -1.5546600e+00  -1.5574933e+00
   5.3400000e+00  -7.7918800e-01  -8.3693100e-01  -8.3693100e-01  -8.4394785e-01
   5.3500000e+00  -7.5666000e-02  -1.2659700e-01  -1.2659700e-01  -1.3748201e-01
   5.3600000e+00   5.7805600e-01   5.3711000e-01   5.3711000e-01   5.2382345e-01
   5.3700000e+00   1.1559800e+00   1.1269200e+00   1.1269200e+00   1.1134060e+00
   5.3800000e+00   1.6441200e+00   1.6274600e+00   1.6274600e+00   1.6155456e+00
   5.3900000e+00   2.0362000e+00   2.0317300e+00   2.0317300e+00   2.0219824e+00
   5.4000000e+00   2.3279600e+00   2.3359400e+00   2.3359400e+00   2.3280347e+00
   5.4100000e+00   2.5108400e+00   2.5324200e+00   2.5324200e+00   2.5263212e+00
   5.4200000e+00   2.5715200e+00   2.6077600e+00   2.6077600e+00   2.6042738e+00
   5.4300000e+00   2.5001000e+00   2.5503600e+00   2.5503600e+00   2.5502718e+00
   5.4400000e+00   2.2982500e+00   2.3595100e+00   2.3595100e+00   2.3624606e+00
   5.4500000e+00   1.9804900e+00   2.0484100e+00   2.0484100e+00   2.0528562e+00
   5.4600000e+00   1.5697600e+00   1.6406500e+00   1.6406500e+00   1.6450478e+00
   5.4700000e+00   1.0918100e+00   1.1636800e+00   1.1636800e+00   1.1678441e+00
   5.4800000e+00   5.7344800e-01   6.4508800e-01   6.4508800e-01   6.5018829e-01
   5.4900000e+00   4.6503300e-02   1.1454900e-01   1.1454900e-01   1.2172723e-01
   5.5000000e+00  -4.4976600e-01  -3.9161900e-01  -3.9161900e-01  -3.8243537e-01
   5.5100000e+00  -8.7852400e-01  -8.3561500e-01  -8.3561500e-01  -8.2529994e-01
   5.5200000e+00  -1.2182000e+00  -1.1918500e+00  -1.1918500e+00  -1.1808519e+00
   5.5300000e+00  -1.4623600e+00  -1.4511700e+00  -1.4511700e+00  -1.4392319e+00
   5.5400000e+00  -1.6095800e+00  -1.6128900e+00  -1.6128900e+00  -1.6003354e+00
   5.5500000e+00  -1.6554000e+00  -1.6753400e+00  -1.6753400e+00  -1.6642398e+00
   5.5600000e+00  -1.5932700e+00  -1.6326600e+00  -1.6326600e+00  -1.6262299e+00
   5.5700000e+00  -1.4215600e+00  -1.4796000e+00  -1.4796000e+00  -1.4799461e+00
   5.5800000e+00  -1.1500000e+00  -1.2205500e+00  -1.2205500e+00  -1.2265071e+00
   5.5900000e+00  -7.9932800e-01  -8.7422000e-01  -8.7422000e-01  -8.8152723e-01
   5.6000000e+00  -3.8971600e-01  -4.6494100e-01  -4.6494100e-01  -4.6901034e-01
   5.6100000e+00   6.7592300e-02  -9.4471800e-03  -9.4471800e-03  -8.9502296e-03
   5.6200000e+00   5.5721700e-01   4.7859900e-01   4.7859900e-01   4.8103077e-01
   5.6300000e+00   1.0461900e+00   9.7337200e-01   9.7337200e-01   9.7444392e-01
   5.6400000e+00   1.4942900e+00   1.4373700e+00   1.4373700e+00   1.4355399e+00
   5.6500000e+00   1.8705400e+00   1.8349900e+00   1.8349900e+00   1.8300336e+00
   5.6600000e+00   2.1620200e+00   2.1464500e+00   2.1464500e+00   2.1385500e+00
   5.6700000e+00   2.3705000e+00   2.3706600e+00   2.3706600e+00   2.3602217e+00
   5.6800000e+00   2.4966300e+00   2.5111300e+00   2.5111300e+00   2.4996543e+00
   5.6900000e+00   2.5310900e+00   2.5629700e+00   2.5629700e+00   2.5535670e+00
   5.7000000e+00   2.4590300e+00   2.5117100e+00   2.5117100e+00   2.5078406e+00
   5.7100000e+00   2.2708800e+00   2.3429400e+00   2.3429400e+00   2.3459574e+00
   5.7200000e+00   1.9721100e+00   2.0566500e+00   2.0566500e+00   2.0640181e+00
   5.7300000e+00   1.5813600e+00   1.6708000e+00   1.6708000e+00   1.6768959e+00
   5.7400000e+00   1.1208500e+00   1.2123500e+00   1.2123500e+00   1.2120472e+00
   5.7500000e+00   6.1214400e-01   7.0763900e-01   7.0763900e-01   7.0016681e-01
   5.7600000e+00   8.3150000e-02   1.8185500e-01   1.8185500e-01   1.7181984e-01
   5.7700000e+00  -4.2410700e-01  -3.3160200e-01  -3.3160200e-01  -3.3775469e-01
   5.7800000e+00  -8.6328300e-01  -7.8958400e-01  -7.8958400e-01  -7.8872506e-01
   5.7900000e+00  -1.2042100e+00  -1.1559200e+00  -1.1559200e+00  -1.1490360e+00
   5.8000000e+00  -1.4416900e+00  -1.4175300e+00  -1.4175300e+00  -1.4071990e+00
   5.8100000e+00  -1.5894700e+00  -1.5855400e+00  -1.5855400e+00  -1.5743274e+00
   5.8200000e+00  -1.6642400e+00  -1.6800700e+00  -1.6800700e+00  -1.6705861e+00
   5.8300000e+00  -1.6678000e+00  -1.7067100e+00  -1.7067100e+00  -1.7018239e+00
   5.8400000e+00  -1.5858500e+00  -1.6495800e+00  -1.6495800e+00  -1.6511607e+00
   5.8500000e+00  -1.4067600e+00  -1.4907500e+00  -1.4907500e+00  -1.4974674e+00
   5.8600000e+00  -1.1347500e+00  -1.2297200e+00  -1.2297200e+00  -1.2360535e+00
   5.8700000e+00  -7.8504500e-01  -8.8364300e-01  -8.8364300e-01  -8.8221207e-01
   5.8800000e+00  -3.7452300e-01  -4.7577500e-01  -4.7577500e-01  -4.6238645e-01
   5.8900000e+00   8.0937900e-02  -2.5095300e-02  -2.5095300e-02  -2.6662334e-03
   5.9000000e+00   5.5587500e-01   4.4859700e-01   4.4859700e-01   4.7088863e-01
   5.9100000e+00   1.0054700e+00   9.0902500e-01   9.0902500e-01   9.2224200e-01
   5.9200000e+00   1.3811900e+00   1.3083100e+00   1.3083100e+00   1.3101907e+00
   5.9300000e+00   1.6572600e+00   1.6133700e+00   1.6133700e+00   1.6078732e+00
   5.9400000e+00   1.8365800e+00   1.8201500e+00   1.8201500e+00   1.8127977e+00
   5.9500000e+00   1.9380600e+00   1.9462700e+00   1.9462700e+00   1.9408999e+00
   5.9600000e+00   1.9788900e+00   2.0119800e+00   2.0119800e+00   2.0103307e+00
   5.9700000e+00   1.9624000e+00   2.0222200e+00   2.0222200e+00   2.0250089e+00
   5.9800000e+00   1.8825300e+00   1.9677400e+00   1.9677400e+00   1.9748487e+00
   5.9900000e+00   1.7333200e+00   1.8372100e+00   1.8372100e+00   1.8464772e+00
   6.0000000e+00   1.5100900e+00   1.6237600e+00   1.6237600e+00   1.6295066e+00
   6.0100000e+00   1.2100000e+00   1.3278300e+00   1.3278300e+00   1.3223382e+00
   6.0200000e+00   8.3175800e-01   9.5321300e-01   9.5321300e-01   9.3226780e-01
   6.0300000e+00   3.7404300e-01   5.0021100e-01   5.0021100e-01   4.6810096e-01
   6.0400000e+00  -1.5322900e-01  -2.6897100e-02  -2.6897100e-02  -5.7989980e-02
   6.0500000e+00  -7.0853700e-01  -5.9502900e-01  -5.9502900e-01  -6.1331724e-01
   6.0600000e+00  -1.2246500e+00  -1.1382200e+00  -1.1382200e+00  -1.1413915e+00
   6.0700000e+00  -1.6477700e+00  -1.5965100e+00  -1.5965100e+00  -1.5913360e+00
   6.0800000e+00  -1.9602100e+00  -1.9446700e+00  -1.9446700e+00  -1.9396698e+00
   6.0900000e+00  -2.1677400e+00  -2.1836700e+00  -2.1836700e+00  -2.1830996e+00
   6.1000000e+00  -2.2797600e+00  -2.3227700e+00  -2.3227700e+00  -2.3258966e+00
   6.1100000e+00  -2.2999600e+00  -2.3683900e+00  -2.3683900e+00  -2.3729074e+00
   6.1200000e+00  -2.2283800e+00  -2.3220000e+00  -2.3220000e+00  -2.3266411e+00
   6.1300000e+00  -2.0660300e+00  -2.1823500e+00  -2.1823500e+00  -2.1856053e+00
   6.1400000e+00  -1.8173000e+00  -1.9494200e+00  -1.9494200e+00  -1.9467351e+00
   6.1500000e+00  -1.4908200e+00  -1.6299900e+00  -1.6299900e+00  -1.6142635e+00
   6.1600000e+00  -1.0935400e+00  -1.2349100e+00  -1.2349100e+00  -1.2024612e+00
   6.1700000e+00  -6.2692000e-01  -7.7065600e-01  -7.7065600e-01  -7.2744333e-01
   6.1800000e+00  -1.0098400e-01  -2.4421900e-01  -2.4421900e-01  -2.0440255e-01
   6.1900000e+00   4.4709900e-01   3.1734600e-01   3.1734600e-01   3.4138528e-01
   6.2000000e+00   9.5892900e-01   8.6095700e-01   8.6095700e-01   8.6787601e-01
   6.2100000e+00   1.3832500e+00   1.3296600e+00   1.3296600e+00   1.3283986e+00
   6.2200000e+00   1.6975600e+00   1.6888700e+00   1.6888700e+00   1.6899414e+00
   6.2300000e+00   1.9057800e+00   1.9332200e+00   1.9332200e+00   1.9409640e+00
   6.2400000e+00   2.0199400e+00   2.0745000e+00   2.0745000e+00   2.0860042e+00
   6.2500000e+00   2.0433400e+00   2.1227000e+00   2.1227000e+00   2.1324961e+00
   6.2600000e+00   1.9678200e+00   2.0751400e+00   2.0751400e+00   2.0795598e+00
   6.2700000e+00   1.7852500e+00   1.9213700e+00   1.9213700e+00   1.9185426e+00
   6.2800000e+00   1.5001200e+00   1.6576700e+00   1.6576700e+00   1.6445994e+00
   6.2900000e+00   1.1276500e+00   1.2941300e+00   1.2941300e+00   1.2663621e+00
   6.3000000e+00   6.7908500e-01   8.4677000e-01   8.4677000e-01   8.0343361e-01
   6.3100000e+00   1.5849500e-01   3.2692800e-01   3.2692800e-01   2.7643405e-01
   6.3200000e+00  -4.1721400e-01  -2.5250800e-01  -2.5250800e-01  -2.9496232e-01
   6.3300000e+00  -1.0017600e+00  -8.5753800e-01  -8.5753800e-01  -8.8132795e-01
   6.3400000e+00  -1.5329900e+00  -1.4308900e+00  -1.4308900e+00  -1.4384523e+00
   6.3500000e+00  -1.9625500e+00  -1.9150700e+00  -1.9150700e+00  -1.9185264e+00
   6.3600000e+00  -2.2734800e+00  -2.2766800e+00  -2.2766800e+00  -2.2870814e+00
   6.3700000e+00  -2.4748300e+00  -2.5137900e+00  -2.5137900e+00  -2.5327853e+00
   6.3800000e+00  -2.5781700e+00  -2.6409000e+00  -2.6409000e+00  -2.6608065e+00
   6.3900000e+00  -2.5762500e+00  -2.6633000e+00  -2.6633000e+00  -2.6742812e+00
   6.4000000e+00  -2.4440000e+00  -2.5645200e+00  -2.5645200e+00  -2.5615854e+00
   6.4100000e+00  -2.1643000e+00  -2.3226100e+00  -2.3226100e+00  -2.3065148e+00
   6.4200000e+00  -1.7517300e+00  -1.9385700e+00  -1.9385700e+00  -1.9113519e+00
   6.4300000e+00  -1.2452800e+00  -1.4428600e+00  -1.4428600e+00  -1.4043525e+00
   6.4400000e+00  -6.8506600e-01  -8.8049300e-01  -8.8049300e-01  -8.3130065e-01
   6.4500000e+00  -1.0426400e-01  -2.9445200e-01  -2.9445200e-01  -2.4200814e-01
   6.4600000e+00   4.5911700e-01   2.7830300e-01   2.7830300e-01   3.2097763e-01
   6.4700000e+00   9.5544700e-01   8.0021000e-01   8.0021000e-01   8.2457825e-01
   6.4800000e+00   1.3389200e+00   1.2326900e+00   1.2326900e+00   1.2424410e+00
   6.4900000e+00   1.5879900e+00   1.5449400e+00   1.5449400e+00   1.5528420e+00
   6.5000000e+00   1.7146600e+00   1.7288600e+00   1.7288600e+00   1.7453606e+00
   6.5100000e+00   1.7554600e+00   1.8068900e+00   1.8068900e+00   1.8306850e+00
   6.5200000e+00   1.7393900e+00   1.8135300e+00   1.8135300e+00   1.8323121e+00
   6.5300000e+00   1.6611600e+00   1.7625200e+00   1.7625200e+00   1.7635452e+00
   6.5400000e+00   1.4927400e+00   1.6359800e+00   1.6359800e+00   1.6158319e+00
   6.5500000e+00   1.2185800e+00   1.4078700e+00   1.4078700e+00   1.3721294e+00
   6.5600000e+00   8.5862000e-01   1.0779200e+00   1.0779200e+00   1.0335562e+00
   6.5700000e+00   4.5817600e-01   6.8222900e-01   6.8222900e-01   6.3243892e-01
   6.5800000e+00   5.9117500e-02   2.7229600e-01   2.7229600e-01   2.1948475e-01
   6.5900000e+00  -3.1043500e-01  -1.1136700e-01  -1.1136700e-01  -1.6044833e-01
   6.6000000e+00  -6.2519000e-01  -4.4602700e-01  -4.4602700e-01  -4.8251479e-01
   6.6100000e+00  -8.5503900e-01  -7.1428200e-01  -7.1428200e-01  -7.3532399e-01
   6.6200000e+00  -9.7590400e-01  -8.9528700e-01  -8.9528700e-01  -9.0807416e-01
   6.6300000e+00  -9.9301300e-01  -9.7857000e-01  -9.7857000e-01  -9.9416804e-01
   6.6400000e+00  -9.4669600e-01  -9.8174700e-01  -9.8174700e-01  -1.0037214e+00
   6.6500000e+00  -8.8092100e-01  -9.4231700e-01  -9.4231700e-01  -9.6126839e-01
   6.6600000e+00  -8.0144900e-01  -8.8487400e-01  -8.8487400e-01  -8.8553576e-01
   6.6700000e+00  -6.7246700e-01  -7.9503300e-01  -7.9503300e-01  -7.6951498e-01
   6.6800000e+00  -4.5808000e-01  -6.3345700e-01  -6.3345700e-01  -5.8630449e-01
   6.6900000e+00  -1.6081400e-01  -3.7777900e-01  -3.7777900e-01  -3.1928322e-01
   6.7000000e+00   1.7901500e-01  -4.9847100e-02  -4.9847100e-02   1.2185602e-02
   6.7100000e+00   5.1425000e-01   2.9692000e-01   2.9692000e-01   3.5780287e-01
   6.7200000e+00   8.1634200e-01   6.1774700e-01   6.1774700e-01   6.7203506e-01
   6.7300000e+00   1.0691600e+00   8.9437100e-01   8.9437100e-01   9.3633247e-01
   6.7400000e+00   1.2533800e+00   1.1178400e+00   1.1178400e+00   1.1466378e+00
   6.7500000e+00   1.3524700e+00   1.2747500e+00   1.2747500e+00   1.2969546e+00
   6.7600000e+00   1.3695200e+00   1.3537100e+00   1.3537100e+00   1.3782852e+00
   6.7700000e+00   1.3288700e+00   1.3579200e+00   1.3579200e+00   1.3870370e+00
   6.7800000e+00   1.2540200e+00   1.3053300e+00   1.3053300e+00   1.3294298e+00
   6.7900000e+00   1.1416800e+00   1.2112600e+00   1.2112600e+00   1.2142715e+00
   6.8000000e+00   9.6332600e-01   1.0695000e+00   1.0695000e+00   1.0411950e+00
   6.8100000e+00   6.9433200e-01   8.5619600e-01   8.5619600e-01   7.9950059e-01
   6.8200000e+00   3.4352200e-01   5.5881000e-01   5.5881000e-01   4.8612754e-01
   6.8300000e+00  -3.9175900e-02   2.0203000e-01   2.0203000e-01   1.2740680e-01
   6.8400000e+00  -3.9113300e-01  -1.5684600e-01  -1.5684600e-01  -2.2361536e-01
   6.8500000e+00  -6.7486600e-01  -4.6509600e-01  -4.6509600e-01  -5.2023091e-01
   6.8600000e+00  -8.8112800e-01  -7.0486700e-01  -7.0486700e-01  -7.4875067e-01
   6.8700000e+00  -1.0124800e+00  -8.8267200e-01  -8.8267200e-01  -9.1850789e-01
   6.8800000e+00  -1.0773600e+00  -1.0057700e+00  -1.0057700e+00  -1.0384479e+00
   6.8900000e+00  -1.0906900e+00  -1.0753900e+00  -1.0753900e+00  -1.1081883e+00
   6.9000000e+00  -1.0714400e+00  -1.0947300e+00  -1.0947300e+00  -1.1248599e+00
   6.9100000e+00  -1.0347100e+00  -1.0785600e+00  -1.0785600e+00  -1.0950489e+00
   6.9200000e+00  -9.7906000e-01  -1.0443000e+00  -1.0443000e+00  -1.0326943e+00
   6.9300000e+00  -8.8032800e-01  -9.8616500e-01  -9.8616500e-01  -9.3845409e-01
   6.9400000e+00  -7.0883700e-01  -8.7276000e-01  -8.7276000e-01  -7.9374905e-01
   6.9500000e+00  -4.6136500e-01  -6.8084500e-01  -6.8084500e-01  -5.8612406e-01
   6.9600000e+00  -1.7393200e-01  -4.2223600e-01  -4.2223600e-01  -3.3020952e-01
   6.9700000e+00   1.0287900e-01  -1.3831900e-01  -1.3831900e-01  -6.0587286e-02
   6.9800000e+00   3.3945600e-01   1.3022100e-01   1.3022100e-01   1.9312578e-01
   6.9900000e+00   5.3128700e-01   3.6702200e-01   3.6702200e-01   4.2083080e-01
   7.0000000e+00   6.8015400e-01   5.6940500e-01   5.6940500e-01   6.1944253e-01
   7.0100000e+00   7.8621400e-01   7.3090500e-01   7.3090500e-01   7.7917488e-01
   7.0200000e+00   8.5211400e-01   8.4280200e-01   8.4280200e-01   8.8719487e-01
   7.0300000e+00   8.8363600e-01   9.0379100e-01   9.0379100e-01   9.3692816e-01
   7.0400000e+00   8.8121700e-01   9.2172000e-01   9.2172000e-01   9.3075455e-01
   7.0500000e+00   8.3218800e-01   9.0152000e-01   9.0152000e-01   8.7374227e-01
   7.0600000e+00   7.1673000e-01   8.3428900e-01   8.3428900e-01   7.6654694e-01
   7.0700000e+00   5.2216300e-01   7.0138200e-01   7.0138200e-01   6.0450183e-01
   7.0800000e+00   2.5519300e-01   4.9001600e-01   4.9001600e-01   3.8384930e-01
   7.0900000e+00  -5.0609000e-02   2.1065100e-01   2.1065100e-01   1.1308472e-01
   7.1000000e+00  -3.4906700e-01  -1.0084700e-01  -1.0084700e-01  -1.8272682e-01
   7.1100000e+00  -6.1070100e-01  -4.0493300e-01  -4.0493300e-01  -4.7443881e-01
   7.1200000e+00  -8.2753400e-01  -6.7704700e-01  -6.7704700e-01  -7.4054774e-01
   7.1300000e+00  -9.9737700e-01  -9.0239400e-01  -9.0239400e-01  -9.6341632e-01
   7.1400000e+00  -1.1166600e+00  -1.0689700e+00  -1.0689700e+00  -1.1263474e+00
   7.1500000e+00  -1.1831400e+00  -1.1710900e+00  -1.1710900e+00  -1.2188956e+00
   7.1600000e+00  -1.1979700e+00  -1.2123800e+00  -1.2123800e+00  -1.2402662e+00
   7.1700000e+00  -1.1627500e+00  -1.2027200e+00  -1.2027200e+00  -1.1980933e+00
   7.1800000e+00  -1.0726400e+00  -1.1469000e+00  -1.1469000e+00  -1.1016178e+00
   7.1900000e+00  -9.1575800e-01  -1.0373800e+00  -1.0373800e+00  -9.5456712e-01
   7.2000000e+00  -6.8475800e-01  -8.6300700e-01  -8.6300700e-01  -7.5660114e-01
   7.2100000e+00  -3.8682800e-01  -6.1908600e-01  -6.1908600e-01  -5.0612738e-01
   7.2200000e+00  -4.6870200e-02  -3.1045100e-01  -3.1045100e-01  -2.0349547e-01
   7.2300000e+00   2.9558500e-01   3.9793200e-02   3.9793200e-02   1.3566248e-01
   7.2400000e+00   6.0163800e-01   3.8896700e-01   3.8896700e-01   4.7516826e-01
   7.2500000e+00   8.4804400e-01   6.9503600e-01   6.9503600e-01   7.7548387e-01
   7.2600000e+00   1.0292800e+00   9.3367600e-01   9.3367600e-01   1.0102877e+00
   7.2700000e+00   1.1524600e+00   1.1016200e+00   1.1016200e+00   1.1716565e+00
   7.2800000e+00   1.2332600e+00   1.2149000e+00   1.2149000e+00   1.2704583e+00
   7.2900000e+00   1.2895700e+00   1.2985000e+00   1.2985000e+00   1.3282800e+00
   7.3000000e+00   1.3306900e+00   1.3696300e+00   1.3696300e+00   1.3633358e+00
   7.3100000e+00   1.3504100e+00   1.4265100e+00   1.4265100e+00   1.3805522e+00
   7.3200000e+00   1.3298500e+00   1.4508100e+00   1.4508100e+00   1.3709118e+00
   7.3300000e+00   1.2492900e+00   1.4207300e+00   1.4207300e+00   1.3191197e+00
   7.3400000e+00   1.0988900e+00   1.3211800e+00   1.3211800e+00   1.2103979e+00
   7.3500000e+00   8.8020200e-01   1.1440600e+00   1.1440600e+00   1.0316558e+00
   7.3600000e+00   6.0756900e-01   8.8859800e-01   8.8859800e-01   7.7694992e-01
   7.3700000e+00   3.1121300e-01   5.7190200e-01   5.7190200e-01   4.6224584e-01
   7.3800000e+00   2.7606100e-02   2.3471400e-01   2.3471400e-01   1.2964516e-01
   7.3900000e+00  -2.1391600e-01  -7.2487900e-02  -7.2487900e-02  -1.6954529e-01
   7.4000000e+00  -3.9799400e-01  -3.1289800e-01  -3.1289800e-01  -3.9767725e-01
   7.4100000e+00  -5.2848100e-01  -4.8166000e-01  -4.8166000e-01  -5.4729873e-01
   7.4200000e+00  -6.1784200e-01  -5.9881200e-01  -5.9881200e-01  -6.3502480e-01
   7.4300000e+00  -6.6484900e-01  -6.7883000e-01  -6.7883000e-01  -6.7542023e-01
   7.4400000e+00  -6.5088300e-01  -7.1165300e-01  -7.1165300e-01  -6.6538695e-01
   7.4500000e+00  -5.5439100e-01  -6.7153300e-01  -6.7153300e-01  -5.8996702e-01
   7.4600000e+00  -3.6576000e-01  -5.3943200e-01  -5.3943200e-01  -4.3750488e-01
   7.4700000e+00  -9.2672000e-02  -3.1615900e-01  -3.1615900e-01  -2.0709549e-01
   7.4800000e+00   2.4713000e-01  -1.4107000e-02  -1.4107000e-02   9.8444896e-02
   7.4900000e+00   6.2725400e-01   3.5174600e-01   3.5174600e-01   4.7071270e-01
   7.5000000e+00   1.0049700e+00   7.5090300e-01   7.5090300e-01   8.7517264e-01
   7.5100000e+00   1.3303900e+00   1.1297400e+00   1.1297400e+00   1.2511349e+00
   7.5200000e+00   1.5672400e+00   1.4319500e+00   1.4319500e+00   1.5414678e+00
   7.5300000e+00   1.7025400e+00   1.6226500e+00   1.6226500e+00   1.7148613e+00
   7.5400000e+00   1.7445100e+00   1.6995900e+00   1.6995900e+00   1.7702400e+00
   7.5500000e+00   1.7115600e+00   1.6889800e+00   1.6889800e+00   1.7303792e+00
   7.5600000e+00   1.6097900e+00   1.6165200e+00   1.6165200e+00   1.6187396e+00
   7.5700000e+00   1.4196600e+00   1.4747100e+00   1.4747100e+00   1.4337354e+00
   7.5800000e+00   1.1125100e+00   1.2285000e+00   1.2285000e+00   1.1522001e+00
   7.5900000e+00   6.8101100e-01   8.5475600e-01   8.5475600e-01   7.5922992e-01
   7.6000000e+00   1.5325500e-01   3.7086700e-01   3.7086700e-01   2.6927050e-01
   7.6100000e+00  -4.2358400e-01  -1.7584900e-01  -1.7584900e-01  -2.8263357e-01
   7.6200000e+00  -1.0042600e+00  -7.3959800e-01  -7.3959800e-01  -8.5830249e-01
   7.6300000e+00  -1.5438700e+00  -1.2846800e+00  -1.2846800e+00  -1.4149086e+00
   7.6400000e+00  -1.9898400e+00  -1.7671400e+00  -1.7671400e+00  -1.8973392e+00
   7.6500000e+00  -2.2936700e+00  -2.1323500e+00  -2.1323500e+00  -2.2495926e+00
   7.6600000e+00  -2.4371600e+00  -2.3413600e+00  -2.3413600e+00  -2.4396255e+00
   7.6700000e+00  -2.4453600e+00  -2.3971200e+00  -2.3971200e+00  -2.4757017e+00
   7.6800000e+00  -2.3723000e+00  -2.3471700e+00  -2.3471700e+00  -2.4029326e+00
   7.6900000e+00  -2.2633500e+00  -2.2532400e+00  -2.2532400e+00  -2.2769013e+00
   7.7000000e+00  -2.1215300e+00  -2.1433700e+00  -2.1433700e+00  -2.1257065e+00
   7.7100000e+00  -1.9124600e+00  -1.9912900e+00  -1.9912900e+00  -1.9329988e+00
   7.7200000e+00  -1.6017900e+00  -1.7472600e+00  -1.7472600e+00  -1.6610429e+00
   7.7300000e+00  -1.1875900e+00  -1.3868900e+00  -1.3868900e+00  -1.2889318e+00
   7.7400000e+00  -6.9909900e-01  -9.3011900e-01  -9.3011900e-01  -8.2782479e-01
   7.7500000e+00  -1.7168300e-01  -4.2147000e-01  -4.2147000e-01  -3.0939749e-01
   7.7600000e+00   3.6234000e-01   9.9524900e-02   9.9524900e-02   2.2888955e-01
   7.7700000e+00   8.6092700e-01   6.0387600e-01   6.0387600e-01   7.4579842e-01
   7.7800000e+00   1.2721900e+00   1.0557500e+00   1.0557500e+00   1.1938824e+00
   7.7900000e+00   1.5545700e+00   1.4066400e+00   1.4066400e+00   1.5263948e+00
   7.8000000e+00   1.7022100e+00   1.6222100e+00   1.6222100e+00   1.7180187e+00
   7.8100000e+00   1.7579200e+00   1.7196700e+00   1.7196700e+00   1.7896261e+00
   7.8200000e+00   1.7818300e+00   1.7618100e+00   1.7618100e+00   1.7998678e+00
   7.8300000e+00   1.7881500e+00   1.7938700e+00   1.7938700e+00   1.7901857e+00
   7.8400000e+00   1.7267600e+00   1.7908700e+00   1.7908700e+00   1.7405556e+00
   7.8500000e+00   1.5360800e+00   1.6817900e+00   1.6817900e+00   1.5930234e+00
   7.8600000e+00   1.1980000e+00   1.4166600e+00   1.4166600e+00   1.3084284e+00
   7.8700000e+00   7.4304100e-01   1.0020700e+00   1.0020700e+00   8.9115161e-01
   7.8800000e+00   2.2015200e-01   4.8963900e-01   4.8963900e-01   3.7798566e-01
   7.8900000e+00  -3.2960500e-01  -5.9805900e-02  -5.9805900e-02  -1.8336861e-01
   7.9000000e+00  -8.6604200e-01  -6.0142000e-01  -6.0142000e-01  -7.4319949e-01
   7.9100000e+00  -1.3326500e+00  -1.0964000e+00  -1.0964000e+00  -1.2453107e+00
   7.9200000e+00  -1.6742800e+00  -1.4981000e+00  -1.4981000e+00  -1.6341776e+00
   7.9300000e+00  -1.8769700e+00  -1.7724000e+00  -1.7724000e+00  -1.8807689e+00
   7.9400000e+00  -1.9837700e+00  -1.9302500e+00  -1.9302500e+00  -2.0043820e+00
   7.9500000e+00  -2.0597900e+00  -2.0265000e+00  -2.0265000e+00  -2.0629443e+00
   7.9600000e+00  -2.1297100e+00  -2.1131400e+00  -2.1131400e+00  -2.1072631e+00
   7.9700000e+00  -2.1522300e+00  -2.1848000e+00  -2.1848000e+00  -2.1333066e+00
   7.9800000e+00  -2.0573400e+00  -2.1756700e+00  -2.1756700e+00  -2.0834085e+00
   7.9900000e+00  -1.8053800e+00  -2.0146800e+00  -2.0146800e+00  -1.8971746e+00
   8.0000000e+00  -1.4109700e+00  -1.6790800e+00  -1.6790800e+00  -1.5549917e+00
   8.0100000e+00  -9.2098700e-01  -1.2049300e+00  -1.2049300e+00  -1.0833287e+00
   8.0200000e+00  -3.8277900e-01  -6.6124100e-01  -6.6124100e-01  -5.3548922e-01
   8.0300000e+00   1.5967800e-01  -1.1398500e-01  -1.1398500e-01   2.8433027e-02
   8.0400000e+00   6.4539100e-01   3.8475300e-01   3.8475300e-01   5.4384325e-01
   8.0500000e+00   1.0006800e+00   7.8280900e-01   7.8280900e-01   9.4186246e-01
   8.0600000e+00   1.1827600e+00   1.0327300e+00   1.0327300e+00   1.1712844e+00
   8.0700000e+00   1.2178500e+00   1.1273000e+00   1.1273000e+00   1.2318164e+00
   8.0800000e+00   1.1835700e+00   1.1216500e+00   1.1216500e+00   1.1850504e+00
   8.0900000e+00   1.1348400e+00   1.0914700e+00   1.0914700e+00   1.1086921e+00
   8.1000000e+00   1.0520400e+00   1.0589400e+00   1.0589400e+00   1.0264901e+00
   8.1100000e+00   8.7162000e-01   9.7344500e-01   9.7344500e-01   8.9403850e-01
   8.1200000e+00   5.5430100e-01   7.6236200e-01   7.6236200e-01   6.4914470e-01
   8.1300000e+00   1.1677600e-01   3.9504800e-01   3.9504800e-01   2.6790109e-01
   8.1400000e+00  -3.9120100e-01  -9.6475600e-02  -9.6475600e-02  -2.2291314e-01
   8.1500000e+00  -9.2392700e-01  -6.4343100e-01  -6.4343100e-01  -7.6954588e-01
   8.1600000e+00  -1.4454100e+00  -1.1773100e+00  -1.1773100e+00  -1.3145169e+00
   8.1700000e+00  -1.9106400e+00  -1.6484600e+00  -1.6484600e+00  -1.8037773e+00
   8.1800000e+00  -2.2592200e+00  -2.0170000e+00  -2.0170000e+00  -2.1824948e+00
   8.1900000e+00  -2.4420600e+00  -2.2473300e+00  -2.2473300e+00  -2.4036027e+00
   8.2000000e+00  -2.4591000e+00  -2.3261900e+00  -2.3261900e+00  -2.4534547e+00
   8.2100000e+00  -2.3639200e+00  -2.2801100e+00  -2.2801100e+00  -2.3661311e+00
   8.2200000e+00  -2.2264200e+00  -2.1699100e+00  -2.1699100e+00  -2.2103915e+00
   8.2300000e+00  -2.0798500e+00  -2.0540600e+00  -2.0540600e+00  -2.0486257e+00
   8.2400000e+00  -1.9015800e+00  -1.9446100e+00  -1.9446100e+00  -1.8940507e+00
   8.2500000e+00  -1.6473700e+00  -1.7994200e+00  -1.7994200e+00  -1.7083020e+00
   8.2600000e+00  -1.2996000e+00  -1.5613700e+00  -1.5613700e+00  -1.4422092e+00
   8.2700000e+00  -8.8807400e-01  -1.2112600e+00  -1.2112600e+00  -1.0814058e+00
   8.2800000e+00  -4.6519100e-01  -7.8538400e-01  -7.8538400e-01  -6.5646172e-01
   8.2900000e+00  -6.1352700e-02  -3.4574200e-01  -3.4574200e-01  -2.1542357e-01
   8.3000000e+00   3.2011400e-01   6.0875800e-02   6.0875800e-02   2.0456605e-01
   8.3100000e+00   6.6798800e-01   4.1739800e-01   4.1739800e-01   5.7978553e-01
   8.3200000e+00   9.5094400e-01   7.2077800e-01   7.2077800e-01   8.8917409e-01
   8.3300000e+00   1.1508300e+00   9.6881700e-01   9.6881700e-01   1.1185889e+00
   8.3400000e+00   1.2995100e+00   1.1749100e+00   1.1749100e+00   1.2846991e+00
   8.3500000e+00   1.4660300e+00   1.3835600e+00   1.3835600e+00   1.4449117e+00
   8.3600000e+00   1.6936300e+00   1.6466600e+00   1.6466600e+00   1.6615649e+00
   8.3700000e+00   1.9517300e+00   1.9696000e+00   1.9696000e+00   1.9413532e+00
   8.3800000e+00   2.1587300e+00   2.2883200e+00   2.2883200e+00   2.2183956e+00
   8.3900000e+00   2.2558400e+00   2.5161400e+00   2.5161400e+00   2.4099510e+00
   8.4000000e+00   2.2513900e+00   2.6067800e+00   2.6067800e+00   2.4777025e+00
   8.4100000e+00   2.1914800e+00   2.5681000e+00   2.5681000e+00   2.4319581e+00
   8.4200000e+00   2.1028500e+00   2.4382100e+00   2.4382100e+00   2.3022084e+00
   8.4300000e+00   1.9725400e+00   2.2572500e+00   2.2572500e+00   2.1143040e+00
   8.4400000e+00   1.7745900e+00   2.0438100e+00   2.0438100e+00   1.8805999e+00
   8.4500000e+00   1.5093800e+00   1.7925400e+00   1.7925400e+00   1.6062386e+00
   8.4600000e+00   1.2101800e+00   1.4945600e+00   1.4945600e+00   1.3022308e+00
   8.4700000e+00   9.0600500e-01   1.1515000e+00   1.1515000e+00   9.8248575e-01
   8.4800000e+00   5.8474700e-01   7.6704500e-01   7.6704500e-01   6.4449465e-01
   8.4900000e+00   2.0696800e-01   3.3259300e-01   3.3259300e-01   2.6148497e-01
   8.5000000e+00  -2.3300500e-01  -1.6068700e-01  -1.6068700e-01  -1.8720315e-01
   8.5100000e+00  -6.6447100e-01  -6.7867600e-01  -6.7867600e-01  -6.6459846e-01
   8.5200000e+00  -9.8080900e-01  -1.1257300e+00  -1.1257300e+00  -1.0700110e+00
   8.5300000e+00  -1.1307900e+00  -1.4023200e+00  -1.4023200e+00  -1.3094080e+00
   8.5400000e+00  -1.1481300e+00  -1.4794300e+00  -1.4794300e+00  -1.3622676e+00
   8.5500000e+00  -1.0846600e+00  -1.3977300e+00  -1.3977300e+00  -1.2663884e+00
   8.5600000e+00  -9.4316100e-01  -1.2145400e+00  -1.2145400e+00  -1.0649487e+00
   8.5700000e+00  -7.0568500e-01  -9.7453300e-01  -9.7453300e-01  -7.9305445e-01
   8.5800000e+00  -3.9826100e-01  -7.0189300e-01  -7.0189300e-01  -4.8540655e-01
   8.5900000e+00  -7.5307900e-02  -3.9159900e-01  -3.9159900e-01  -1.6278185e-01
   8.6000000e+00   2.4318300e-01  -2.7017700e-02  -2.7017700e-02   1.7450611e-01
   8.6100000e+00   5.8846500e-01   3.9199100e-01   3.9199100e-01   5.3834871e-01
   8.6200000e+00   9.9908600e-01   8.5791700e-01   8.5791700e-01   9.5052990e-01
   8.6300000e+00   1.4578800e+00   1.3635500e+00   1.3635500e+00   1.4180181e+00
   8.6400000e+00   1.8839800e+00   1.8754100e+00   1.8754100e+00   1.8967545e+00
   8.6500000e+00   2.1942800e+00   2.3236000e+00   2.3236000e+00   2.3036017e+00
   8.6600000e+00   2.3563200e+00   2.6303200e+00   2.6303200e+00   2.5631886e+00
   8.6700000e+00   2.3940800e+00   2.7534800e+00   2.7534800e+00   2.6461254e+00
   8.6800000e+00   2.3561600e+00   2.7143100e+00   2.7143100e+00   2.5800892e+00
   8.6900000e+00   2.2623700e+00   2.5730000e+00   2.5730000e+00   2.4170031e+00
   8.7000000e+00   2.0879600e+00   2.3771600e+00   2.3771600e+00   2.1905980e+00
   8.7100000e+00   1.8113300e+00   2.1387700e+00   2.1387700e+00   1.9116185e+00
   8.7200000e+00   1.4538300e+00   1.8403200e+00   1.8403200e+00   1.5809087e+00
   8.7300000e+00   1.0585000e+00   1.4542100e+00   1.4542100e+00   1.1961907e+00
   8.7400000e+00   6.4018100e-01   9.6861200e-01   9.6861200e-01   7.5431204e-01
   8.7500000e+00   1.6853000e-01   3.9595800e-01   3.9595800e-01   2.4688653e-01
   8.7600000e+00  -3.8925000e-01  -2.4494800e-01  -2.4494800e-01  -3.3820242e-01
   8.7700000e+00  -1.0033600e+00  -9.3053900e-01  -9.3053900e-01  -9.8646287e-01
   8.7800000e+00  -1.5776500e+00  -1.6057200e+00  -1.6057200e+00  -1.6277095e+00
   8.7900000e+00  -2.0223200e+00  -2.1861600e+00  -2.1861600e+00  -2.1635445e+00
   8.8000000e+00  -2.3100600e+00  -2.5986100e+00  -2.5986100e+00  -2.5233643e+00
