   1.0000000e-02  -1.4692830e-03  -1.4692830e-03
   2.0000000e-02  -6.9313931e-03  -6.9313931e-03
   3.0000000e-02  -1.6756080e-02  -1.6756080e-02
   4.0000000e-02  -2.9597016e-02  -2.9597016e-02
   5.0000000e-02  -4.3881930e-02  -4.3881930e-02
   6.0000000e-02  -5.7352392e-02  -5.7352392e-02
   7.0000000e-02  -6.7222524e-02  -6.7222524e-02
   8.0000000e-02  -7.1382281e-02  -7.1382281e-02
   9.0000000e-02  -6.8997850e-02  -6.8997850e-02
   1.0000000e-01  -5.9783528e-02  -5.9783528e-02
   1.1000000e-01  -4.4346380e-02  -4.4346380e-02
   1.2000000e-01  -2.4729028e-02  -2.4729028e-02
   1.3000000e-01  -3.2094387e-03  -3.2094387e-03
   1.4000000e-01   1.8153870e-02   1.8153870e-02
   1.5000000e-01   3.7517477e-02   3.7517477e-02
   1.6000000e-01   5.4101830e-02   5.4101830e-02
   1.7000000e-01   6.8023893e-02   6.8023893e-02
   1.8000000e-01   7.9828782e-02   7.9828782e-02
   1.9000000e-01   8.9870347e-02   8.9870347e-02
   2.0000000e-01   9.7411800e-02   9.7411800e-02
   2.1000000e-01   1.0113742e-01   1.0113742e-01
   2.2000000e-01   9.9537394e-02   9.9537394e-02
   2.3000000e-01   9.0955433e-02   9.0955433e-02
   2.4000000e-01   7.4809419e-02   7.4809419e-02
   2.5000000e-01   5.2610279e-02   5.2610279e-02
   2.6000000e-01   2.7975128e-02   2.7975128e-02
   2.7000000e-01   5.1530119e-03   5.1530119e-03
   2.8000000e-01  -1.3286304e-02  -1.3286304e-02
   2.9000000e-01  -2.7004917e-02  -2.7004917e-02
   3.0000000e-01  -3.7026587e-02  -3.7026587e-02
   3.1000000e-01  -4.4854461e-02  -4.4854461e-02
   3.2000000e-01  -5.1355990e-02  -5.1355990e-02
   3.3000000e-01  -5.6037043e-02  -5.6037043e-02
   3.4000000e-01  -5.7267286e-02  -5.7267286e-02
   3.5000000e-01  -5.3066701e-02  -5.3066701e-02
   3.6000000e-01  -4.2629302e-02  -4.2629302e-02
   3.7000000e-01  -2.7808557e-02  -2.7808557e-02
   3.8000000e-01  -1.2557344e-02  -1.2557344e-02
   3.9000000e-01  -2.2353438e-04  -2.2353438e-04
   4.0000000e-01   8.5992717e-03   8.5992717e-03
   4.1000000e-01   1.5581479e-02   1.5581479e-02
   4.2000000e-01   2.2960801e-02   2.2960801e-02
   4.3000000e-01   3.2338209e-02   3.2338209e-02
   4.4000000e-01   4.3723046e-02   4.3723046e-02
   4.5000000e-01   5.4552037e-02   5.4552037e-02
   4.6000000e-01   6.0003104e-02   6.0003104e-02
   4.7000000e-01   5.6015733e-02   5.6015733e-02
   4.8000000e-01   4.2224010e-02   4.2224010e-02
   4.9000000e-01   2.1590386e-02   2.1590386e-02
   5.0000000e-01  -1.8711493e-03  -1.8711493e-03
   5.1000000e-01  -2.4782854e-02  -2.4782854e-02
   5.2000000e-01  -4.5055740e-02  -4.5055740e-02
   5.3000000e-01  -6.2392988e-02  -6.2392988e-02
   5.4000000e-01  -7.7964675e-02  -7.7964675e-02
   5.5000000e-01  -9.2355337e-02  -9.2355337e-02
   5.6000000e-01  -1.0392583e-01  -1.0392583e-01
   5.7000000e-01  -1.0957683e-01  -1.0957683e-01
   5.8000000e-01  -1.0671101e-01  -1.0671101e-01
   5.9000000e-01  -9.4673763e-02  -9.4673763e-02
   6.0000000e-01  -7.5360802e-02  -7.5360802e-02
   6.1000000e-01  -5.2498379e-02  -5.2498379e-02
   6.2000000e-01  -2.9646494e-02  -2.9646494e-02
   6.3000000e-01  -8.5493094e-03  -8.5493094e-03
   6.4000000e-01   1.1122149e-02   1.1122149e-02
   6.5000000e-01   3.0405030e-02   3.0405030e-02
   6.6000000e-01   4.9054361e-02   4.9054361e-02
   6.7000000e-01   6.5516013e-02   6.5516013e-02
   6.8000000e-01   7.8067427e-02   7.8067427e-02
   6.9000000e-01   8.4560552e-02   8.4560552e-02
   7.0000000e-01   8.3020135e-02   8.3020135e-02
   7.1000000e-01   7.3640079e-02   7.3640079e-02
   7.2000000e-01   5.8589231e-02   5.8589231e-02
   7.3000000e-01   4.0686961e-02   4.0686961e-02
   7.4000000e-01   2.2560354e-02   2.2560354e-02
   7.5000000e-01   5.4593661e-03   5.4593661e-03
   7.6000000e-01  -1.0317422e-02  -1.0317422e-02
   7.7000000e-01  -2.4174466e-02  -2.4174466e-02
   7.8000000e-01  -3.5405353e-02  -3.5405353e-02
   7.9000000e-01  -4.3143847e-02  -4.3143847e-02
   8.0000000e-01  -4.6379713e-02  -4.6379713e-02
   8.1000000e-01  -4.5087039e-02  -4.5087039e-02
   8.2000000e-01  -4.0926741e-02  -4.0926741e-02
   8.3000000e-01  -3.6433465e-02  -3.6433465e-02
   8.4000000e-01  -3.3330374e-02  -3.3330374e-02
   8.5000000e-01  -3.1444542e-02  -3.1444542e-02
   8.6000000e-01  -2.8895698e-02  -2.8895698e-02
   8.7000000e-01  -2.3634102e-02  -2.3634102e-02
   8.8000000e-01  -1.5315012e-02  -1.5315012e-02
   8.9000000e-01  -5.7760325e-03  -5.7760325e-03
   9.0000000e-01   1.8927563e-03   1.8927563e-03
   9.1000000e-01   4.9228994e-03   4.9228994e-03
   9.2000000e-01   2.2596689e-03   2.2596689e-03
   9.3000000e-01  -4.9437591e-03  -4.9437591e-03
   9.4000000e-01  -1.3687732e-02  -1.3687732e-02
   9.5000000e-01  -2.0509960e-02  -2.0509960e-02
   9.6000000e-01  -2.3400775e-02  -2.3400775e-02
   9.7000000e-01  -2.2754758e-02  -2.2754758e-02
   9.8000000e-01  -2.0552172e-02  -2.0552172e-02
   9.9000000e-01  -1.8155710e-02  -1.8155710e-02
   1.0000000e+00  -1.4569401e-02  -1.4569401e-02
   1.0100000e+00  -7.2827545e-03  -7.2827545e-03
   1.0200000e+00   5.6391055e-03   5.6391055e-03
   1.0300000e+00   2.4256891e-02   2.4256891e-02
   1.0400000e+00   4.5923465e-02   4.5923465e-02
   1.0500000e+00   6.6007776e-02   6.6007776e-02
   1.0600000e+00   8.0045362e-02   8.0045362e-02
   1.0700000e+00   8.5415295e-02   8.5415295e-02
   1.0800000e+00   8.2605165e-02   8.2605165e-02
   1.0900000e+00   7.4741210e-02   7.4741210e-02
   1.1000000e+00   6.4727660e-02   6.4727660e-02
   1.1100000e+00   5.2901596e-02   5.2901596e-02
   1.1200000e+00   3.6743159e-02   3.6743159e-02
   1.1300000e+00   1.3106971e-02   1.3106971e-02
   1.1400000e+00  -1.8485707e-02  -1.8485707e-02
   1.1500000e+00  -5.4392940e-02  -5.4392940e-02
   1.1600000e+00  -8.7110129e-02  -8.7110129e-02
   1.1700000e+00  -1.0863015e-01  -1.0863015e-01
   1.1800000e+00  -1.1531639e-01  -1.1531639e-01
   1.1900000e+00  -1.0860263e-01  -1.0860263e-01
   1.2000000e+00  -9.3466082e-02  -9.3466082e-02
   1.2100000e+00  -7.6401238e-02  -7.6401238e-02
   1.2200000e+00  -6.1022199e-02  -6.1022199e-02
   1.2300000e+00  -4.5129754e-02  -4.5129754e-02
   1.2400000e+00  -2.2423656e-02  -2.2423656e-02
   1.2500000e+00   1.2171490e-02   1.2171490e-02
   1.2600000e+00   5.7431550e-02   5.7431550e-02
   1.2700000e+00   1.0604745e-01   1.0604745e-01
   1.2800000e+00   1.4833798e-01   1.4833798e-01
   1.2900000e+00   1.7568516e-01   1.7568516e-01
   1.3000000e+00   1.8408938e-01   1.8408938e-01
   1.3100000e+00   1.7655990e-01   1.7655990e-01
   1.3200000e+00   1.6138873e-01   1.6138873e-01
   1.3300000e+00   1.4574348e-01   1.4574348e-01
   1.3400000e+00   1.2943757e-01   1.2943757e-01
   1.3500000e+00   1.0637495e-01   1.0637495e-01
   1.3600000e+00   7.1294167e-02   7.1294167e-02
   1.3700000e+00   2.3268402e-02   2.3268402e-02
   1.3800000e+00  -3.3583781e-02  -3.3583781e-02
   1.3900000e+00  -8.9864044e-02  -8.9864044e-02
   1.4000000e+00  -1.3437589e-01  -1.3437589e-01
   1.4100000e+00  -1.6026975e-01  -1.6026975e-01
   1.4200000e+00  -1.6849120e-01  -1.6849120e-01
   1.4300000e+00  -1.6651566e-01  -1.6651566e-01
   1.4400000e+00  -1.6308918e-01  -1.6308918e-01
   1.4500000e+00  -1.6141519e-01  -1.6141519e-01
   1.4600000e+00  -1.5637182e-01  -1.5637182e-01
   1.4700000e+00  -1.3873779e-01  -1.3873779e-01
   1.4800000e+00  -1.0185820e-01  -1.0185820e-01
   1.4900000e+00  -4.5762166e-02  -4.5762166e-02
   1.5000000e+00   2.2327356e-02   2.2327356e-02
   1.5100000e+00   9.0461419e-02   9.0461419e-02
   1.5200000e+00   1.4692112e-01   1.4692112e-01
   1.5300000e+00   1.8601214e-01   1.8601214e-01
   1.5400000e+00   2.0986845e-01   2.0986845e-01
   1.5500000e+00   2.2429441e-01   2.2429441e-01
   1.5600000e+00   2.3251332e-01   2.3251332e-01
   1.5700000e+00   2.3172287e-01   2.3172287e-01
   1.5800000e+00   2.1466236e-01   2.1466236e-01
   1.5900000e+00   1.7490551e-01   1.7490551e-01
   1.6000000e+00   1.1204224e-01   1.1204224e-01
   1.6100000e+00   3.3364771e-02   3.3364771e-02
   1.6200000e+00  -4.8217824e-02  -4.8217824e-02
   1.6300000e+00  -1.1943774e-01  -1.1943774e-01
   1.6400000e+00  -1.7278887e-01  -1.7278887e-01
   1.6500000e+00  -2.0902509e-01  -2.0902509e-01
   1.6600000e+00  -2.3455097e-01  -2.3455097e-01
   1.6700000e+00  -2.5496942e-01  -2.5496942e-01
   1.6800000e+00  -2.6901255e-01  -2.6901255e-01
   1.6900000e+00  -2.6911604e-01  -2.6911604e-01
   1.7000000e+00  -2.4720125e-01  -2.4720125e-01
   1.7100000e+00  -1.9947042e-01  -1.9947042e-01
   1.7200000e+00  -1.2924678e-01  -1.2924678e-01
   1.7300000e+00  -4.7318483e-02  -4.7318483e-02
   1.7400000e+00   3.2170489e-02   3.2170489e-02
   1.7500000e+00   9.8339962e-02   9.8339962e-02
   1.7600000e+00   1.4848956e-01   1.4848956e-01
   1.7700000e+00   1.8749202e-01   1.8749202e-01
   1.7800000e+00   2.2157820e-01   2.2157820e-01
   1.7900000e+00   2.5269592e-01   2.5269592e-01
   1.8000000e+00   2.7719836e-01   2.7719836e-01
   1.8100000e+00   2.8673457e-01   2.8673457e-01
   1.8200000e+00   2.7237147e-01   2.7237147e-01
   1.8300000e+00   2.3101694e-01   2.3101694e-01
   1.8400000e+00   1.6761121e-01   1.6761121e-01
   1.8500000e+00   9.2878894e-02   9.2878894e-02
   1.8600000e+00   1.8750203e-02   1.8750203e-02
   1.8700000e+00  -4.7634868e-02  -4.7634868e-02
   1.8800000e+00  -1.0599421e-01  -1.0599421e-01
   1.8900000e+00  -1.5923253e-01  -1.5923253e-01
   1.9000000e+00  -2.0805256e-01  -2.0805256e-01
   1.9100000e+00  -2.4768149e-01  -2.4768149e-01
   1.9200000e+00  -2.6901206e-01  -2.6901206e-01
   1.9300000e+00  -2.6404866e-01  -2.6404866e-01
   1.9400000e+00  -2.3160856e-01  -2.3160856e-01
   1.9500000e+00  -1.7797131e-01  -1.7797131e-01
   1.9600000e+00  -1.1360955e-01  -1.1360955e-01
   1.9700000e+00  -4.9298651e-02  -4.9298651e-02
   1.9800000e+00   8.6465084e-03   8.6465084e-03
   1.9900000e+00   6.1171709e-02   6.1171709e-02
   2.0000000e+00   1.1373831e-01   1.1373831e-01
   2.0100000e+00   1.6991681e-01   1.6991681e-01
   2.0200000e+00   2.2636126e-01   2.2636126e-01
   2.0300000e+00   2.7319232e-01   2.7319232e-01
   2.0400000e+00   2.9913831e-01   2.9913831e-01
   2.0500000e+00   2.9731888e-01   2.9731888e-01
   2.0600000e+00   2.6861663e-01   2.6861663e-01
   2.0700000e+00   2.2062484e-01   2.2062484e-01
   2.0800000e+00   1.6272974e-01   1.6272974e-01
   2.0900000e+00   1.0196995e-01   1.0196995e-01
   2.1000000e+00   4.0759769e-02   4.0759769e-02
   2.1100000e+00  -2.3403017e-02  -2.3403017e-02
   2.1200000e+00  -9.2962291e-02  -9.2962291e-02
   2.1300000e+00  -1.6403166e-01  -1.6403166e-01
   2.1400000e+00  -2.2564385e-01  -2.2564385e-01
   2.1500000e+00  -2.6501799e-01  -2.6501799e-01
   2.1600000e+00  -2.7467733e-01  -2.7467733e-01
   2.1700000e+00  -2.5527514e-01  -2.5527514e-01
   2.1800000e+00  -2.1396203e-01  -2.1396203e-01
   2.1900000e+00  -1.6197558e-01  -1.6197558e-01
   2.2000000e+00  -1.1007825e-01  -1.1007825e-01
   2.2100000e+00  -6.1757932e-02  -6.1757932e-02
   2.2200000e+00  -1.1470503e-02  -1.1470503e-02
   2.2300000e+00   4.7892468e-02   4.7892468e-02
   2.2400000e+00   1.1604328e-01   1.1604328e-01
   2.2500000e+00   1.8381500e-01   1.8381500e-01
   2.2600000e+00   2.3792520e-01   2.3792520e-01
   2.2700000e+00   2.6753383e-01   2.6753383e-01
   2.2800000e+00   2.6974725e-01   2.6974725e-01
   2.2900000e+00   2.5035695e-01   2.5035695e-01
   2.3000000e+00   2.2028829e-01   2.2028829e-01
   2.3100000e+00   1.9019702e-01   1.9019702e-01
   2.3200000e+00   1.6415519e-01   1.6415519e-01
   2.3300000e+00   1.3633412e-01   1.3633412e-01
   2.3400000e+00   9.5027703e-02   9.5027703e-02
   2.3500000e+00   3.2887326e-02   3.2887326e-02
   2.3600000e+00  -4.5705278e-02  -4.5705278e-02
   2.3700000e+00  -1.2690482e-01  -1.2690482e-01
   2.3800000e+00  -1.9487411e-01  -1.9487411e-01
   2.3900000e+00  -2.3814504e-01  -2.3814504e-01
   2.4000000e+00  -2.5319491e-01  -2.5319491e-01
   2.4100000e+00  -2.4534523e-01  -2.4534523e-01
   2.4200000e+00  -2.2533055e-01  -2.2533055e-01
   2.4300000e+00  -2.0096747e-01  -2.0096747e-01
   2.4400000e+00  -1.7054689e-01  -1.7054689e-01
   2.4500000e+00  -1.2526017e-01  -1.2526017e-01
   2.4600000e+00  -5.7927327e-02  -5.7927327e-02
   2.4700000e+00   3.0156591e-02   3.0156591e-02
   2.4800000e+00   1.2813671e-01   1.2813671e-01
   2.4900000e+00   2.1921761e-01   2.1921761e-01
   2.5000000e+00   2.8697907e-01   2.8697907e-01
   2.5100000e+00   3.2303207e-01   3.2303207e-01
   2.5200000e+00   3.3089891e-01   3.3089891e-01
   2.5300000e+00   3.2157039e-01   3.2157039e-01
   2.5400000e+00   3.0546065e-01   3.0546065e-01
   2.5500000e+00   2.8636917e-01   2.8636917e-01
   2.5600000e+00   2.5946101e-01   2.5946101e-01
   2.5700000e+00   2.1550790e-01   2.1550790e-01
   2.5800000e+00   1.4924129e-01   1.4924129e-01
   2.5900000e+00   6.5437945e-02   6.5437945e-02
   2.6000000e+00  -2.1717291e-02  -2.1717291e-02
   2.6100000e+00  -9.6424250e-02  -9.6424250e-02
   2.6200000e+00  -1.4997683e-01  -1.4997683e-01
   2.6300000e+00  -1.8321209e-01  -1.8321209e-01
   2.6400000e+00  -2.0425232e-01  -2.0425232e-01
   2.6500000e+00  -2.2341488e-01  -2.2341488e-01
   2.6600000e+00  -2.4549693e-01  -2.4549693e-01
   2.6700000e+00  -2.6391638e-01  -2.6391638e-01
   2.6800000e+00  -2.6187297e-01  -2.6187297e-01
   2.6900000e+00  -2.2420527e-01  -2.2420527e-01
   2.7000000e+00  -1.5023926e-01  -1.5023926e-01
   2.7100000e+00  -5.4368731e-02  -5.4368731e-02
   2.7200000e+00   4.1040792e-02   4.1040792e-02
   2.7300000e+00   1.1462967e-01   1.1462967e-01
   2.7400000e+00   1.5500315e-01   1.5500315e-01
   2.7500000e+00   1.6457601e-01   1.6457601e-01
   2.7600000e+00   1.5631815e-01   1.5631815e-01
   2.7700000e+00   1.4583271e-01   1.4583271e-01
   2.7800000e+00   1.4280078e-01   1.4280078e-01
   2.7900000e+00   1.4497275e-01   1.4497275e-01
   2.8000000e+00   1.4095113e-01   1.4095113e-01
   2.8100000e+00   1.2083557e-01   1.2083557e-01
   2.8200000e+00   8.3674433e-02   8.3674433e-02
   2.8300000e+00   3.6814072e-02   3.6814072e-02
   2.8400000e+00  -1.0560286e-02  -1.0560286e-02
   2.8500000e+00  -5.2193784e-02  -5.2193784e-02
   2.8600000e+00  -8.6209053e-02  -8.6209053e-02
   2.8700000e+00  -1.1687643e-01  -1.1687643e-01
   2.8800000e+00  -1.5121857e-01  -1.5121857e-01
   2.8900000e+00  -1.9047271e-01  -1.9047271e-01
   2.9000000e+00  -2.2617222e-01  -2.2617222e-01
   2.9100000e+00  -2.4414166e-01  -2.4414166e-01
   2.9200000e+00  -2.3281884e-01  -2.3281884e-01
   2.9300000e+00  -1.9012653e-01  -1.9012653e-01
   2.9400000e+00  -1.2405655e-01  -1.2405655e-01
   2.9500000e+00  -4.8417092e-02  -4.8417092e-02
   2.9600000e+00   2.3297542e-02   2.3297542e-02
   2.9700000e+00   8.4134700e-02   8.4134700e-02
   2.9800000e+00   1.3503257e-01   1.3503257e-01
   2.9900000e+00   1.8064239e-01   1.8064239e-01
   3.0000000e+00   2.2369031e-01   2.2369031e-01
   3.0100000e+00   2.6022602e-01   2.6022602e-01
   3.0200000e+00   2.7975051e-01   2.7975051e-01
   3.0300000e+00   2.7158477e-01   2.7158477e-01
   3.0400000e+00   2.3158702e-01   2.3158702e-01
   3.0500000e+00   1.6424914e-01   1.6424914e-01
   3.0600000e+00   8.0461662e-02   8.0461662e-02
   3.0700000e+00  -6.6117186e-03  -6.6117186e-03
   3.0800000e+00  -8.6367697e-02  -8.6367697e-02
   3.0900000e+00  -1.5470338e-01  -1.5470338e-01
   3.1000000e+00  -2.1288392e-01  -2.1288392e-01
   3.1100000e+00  -2.6300355e-01  -2.6300355e-01
   3.1200000e+00  -3.0475900e-01  -3.0475900e-01
   3.1300000e+00  -3.3295008e-01  -3.3295008e-01
   3.1400000e+00  -3.3875037e-01  -3.3875037e-01
   3.1500000e+00  -3.1631421e-01  -3.1631421e-01
   3.1600000e+00  -2.6679162e-01  -2.6679162e-01
   3.1700000e+00  -1.9642658e-01  -1.9642658e-01
   3.1800000e+00  -1.1312933e-01  -1.1312933e-01
   3.1900000e+00  -2.4114015e-02  -2.4114015e-02
   3.2000000e+00   6.5735899e-02   6.5735899e-02
   3.2100000e+00   1.5450606e-01   1.5450606e-01
   3.2200000e+00   2.4160051e-01   2.4160051e-01
   3.2300000e+00   3.2385227e-01   3.2385227e-01
   3.2400000e+00   3.9289355e-01   3.9289355e-01
   3.2500000e+00   4.3798687e-01   4.3798687e-01
   3.2600000e+00   4.5195077e-01   4.5195077e-01
   3.2700000e+00   4.3347896e-01   4.3347896e-01
   3.2800000e+00   3.8512274e-01   3.8512274e-01
   3.2900000e+00   3.1062525e-01   3.1062525e-01
   3.3000000e+00   2.1315182e-01   2.1315182e-01
   3.3100000e+00   9.6782397e-02   9.6782397e-02
   3.3200000e+00  -3.1254986e-02  -3.1254986e-02
   3.3300000e+00  -1.6153876e-01  -1.6153876e-01
   3.3400000e+00  -2.8201191e-01  -2.8201191e-01
   3.3500000e+00  -3.7932267e-01  -3.7932267e-01
   3.3600000e+00  -4.4437813e-01  -4.4437813e-01
   3.3700000e+00  -4.7382058e-01  -4.7382058e-01
   3.3800000e+00  -4.6974396e-01  -4.6974396e-01
   3.3900000e+00  -4.4020833e-01  -4.4020833e-01
   3.4000000e+00  -3.9503895e-01  -3.9503895e-01
   3.4100000e+00  -3.3947721e-01  -3.3947721e-01
   3.4200000e+00  -2.7243635e-01  -2.7243635e-01
   3.4300000e+00  -1.9000766e-01  -1.9000766e-01
   3.4400000e+00  -9.0353108e-02  -9.0353108e-02
   3.4500000e+00   2.2789461e-02   2.2789461e-02
   3.4600000e+00   1.3960615e-01   1.3960615e-01
   3.4700000e+00   2.4757307e-01   2.4757307e-01
   3.4800000e+00   3.3645463e-01   3.3645463e-01
   3.4900000e+00   4.0044691e-01   4.0044691e-01
   3.5000000e+00   4.3781141e-01   4.3781141e-01
   3.5100000e+00   4.5097987e-01   4.5097987e-01
   3.5200000e+00   4.4330350e-01   4.4330350e-01
   3.5300000e+00   4.1214094e-01   4.1214094e-01
   3.5400000e+00   3.4821707e-01   3.4821707e-01
   3.5500000e+00   2.4553077e-01   2.4553077e-01
   3.5600000e+00   1.0970815e-01   1.0970815e-01
   3.5700000e+00  -4.4022178e-02  -4.4022178e-02
   3.5800000e+00  -1.9620143e-01  -1.9620143e-01
   3.5900000e+00  -3.2736539e-01  -3.2736539e-01
   3.6000000e+00  -4.2217786e-01  -4.2217786e-01
   3.6100000e+00  -4.7450899e-01  -4.7450899e-01
   3.6200000e+00  -4.8981366e-01  -4.8981366e-01
   3.6300000e+00  -4.7873453e-01  -4.7873453e-01
   3.6400000e+00  -4.4821258e-01  -4.4821258e-01
   3.6500000e+00  -3.9780262e-01  -3.9780262e-01
   3.6600000e+00  -3.2261097e-01  -3.2261097e-01
   3.6700000e+00  -2.2205347e-01  -2.2205347e-01
   3.6800000e+00  -1.0482454e-01  -1.0482454e-01
   3.6900000e+00   1.6128384e-02   1.6128384e-02
   3.7000000e+00   1.2949814e-01   1.2949814e-01
   3.7100000e+00   2.2661098e-01   2.2661098e-01
   3.7200000e+00   3.0331171e-01   3.0331171e-01
   3.7300000e+00   3.6199819e-01   3.6199819e-01
   3.7400000e+00   4.0858670e-01   4.0858670e-01
   3.7500000e+00   4.4489620e-01   4.4489620e-01
   3.7600000e+00   4.6241759e-01   4.6241759e-01
   3.7700000e+00   4.4635039e-01   4.4635039e-01
   3.7800000e+00   3.8638696e-01   3.8638696e-01
   3.7900000e+00   2.8325115e-01   2.8325115e-01
   3.8000000e+00   1.4890750e-01   1.4890750e-01
   3.8100000e+00   2.9613473e-03   2.9613473e-03
   3.8200000e+00  -1.3282106e-01  -1.3282106e-01
   3.8300000e+00  -2.4208687e-01  -2.4208687e-01
   3.8400000e+00  -3.2023565e-01  -3.2023565e-01
   3.8500000e+00  -3.7269690e-01  -3.7269690e-01
   3.8600000e+00  -4.0660575e-01  -4.0660575e-01
   3.8700000e+00  -4.2394591e-01  -4.2394591e-01
   3.8800000e+00  -4.1964210e-01  -4.1964210e-01
   3.8900000e+00  -3.8457594e-01  -3.8457594e-01
   3.9000000e+00  -3.1352095e-01  -3.1352095e-01
   3.9100000e+00  -2.1104883e-01  -2.1104883e-01
   3.9200000e+00  -9.0039763e-02  -9.0039763e-02
   3.9300000e+00   3.4273863e-02   3.4273863e-02
   3.9400000e+00   1.5127014e-01   1.5127014e-01
   3.9500000e+00   2.5698328e-01   2.5698328e-01
   3.9600000e+00   3.5154379e-01   3.5154379e-01
   3.9700000e+00   4.3711147e-01   4.3711147e-01
   3.9800000e+00   5.1317510e-01   5.1317510e-01
   3.9900000e+00   5.7090679e-01   5.7090679e-01
   4.0000000e+00   5.9487857e-01   5.9487857e-01
   4.0100000e+00   5.7215710e-01   5.7215710e-01
   4.0200000e+00   5.0084662e-01   5.0084662e-01
   4.0300000e+00   3.9171245e-01   3.9171245e-01
   4.0400000e+00   2.6319154e-01   2.6319154e-01
   4.0500000e+00   1.3272209e-01   1.3272209e-01
   4.0600000e+00   9.0141865e-03   9.0141865e-03
   4.0700000e+00  -1.0906094e-01  -1.0906094e-01
   4.0800000e+00  -2.2708002e-01  -2.2708002e-01
   4.0900000e+00  -3.4696860e-01  -3.4696860e-01
   4.1000000e+00  -4.6099250e-01  -4.6099250e-01
   4.1100000e+00  -5.5248348e-01  -5.5248348e-01
   4.1200000e+00  -6.0250802e-01  -6.0250802e-01
   4.1300000e+00  -5.9855667e-01  -5.9855667e-01
   4.1400000e+00  -5.4123233e-01  -5.4123233e-01
   4.1500000e+00  -4.4466682e-01  -4.4466682e-01
   4.1600000e+00  -3.2900003e-01  -3.2900003e-01
   4.1700000e+00  -2.0892592e-01  -2.0892592e-01
   4.1800000e+00  -8.6555018e-02  -8.6555018e-02
   4.1900000e+00   4.5918910e-02   4.5918910e-02
   4.2000000e+00   1.9588037e-01   1.9588037e-01
   4.2100000e+00   3.6106809e-01   3.6106809e-01
   4.2200000e+00   5.2810637e-01   5.2810637e-01
   4.2300000e+00   6.7600329e-01   6.7600329e-01
   4.2400000e+00   7.8293238e-01   7.8293238e-01
   4.2500000e+00   8.3461976e-01   8.3461976e-01
   4.2600000e+00   8.2847327e-01   8.2847327e-01
   4.2700000e+00   7.7351375e-01   7.7351375e-01
   4.2800000e+00   6.8444847e-01   6.8444847e-01
   4.2900000e+00   5.7014270e-01   5.7014270e-01
   4.3000000e+00   4.2850473e-01   4.2850473e-01
   4.3100000e+00   2.5340822e-01   2.5340822e-01
   4.3200000e+00   4.4450127e-02   4.4450127e-02
   4.3300000e+00  -1.8931845e-01  -1.8931845e-01
   4.3400000e+00  -4.3114433e-01  -4.3114433e-01
   4.3500000e+00  -6.5974869e-01  -6.5974869e-01
   4.3600000e+00  -8.5362223e-01  -8.5362223e-01
   4.3700000e+00  -9.9831742e-01  -9.9831742e-01
   4.3800000e+00  -1.0928423e+00  -1.0928423e+00
   4.3900000e+00  -1.1489532e+00  -1.1489532e+00
   4.4000000e+00  -1.1832537e+00  -1.1832537e+00
   4.4100000e+00  -1.2056268e+00  -1.2056268e+00
   4.4200000e+00  -1.2128875e+00  -1.2128875e+00
   4.4300000e+00  -1.1932259e+00  -1.1932259e+00
   4.4400000e+00  -1.1353662e+00  -1.1353662e+00
   4.4500000e+00  -1.0370873e+00  -1.0370873e+00
   4.4600000e+00  -9.0674717e-01  -9.0674717e-01
   4.4700000e+00  -7.5673038e-01  -7.5673038e-01
   4.4800000e+00  -6.0024384e-01  -6.0024384e-01
   4.4900000e+00  -4.5356322e-01  -4.5356322e-01
   4.5000000e+00  -3.3417668e-01  -3.3417668e-01
   4.5100000e+00  -2.5160825e-01  -2.5160825e-01
   4.5200000e+00  -1.9994289e-01  -1.9994289e-01
   4.5300000e+00  -1.6435146e-01  -1.6435146e-01
   4.5400000e+00  -1.3681690e-01  -1.3681690e-01
   4.5500000e+00  -1.2316298e-01  -1.2316298e-01
   4.5600000e+00  -1.3717452e-01  -1.3717452e-01
   4.5700000e+00  -1.9067738e-01  -1.9067738e-01
   4.5800000e+00  -2.8734854e-01  -2.8734854e-01
   4.5900000e+00  -4.2168777e-01  -4.2168777e-01
   4.6000000e+00  -5.7956265e-01  -5.7956265e-01
   4.6100000e+00  -7.3970132e-01  -7.3970132e-01
   4.6200000e+00  -8.8024210e-01  -8.8024210e-01
   4.6300000e+00  -9.8910208e-01  -9.8910208e-01
   4.6400000e+00  -1.0683457e+00  -1.0683457e+00
   4.6500000e+00  -1.1274945e+00  -1.1274945e+00
   4.6600000e+00  -1.1710064e+00  -1.1710064e+00
   4.6700000e+00  -1.1905777e+00  -1.1905777e+00
   4.6800000e+00  -1.1692138e+00  -1.1692138e+00
   4.6900000e+00  -1.0923591e+00  -1.0923591e+00
   4.7000000e+00  -9.5532918e-01  -9.5532918e-01
   4.7100000e+00  -7.6187486e-01  -7.6187486e-01
   4.7200000e+00  -5.1912041e-01  -5.1912041e-01
   4.7300000e+00  -2.3629999e-01  -2.3629999e-01
   4.7400000e+00   7.2952570e-02   7.2952570e-02
   4.7500000e+00   3.9105941e-01   3.9105941e-01
   4.7600000e+00   7.0413739e-01   7.0413739e-01
   4.7700000e+00   1.0109138e+00   1.0109138e+00
   4.7800000e+00   1.3197973e+00   1.3197973e+00
   4.7900000e+00   1.6331611e+00   1.6331611e+00
   4.8000000e+00   1.9369645e+00   1.9369645e+00
   4.8100000e+00   2.2077321e+00   2.2077321e+00
   4.8200000e+00   2.4263716e+00   2.4263716e+00
   4.8300000e+00   2.5848475e+00   2.5848475e+00
   4.8400000e+00   2.6844525e+00   2.6844525e+00
   4.8500000e+00   2.7296089e+00   2.7296089e+00
   4.8600000e+00   2.7222451e+00   2.7222451e+00
   4.8700000e+00   2.6616530e+00   2.6616530e+00
   4.8800000e+00   2.5472220e+00   2.5472220e+00
   4.8900000e+00   2.3804409e+00   2.3804409e+00
   4.9000000e+00   2.1640251e+00   2.1640251e+00
   4.9100000e+00   1.9001190e+00   1.9001190e+00
   4.9200000e+00   1.5923285e+00   1.5923285e+00
   4.9300000e+00   1.2505066e+00   1.2505066e+00
   4.9400000e+00   8.9600366e-01   8.9600366e-01
   4.9500000e+00   5.6134106e-01   5.6134106e-01
   4.9600000e+00   2.7953539e-01   2.7953539e-01
   4.9700000e+00   6.8508127e-02   6.8508127e-02
   4.9800000e+00  -7.4211739e-02  -7.4211739e-02
   4.9900000e+00  -1.5953574e-01  -1.5953574e-01
   5.0000000e+00  -1.9636541e-01  -1.9636541e-01
   5.0100000e+00  -1.9263938e-01  -1.9263938e-01
   5.0200000e+00  -1.5511339e-01  -1.5511339e-01
   5.0300000e+00  -8.3900183e-02  -8.3900183e-02
   5.0400000e+00   2.7794731e-02   2.7794731e-02
   5.0500000e+00   1.8434630e-01   1.8434630e-01
   5.0600000e+00   3.7677348e-01   3.7677348e-01
   5.0700000e+00   5.7884014e-01   5.7884014e-01
   5.0800000e+00   7.5936833e-01   7.5936833e-01
   5.0900000e+00   9.0090262e-01   9.0090262e-01
   5.1000000e+00   1.0011146e+00   1.0011146e+00
   5.1100000e+00   1.0578471e+00   1.0578471e+00
   5.1200000e+00   1.0590068e+00   1.0590068e+00
   5.1300000e+00   9.8990468e-01   9.8990468e-01
   5.1400000e+00   8.4040882e-01   8.4040882e-01
   5.1500000e+00   6.0007193e-01   6.0007193e-01
   5.1600000e+00   2.5560012e-01   2.5560012e-01
   5.1700000e+00  -2.0013509e-01  -2.0013509e-01
   5.1800000e+00  -7.5521411e-01  -7.5521411e-01
   5.1900000e+00  -1.3736192e+00  -1.3736192e+00
   5.2000000e+00  -2.0033374e+00  -2.0033374e+00
   5.2100000e+00  -2.5942854e+00  -2.5942854e+00
   5.2200000e+00  -3.1111800e+00  -3.1111800e+00
   5.2300000e+00  -3.5342020e+00  -3.5342020e+00
   5.2400000e+00  -3.8530570e+00  -3.8530570e+00
   5.2500000e+00  -4.0623864e+00  -4.0623864e+00
   5.2600000e+00  -4.1595620e+00  -4.1595620e+00
   5.2700000e+00  -4.1411106e+00  -4.1411106e+00
   5.2800000e+00  -4.0018481e+00  -4.0018481e+00
   5.2900000e+00  -3.7377782e+00  -3.7377782e+00
   5.3000000e+00  -3.3490188e+00  -3.3490188e+00
   5.3100000e+00  -2.8427519e+00  -2.8427519e+00
   5.3200000e+00  -2.2361737e+00  -2.2361737e+00
   5.3300000e+00  -1.5574933e+00  -1.5574933e+00
   5.3400000e+00  -8.4394785e-01  -8.4394785e-01
   5.3500000e+00  -1.3748201e-01  -1.3748201e-01
   5.3600000e+00   5.2382345e-01   5.2382345e-01
   5.3700000e+00   1.1134060e+00   1.1134060e+00
   5.3800000e+00   1.6155456e+00   1.6155456e+00
   5.3900000e+00   2.0219824e+00   2.0219824e+00
   5.4000000e+00   2.3280347e+00   2.3280347e+00
   5.4100000e+00   2.5263212e+00   2.5263212e+00
   5.4200000e+00   2.6042738e+00   2.6042738e+00
   5.4300000e+00   2.5502718e+00   2.5502718e+00
   5.4400000e+00   2.3624606e+00   2.3624606e+00
   5.4500000e+00   2.0528562e+00   2.0528562e+00
   5.4600000e+00   1.6450478e+00   1.6450478e+00
   5.4700000e+00   1.1678441e+00   1.1678441e+00
   5.4800000e+00   6.5018829e-01   6.5018829e-01
   5.4900000e+00   1.2172723e-01   1.2172723e-01
   5.5000000e+00  -3.8243537e-01  -3.8243537e-01
   5.5100000e+00  -8.2529994e-01  -8.2529994e-01
   5.5200000e+00  -1.1808519e+00  -1.1808519e+00
   5.5300000e+00  -1.4392319e+00  -1.4392319e+00
   5.5400000e+00  -1.6003354e+00  -1.6003354e+00
   5.5500000e+00  -1.6642398e+00  -1.6642398e+00
   5.5600000e+00  -1.6262299e+00  -1.6262299e+00
   5.5700000e+00  -1.4799461e+00  -1.4799461e+00
   5.5800000e+00  -1.2265071e+00  -1.2265071e+00
   5.5900000e+00  -8.8152723e-01  -8.8152723e-01
   5.6000000e+00  -4.6901034e-01  -4.6901034e-01
   5.6100000e+00  -8.9502296e-03  -8.9502296e-03
   5.6200000e+00   4.8103077e-01   4.8103077e-01
   5.6300000e+00   9.7444392e-01   9.7444392e-01
   5.6400000e+00   1.4355399e+00   1.4355399e+00
   5.6500000e+00   1.8300336e+00   1.8300336e+00
   5.6600000e+00   2.1385500e+00   2.1385500e+00
   5.6700000e+00   2.3602217e+00   2.3602217e+00
   5.6800000e+00   2.4996543e+00   2.4996543e+00
   5.6900000e+00   2.5535670e+00   2.5535670e+00
   5.7000000e+00   2.5078406e+00   2.5078406e+00
   5.7100000e+00   2.3459574e+00   2.3459574e+00
   5.7200000e+00   2.0640181e+00   2.0640181e+00
   5.7300000e+00   1.6768959e+00   1.6768959e+00
   5.7400000e+00   1.2120472e+00   1.2120472e+00
   5.7500000e+00   7.0016681e-01   7.0016681e-01
   5.7600000e+00   1.7181984e-01   1.7181984e-01
   5.7700000e+00  -3.3775469e-01  -3.3775469e-01
   5.7800000e+00  -7.8872506e-01  -7.8872506e-01
   5.7900000e+00  -1.1490360e+00  -1.1490360e+00
   5.8000000e+00  -1.4071990e+00  -1.4071990e+00
   5.8100000e+00  -1.5743274e+00  -1.5743274e+00
   5.8200000e+00  -1.6705861e+00  -1.6705861e+00
   5.8300000e+00  -1.7018239e+00  -1.7018239e+00
   5.8400000e+00  -1.6511607e+00  -1.6511607e+00
   5.8500000e+00  -1.4974674e+00  -1.4974674e+00
   5.8600000e+00  -1.2360535e+00  -1.2360535e+00
   5.8700000e+00  -8.8221207e-01  -8.8221207e-01
   5.8800000e+00  -4.6238645e-01  -4.6238645e-01
   5.8900000e+00  -2.6662334e-03  -2.6662334e-03
   5.9000000e+00   4.7088863e-01   4.7088863e-01
   5.9100000e+00   9.2224200e-01   9.2224200e-01
   5.9200000e+00   1.3101907e+00   1.3101907e+00
   5.9300000e+00   1.6078732e+00   1.6078732e+00
   5.9400000e+00   1.8127977e+00   1.8127977e+00
   5.9500000e+00   1.9408999e+00   1.9408999e+00
   5.9600000e+00   2.0103307e+00   2.0103307e+00
   5.9700000e+00   2.0250089e+00   2.0250089e+00
   5.9800000e+00   1.9748487e+00   1.9748487e+00
   5.9900000e+00   1.8464772e+00   1.8464772e+00
   6.0000000e+00   1.6295066e+00   1.6295066e+00
   6.0100000e+00   1.3223382e+00   1.3223382e+00
   6.0200000e+00   9.3226780e-01   9.3226780e-01
   6.0300000e+00   4.6810096e-01   4.6810096e-01
   6.0400000e+00  -5.7989980e-02  -5.7989980e-02
   6.0500000e+00  -6.1331724e-01  -6.1331724e-01
   6.0600000e+00  -1.1413915e+00  -1.1413915e+00
   6.0700000e+00  -1.5913360e+00  -1.5913360e+00
   6.0800000e+00  -1.9396698e+00  -1.9396698e+00
   6.0900000e+00  -2.1830996e+00  -2.1830996e+00
   6.1000000e+00  -2.3258966e+00  -2.3258966e+00
   6.1100000e+00  -2.3729074e+00  -2.3729074e+00
   6.1200000e+00  -2.3266411e+00  -2.3266411e+00
   6.1300000e+00  -2.1856053e+00  -2.1856053e+00
   6.1400000e+00  -1.9467351e+00  -1.9467351e+00
   6.1500000e+00  -1.6142635e+00  -1.6142635e+00
   6.1600000e+00  -1.2024612e+00  -1.2024612e+00
   6.1700000e+00  -7.2744333e-01  -7.2744333e-01
   6.1800000e+00  -2.0440255e-01  -2.0440255e-01
   6.1900000e+00   3.4138528e-01   3.4138528e-01
   6.2000000e+00   8.6787601e-01   8.6787601e-01
   6.2100000e+00   1.3283986e+00   1.3283986e+00
   6.2200000e+00   1.6899414e+00   1.6899414e+00
   6.2300000e+00   1.9409640e+00   1.9409640e+00
   6.2400000e+00   2.0860042e+00   2.0860042e+00
   6.2500000e+00   2.1324961e+00   2.1324961e+00
   6.2600000e+00   2.0795598e+00   2.0795598e+00
   6.2700000e+00   1.9185426e+00   1.9185426e+00
   6.2800000e+00   1.6445994e+00   1.6445994e+00
   6.2900000e+00   1.2663621e+00   1.2663621e+00
   6.3000000e+00   8.0343361e-01   8.0343361e-01
   6.3100000e+00   2.7643405e-01   2.7643405e-01
   6.3200000e+00  -2.9496232e-01  -2.9496232e-01
   6.3300000e+00  -8.8132795e-01  -8.8132795e-01
   6.3400000e+00  -1.4384523e+00  -1.4384523e+00
   6.3500000e+00  -1.9185264e+00  -1.9185264e+00
   6.3600000e+00  -2.2870814e+00  -2.2870814e+00
   6.3700000e+00  -2.5327853e+00  -2.5327853e+00
   6.3800000e+00  -2.6608065e+00  -2.6608065e+00
   6.3900000e+00  -2.6742812e+00  -2.6742812e+00
   6.4000000e+00  -2.5615854e+00  -2.5615854e+00
   6.4100000e+00  -2.3065148e+00  -2.3065148e+00
   6.4200000e+00  -1.9113519e+00  -1.9113519e+00
   6.4300000e+00  -1.4043525e+00  -1.4043525e+00
   6.4400000e+00  -8.3130065e-01  -8.3130065e-01
   6.4500000e+00  -2.4200814e-01  -2.4200814e-01
   6.4600000e+00   3.2097763e-01   3.2097763e-01
   6.4700000e+00   8.2457825e-01   8.2457825e-01
   6.4800000e+00   1.2424410e+00   1.2424410e+00
   6.4900000e+00   1.5528420e+00   1.5528420e+00
   6.5000000e+00   1.7453606e+00   1.7453606e+00
   6.5100000e+00   1.8306850e+00   1.8306850e+00
   6.5200000e+00   1.8323121e+00   1.8323121e+00
   6.5300000e+00   1.7635452e+00   1.7635452e+00
   6.5400000e+00   1.6158319e+00   1.6158319e+00
   6.5500000e+00   1.3721294e+00   1.3721294e+00
   6.5600000e+00   1.0335562e+00   1.0335562e+00
   6.5700000e+00   6.3243892e-01   6.3243892e-01
   6.5800000e+00   2.1948475e-01   2.1948475e-01
   6.5900000e+00  -1.6044833e-01  -1.6044833e-01
   6.6000000e+00  -4.8251479e-01  -4.8251479e-01
   6.6100000e+00  -7.3532399e-01  -7.3532399e-01
   6.6200000e+00  -9.0807416e-01  -9.0807416e-01
   6.6300000e+00  -9.9416804e-01  -9.9416804e-01
   6.6400000e+00  -1.0037214e+00  -1.0037214e+00
   6.6500000e+00  -9.6126839e-01  -9.6126839e-01
   6.6600000e+00  -8.8553576e-01  -8.8553576e-01
   6.6700000e+00  -7.6951498e-01  -7.6951498e-01
   6.6800000e+00  -5.8630449e-01  -5.8630449e-01
   6.6900000e+00  -3.1928322e-01  -3.1928322e-01
   6.7000000e+00   1.2185602e-02   1.2185602e-02
   6.7100000e+00   3.5780287e-01   3.5780287e-01
   6.7200000e+00   6.7203506e-01   6.7203506e-01
   6.7300000e+00   9.3633247e-01   9.3633247e-01
   6.7400000e+00   1.1466378e+00   1.1466378e+00
   6.7500000e+00   1.2969546e+00   1.2969546e+00
   6.7600000e+00   1.3782852e+00   1.3782852e+00
   6.7700000e+00   1.3870370e+00   1.3870370e+00
   6.7800000e+00   1.3294298e+00   1.3294298e+00
   6.7900000e+00   1.2142715e+00   1.2142715e+00
   6.8000000e+00   1.0411950e+00   1.0411950e+00
   6.8100000e+00   7.9950059e-01   7.9950059e-01
   6.8200000e+00   4.8612754e-01   4.8612754e-01
   6.8300000e+00   1.2740680e-01   1.2740680e-01
   6.8400000e+00  -2.2361536e-01  -2.2361536e-01
   6.8500000e+00  -5.2023091e-01  -5.2023091e-01
   6.8600000e+00  -7.4875067e-01  -7.4875067e-01
   6.8700000e+00  -9.1850789e-01  -9.1850789e-01
   6.8800000e+00  -1.0384479e+00  -1.0384479e+00
   6.8900000e+00  -1.1081883e+00  -1.1081883e+00
   6.9000000e+00  -1.1248599e+00  -1.1248599e+00
   6.9100000e+00  -1.0950489e+00  -1.0950489e+00
   6.9200000e+00  -1.0326943e+00  -1.0326943e+00
   6.9300000e+00  -9.3845409e-01  -9.3845409e-01
   6.9400000e+00  -7.9374905e-01  -7.9374905e-01
   6.9500000e+00  -5.8612406e-01  -5.8612406e-01
   6.9600000e+00  -3.3020952e-01  -3.3020952e-01
   6.9700000e+00  -6.0587286e-02  -6.0587286e-02
   6.9800000e+00   1.9312578e-01   1.9312578e-01
   6.9900000e+00   4.2083080e-01   4.2083080e-01
   7.0000000e+00   6.1944253e-01   6.1944253e-01
   7.0100000e+00   7.7917488e-01   7.7917488e-01
   7.0200000e+00   8.8719487e-01   8.8719288e-01
   7.0300000e+00   9.3692816e-01   9.3691609e-01
   7.0400000e+00   9.3075455e-01   9.3071606e-01
   7.0500000e+00   8.7374227e-01   8.7365337e-01
   7.0600000e+00   7.6654694e-01   7.6637560e-01
   7.0700000e+00   6.0450183e-01   6.0420912e-01
   7.0800000e+00   3.8384930e-01   3.8341102e-01
   7.0900000e+00   1.1308472e-01   1.1253389e-01
   7.1000000e+00  -1.8272682e-01  -1.8330430e-01
   7.1100000e+00  -4.7443881e-01  -4.7499215e-01
   7.1200000e+00  -7.4054774e-01  -7.4112201e-01
   7.1300000e+00  -9.6341632e-01  -9.6413562e-01
   7.1400000e+00  -1.1263474e+00  -1.1273509e+00
   7.1500000e+00  -1.2188956e+00  -1.2202130e+00
   7.1600000e+00  -1.2402662e+00  -1.2417446e+00
   7.1700000e+00  -1.1980933e+00  -1.1994945e+00
   7.1800000e+00  -1.1016178e+00  -1.1028033e+00
   7.1900000e+00  -9.5456712e-01  -9.5557396e-01
   7.2000000e+00  -7.5660114e-01  -7.5751941e-01
   7.2100000e+00  -5.0612738e-01  -5.0694653e-01
   7.2200000e+00  -2.0349547e-01  -2.0421130e-01
   7.2300000e+00   1.3566248e-01   1.3480884e-01
   7.2400000e+00   4.7516826e-01   4.7381636e-01
   7.2500000e+00   7.7548387e-01   7.7353131e-01
   7.2600000e+00   1.0102877e+00   1.0080047e+00
   7.2700000e+00   1.1716565e+00   1.1694134e+00
   7.2800000e+00   1.2704583e+00   1.2683500e+00
   7.2900000e+00   1.3282800e+00   1.3260395e+00
   7.3000000e+00   1.3633358e+00   1.3606224e+00
   7.3100000e+00   1.3805522e+00   1.3772655e+00
   7.3200000e+00   1.3709118e+00   1.3671670e+00
   7.3300000e+00   1.3191197e+00   1.3149783e+00
   7.3400000e+00   1.2103979e+00   1.2056971e+00
   7.3500000e+00   1.0316558e+00   1.0260746e+00
   7.3600000e+00   7.7694992e-01   7.7034958e-01
   7.3700000e+00   4.6224584e-01   4.5509342e-01
   7.3800000e+00   1.2964516e-01   1.2289320e-01
   7.3900000e+00  -1.6954529e-01  -1.7517936e-01
   7.4000000e+00  -3.9767725e-01  -4.0220991e-01
   7.4100000e+00  -5.4729873e-01  -5.5127214e-01
   7.4200000e+00  -6.3502480e-01  -6.3875793e-01
   7.4300000e+00  -6.7542023e-01  -6.7842991e-01
   7.4400000e+00  -6.6538695e-01  -6.6673619e-01
   7.4500000e+00  -5.8996702e-01  -5.8921159e-01
   7.4600000e+00  -4.3750488e-01  -4.3521060e-01
   7.4700000e+00  -2.0709549e-01  -2.0428976e-01
   7.4800000e+00   9.8444896e-02   1.0139694e-01
   7.4900000e+00   4.7071270e-01   4.7419959e-01
   7.5000000e+00   8.7517264e-01   8.7915519e-01
   7.5100000e+00   1.2511349e+00   1.2545456e+00
   7.5200000e+00   1.5414678e+00   1.5430038e+00
   7.5300000e+00   1.7148613e+00   1.7141216e+00
   7.5400000e+00   1.7702400e+00   1.7680683e+00
   7.5500000e+00   1.7303792e+00   1.7279310e+00
   7.5600000e+00   1.6187396e+00   1.6158929e+00
   7.5700000e+00   1.4337354e+00   1.4286432e+00
   7.5800000e+00   1.1522001e+00   1.1429088e+00
   7.5900000e+00   7.5922992e-01   7.4590999e-01
   7.6000000e+00   2.6927050e-01   2.5466819e-01
   7.6100000e+00  -2.8263357e-01  -2.9573618e-01
   7.6200000e+00  -8.5830249e-01  -8.6988370e-01
   7.6300000e+00  -1.4149086e+00  -1.4267833e+00
   7.6400000e+00  -1.8973392e+00  -1.9101296e+00
   7.6500000e+00  -2.2495926e+00  -2.2616493e+00
   7.6600000e+00  -2.4396255e+00  -2.4485463e+00
   7.6700000e+00  -2.4757017e+00  -2.4805870e+00
   7.6800000e+00  -2.4029326e+00  -2.4051495e+00
   7.6900000e+00  -2.2769013e+00  -2.2782193e+00
   7.7000000e+00  -2.1257065e+00  -2.1254214e+00
   7.7100000e+00  -1.9329988e+00  -1.9278337e+00
   7.7200000e+00  -1.6610429e+00  -1.6485062e+00
   7.7300000e+00  -1.2889318e+00  -1.2703846e+00
   7.7400000e+00  -8.2782479e-01  -8.0799347e-01
   7.7500000e+00  -3.0939749e-01  -2.9220070e-01
   7.7600000e+00   2.2888955e-01   2.4392254e-01
   7.7700000e+00   7.4579842e-01   7.6128717e-01
   7.7800000e+00   1.1938824e+00   1.2096276e+00
   7.7900000e+00   1.5263948e+00   1.5388892e+00
   7.8000000e+00   1.7180187e+00   1.7241307e+00
   7.8100000e+00   1.7896261e+00   1.7897026e+00
   7.8200000e+00   1.7998678e+00   1.7968631e+00
   7.8300000e+00   1.7901857e+00   1.7853328e+00
   7.8400000e+00   1.7405556e+00   1.7309755e+00
   7.8500000e+00   1.5930234e+00   1.5745102e+00
   7.8600000e+00   1.3084284e+00   1.2802512e+00
   7.8700000e+00   8.9115161e-01   8.5805227e-01
   7.8800000e+00   3.7798566e-01   3.4694564e-01
   7.8900000e+00  -1.8336861e-01  -2.0948647e-01
   7.9000000e+00  -7.4319949e-01  -7.6703360e-01
   7.9100000e+00  -1.2453107e+00  -1.2690937e+00
   7.9200000e+00  -1.6341776e+00  -1.6558276e+00
   7.9300000e+00  -1.8807689e+00  -1.8963570e+00
   7.9400000e+00  -2.0043820e+00  -2.0125773e+00
   7.9500000e+00  -2.0629443e+00  -2.0663963e+00
   7.9600000e+00  -2.1072631e+00  -2.1089992e+00
   7.9700000e+00  -2.1333066e+00  -2.1320639e+00
   7.9800000e+00  -2.0834085e+00  -2.0738476e+00
   7.9900000e+00  -1.8971746e+00  -1.8752102e+00
   8.0000000e+00  -1.5549917e+00  -1.5225630e+00
   8.0100000e+00  -1.0833287e+00  -1.0478182e+00
   8.0200000e+00  -5.3548922e-01  -5.0387108e-01
   8.0300000e+00   2.8433027e-02   5.5143235e-02
   8.0400000e+00   5.4384325e-01   5.6863414e-01
   8.0500000e+00   9.4186246e-01   9.6512891e-01
   8.0600000e+00   1.1712844e+00   1.1895726e+00
   8.0700000e+00   1.2318164e+00   1.2422580e+00
   8.0800000e+00   1.1850504e+00   1.1885298e+00
   8.0900000e+00   1.1086921e+00   1.1079814e+00
   8.1000000e+00   1.0264901e+00   1.0215015e+00
   8.1100000e+00   8.9403850e-01   8.8059495e-01
   8.1200000e+00   6.4914470e-01   6.2356113e-01
   8.1300000e+00   2.6790109e-01   2.3193627e-01
   8.1400000e+00  -2.2291314e-01  -2.6210779e-01
   8.1500000e+00  -7.6954588e-01  -8.0481564e-01
   8.1600000e+00  -1.3145169e+00  -1.3442977e+00
   8.1700000e+00  -1.8037773e+00  -1.8314559e+00
   8.1800000e+00  -2.1824948e+00  -2.2106838e+00
   8.1900000e+00  -2.4036027e+00  -2.4303473e+00
   8.2000000e+00  -2.4534547e+00  -2.4738055e+00
   8.2100000e+00  -2.3661311e+00  -2.3767719e+00
   8.2200000e+00  -2.2103915e+00  -2.2124992e+00
   8.2300000e+00  -2.0486257e+00  -2.0454976e+00
   8.2400000e+00  -1.8940507e+00  -1.8856985e+00
   8.2500000e+00  -1.7083020e+00  -1.6900517e+00
   8.2600000e+00  -1.4422092e+00  -1.4100134e+00
   8.2700000e+00  -1.0814058e+00  -1.0380272e+00
   8.2800000e+00  -6.5646172e-01  -6.1161348e-01
   8.2900000e+00  -2.1542357e-01  -1.7828039e-01
   8.3000000e+00   2.0456605e-01   2.3330692e-01
   8.3100000e+00   5.7978553e-01   6.0589023e-01
   8.3200000e+00   8.8917409e-01   9.1550163e-01
   8.3300000e+00   1.1185889e+00   1.1409300e+00
   8.3400000e+00   1.2846991e+00   1.2967417e+00
   8.3500000e+00   1.4449117e+00   1.4452536e+00
   8.3600000e+00   1.6615649e+00   1.6541874e+00
   8.3700000e+00   1.9413532e+00   1.9288075e+00
   8.3800000e+00   2.2183956e+00   2.1970790e+00
   8.3900000e+00   2.4099510e+00   2.3738439e+00
   8.4000000e+00   2.4777025e+00   2.4259096e+00
   8.4100000e+00   2.4319581e+00   2.3723498e+00
   8.4200000e+00   2.3022084e+00   2.2470432e+00
   8.4300000e+00   2.1143040e+00   2.0704400e+00
   8.4400000e+00   1.8805999e+00   1.8439622e+00
   8.4500000e+00   1.6062386e+00   1.5676083e+00
   8.4600000e+00   1.3022308e+00   1.2586950e+00
   8.4700000e+00   9.8248575e-01   9.4195883e-01
   8.4800000e+00   6.4449465e-01   6.1761368e-01
   8.4900000e+00   2.6148497e-01   2.5051384e-01
   8.5000000e+00  -1.8720315e-01  -1.8784372e-01
   8.5100000e+00  -6.6459846e-01  -6.5769597e-01
   8.5200000e+00  -1.0700110e+00  -1.0508918e+00
   8.5300000e+00  -1.3094080e+00  -1.2739136e+00
   8.5400000e+00  -1.3622676e+00  -1.3154606e+00
   8.5500000e+00  -1.2663884e+00  -1.2205415e+00
   8.5600000e+00  -1.0649487e+00  -1.0282526e+00
   8.5700000e+00  -7.9305445e-01  -7.6125152e-01
   8.5800000e+00  -4.8540655e-01  -4.4856795e-01
   8.5900000e+00  -1.6278185e-01  -1.2076831e-01
   8.6000000e+00   1.7450611e-01   2.0858050e-01
   8.6100000e+00   5.3834871e-01   5.5306515e-01
   8.6200000e+00   9.5052990e-01   9.4871306e-01
   8.6300000e+00   1.4180181e+00   1.4096366e+00
   8.6400000e+00   1.8967545e+00   1.8846900e+00
   8.6500000e+00   2.3036017e+00   2.2808254e+00
   8.6600000e+00   2.5631886e+00   2.5221200e+00
   8.6700000e+00   2.6461254e+00   2.5884401e+00
   8.6800000e+00   2.5800892e+00   2.5170167e+00
   8.6900000e+00   2.4170031e+00   2.3599510e+00
   8.7000000e+00   2.1905980e+00   2.1408601e+00
   8.7100000e+00   1.9116185e+00   1.8602491e+00
   8.7200000e+00   1.5809087e+00   1.5206793e+00
   8.7300000e+00   1.1961907e+00   1.1331442e+00
   8.7400000e+00   7.5431204e-01   7.0408990e-01
   8.7500000e+00   2.4688653e-01   2.1887207e-01
   8.7600000e+00  -3.3820242e-01  -3.4853768e-01
   8.7700000e+00  -9.8646287e-01  -9.8812627e-01
   8.7800000e+00  -1.6277095e+00  -1.6219974e+00
   8.7900000e+00  -2.1635445e+00  -2.1436105e+00
   8.8000000e+00  -2.5233643e+00  -2.4837711e+00
