1e-8
0.01000001
0.020000010000000002
0.03000001
0.04000001
0.050000010000000004
0.06000001
0.07000001
0.08000001
0.09000000999999999
0.10000001
0.11000001
0.12000000999999999
0.13000001
0.14000001
0.15000001
0.16000001
0.17000001
0.18000001
0.19000001
0.20000001
0.21000001
0.22000001
0.23000001
0.24000000999999999
0.25000001
0.26000001
0.27000001
0.28000001
0.29000001
0.30000001
0.31000001
0.32000001
0.33000001
0.34000001
0.35000001
0.36000001
0.37000001
0.38000001
0.39000001
0.40000001
0.41000000999999997
0.42000001
0.43000001
0.44000001
0.45000001
0.46000001
0.47000000999999997
0.48000001
0.49000001
0.50000001
0.5100000100000001
0.5200000100000001
0.5300000100000001
0.5400000100000001
0.5500000100000001
0.5600000100000001
0.57000001
0.58000001
0.59000001
0.60000001
0.61000001
0.62000001
0.63000001
0.6400000100000001
0.6500000100000001
0.6600000100000001
0.6700000100000001
0.6800000100000001
0.69000001
0.70000001
0.71000001
0.72000001
0.73000001
0.74000001
0.75000001
0.7600000100000001
0.7700000100000001
0.7800000100000001
0.7900000100000001
0.8000000100000001
0.8100000100000001
0.82000001
0.83000001
0.84000001
0.85000001
0.86000001
0.87000001
0.88000001
0.8900000100000001
0.9000000100000001
0.9100000100000001
0.9200000100000001
0.9300000100000001
0.94000001
0.95000001
0.96000001
0.97000001
0.98000001
0.99000001
1.00000001
1.01000001
1.02000001
1.03000001
1.04000001
1.05000001
1.06000001
1.07000001
1.08000001
1.09000001
1.10000001
1.11000001
1.12000001
1.1300000099999998
1.1400000099999998
1.1500000099999999
1.1600000099999999
1.1700000099999999
1.1800000099999999
1.1900000099999999
1.20000001
1.21000001
1.22000001
1.23000001
1.24000001
1.25000001
1.26000001
1.27000001
1.28000001
1.29000001
1.30000001
1.31000001
1.32000001
1.33000001
1.34000001
1.35000001
1.36000001
1.37000001
1.3800000099999998
1.3900000099999998
1.4000000099999999
1.4100000099999999
1.4200000099999999
1.4300000099999999
1.4400000099999999
1.45000001
1.46000001
1.47000001
1.48000001
1.49000001
1.50000001
1.51000001
1.52000001
1.53000001
1.54000001
1.55000001
1.56000001
1.57000001
1.58000001
1.59000001
1.60000001
1.61000001
1.62000001
1.6300000099999998
1.6400000099999998
1.6500000099999999
1.6600000099999999
1.6700000099999999
1.6800000099999999
1.6900000099999999
1.70000001
1.71000001
1.72000001
1.73000001
1.74000001
1.75000001
1.76000001
1.77000001
1.78000001
1.79000001
1.80000001
1.81000001
1.82000001
1.83000001
1.84000001
1.85000001
1.86000001
1.87000001
1.8800000099999998
1.8900000099999998
1.9000000099999999
1.9100000099999999
1.9200000099999999
1.9300000099999999
1.9400000099999999
1.95000001
1.96000001
1.97000001
1.98000001
1.99000001
2.00000001
2.0100000099999997
2.02000001
2.0300000099999997
2.04000001
2.0500000099999998
2.06000001
2.07000001
2.08000001
2.09000001
2.10000001
2.11000001
2.12000001
2.13000001
2.14000001
2.15000001
2.16000001
2.17000001
2.18000001
2.19000001
2.20000001
2.21000001
2.22000001
2.23000001
2.24000001
2.25000001
2.2600000099999997
2.27000001
2.2800000099999997
2.29000001
2.3000000099999998
2.31000001
2.32000001
2.33000001
2.34000001
2.35000001
2.36000001
2.37000001
2.38000001
2.39000001
2.40000001
2.41000001
2.42000001
2.43000001
2.44000001
2.45000001
2.46000001
2.47000001
2.48000001
2.49000001
2.50000001
2.5100000099999997
2.52000001
2.5300000099999997
2.54000001
2.5500000099999998
2.56000001
2.57000001
2.58000001
2.59000001
2.60000001
2.61000001
2.62000001
2.63000001
2.64000001
2.65000001
2.66000001
2.67000001
2.68000001
2.69000001
2.70000001
2.71000001
2.72000001
2.73000001
2.74000001
2.75000001
2.7600000099999997
2.77000001
2.7800000099999997
2.79000001
2.8000000099999998
2.81000001
2.82000001
2.83000001
2.84000001
2.85000001
2.86000001
2.87000001
2.88000001
2.89000001
2.90000001
2.91000001
2.92000001
2.93000001
2.94000001
2.95000001
2.96000001
2.97000001
2.98000001
2.99000001
3.00000001
3.0100000099999997
3.02000001
3.0300000099999997
3.04000001
3.0500000099999998
3.06000001
3.07000001
3.08000001
3.09000001
3.10000001
3.11000001
3.12000001
3.13000001
3.14000001
3.15000001
3.16000001
3.17000001
3.18000001
3.19000001
3.20000001
3.21000001
3.22000001
3.23000001
3.24000001
3.25000001
3.2600000099999997
3.27000001
3.2800000099999997
3.29000001
3.3000000099999998
3.31000001
3.32000001
3.33000001
3.34000001
3.35000001
3.36000001
3.37000001
3.38000001
3.39000001
3.40000001
3.41000001
3.42000001
3.43000001
3.44000001
3.45000001
3.46000001
3.47000001
3.48000001
3.49000001
3.50000001
3.5100000099999997
3.52000001
3.5300000099999997
3.54000001
3.5500000099999998
3.56000001
3.57000001
3.58000001
3.59000001
3.60000001
3.61000001
3.62000001
3.63000001
3.64000001
3.65000001
3.66000001
3.67000001
3.68000001
3.69000001
3.70000001
3.71000001
3.72000001
3.73000001
3.74000001
3.75000001
3.7600000099999997
3.77000001
3.7800000099999997
3.79000001
3.8000000099999998
3.81000001
3.82000001
3.83000001
3.84000001
3.85000001
3.86000001
3.87000001
3.88000001
3.89000001
3.90000001
3.91000001
3.92000001
3.93000001
3.94000001
3.95000001
3.96000001
3.97000001
3.98000001
3.99000001
4.00000001
4.01000001
4.0200000099999995
4.03000001
4.04000001
4.05000001
4.0600000099999995
4.07000001
4.08000001
4.09000001
4.10000001
4.11000001
4.12000001
4.13000001
4.14000001
4.15000001
4.16000001
4.17000001
4.18000001
4.19000001
4.20000001
4.21000001
4.22000001
4.23000001
4.24000001
4.25000001
4.26000001
4.2700000099999995
4.28000001
4.29000001
4.30000001
4.3100000099999995
4.32000001
4.33000001
4.34000001
4.35000001
4.36000001
4.37000001
4.38000001
4.39000001
4.40000001
4.41000001
4.42000001
4.43000001
4.44000001
4.45000001
4.46000001
4.47000001
4.48000001
4.49000001
4.50000001
4.51000001
4.5200000099999995
4.53000001
4.54000001
4.55000001
4.5600000099999995
4.57000001
4.58000001
4.59000001
4.60000001
4.61000001
4.62000001
4.63000001
4.64000001
4.65000001
4.66000001
4.67000001
4.68000001
4.69000001
4.70000001
4.71000001
4.72000001
4.73000001
4.74000001
4.75000001
4.76000001
4.7700000099999995
4.78000001
4.79000001
4.80000001
4.8100000099999995
4.82000001
4.83000001
4.84000001
4.85000001
4.86000001
4.87000001
4.88000001
4.89000001
4.90000001
4.91000001
4.92000001
4.93000001
4.94000001
4.95000001
4.96000001
4.97000001
4.98000001
4.99000001
5.00000001
5.01000001
5.0200000099999995
5.03000001
5.04000001
5.05000001
5.0600000099999995
5.07000001
5.08000001
5.09000001
5.10000001
5.11000001
5.12000001
5.13000001
5.14000001
5.15000001
5.16000001
5.17000001
5.18000001
5.19000001
5.20000001
5.21000001
5.22000001
5.23000001
5.24000001
5.25000001
5.26000001
5.2700000099999995
5.28000001
5.29000001
5.30000001
5.3100000099999995
5.32000001
5.33000001
5.34000001
5.35000001
5.36000001
5.37000001
5.38000001
5.39000001
5.40000001
5.41000001
5.42000001
5.43000001
5.44000001
5.45000001
5.46000001
5.47000001
5.48000001
5.49000001
5.50000001
5.51000001
5.5200000099999995
5.53000001
5.54000001
5.55000001
5.5600000099999995
5.57000001
5.58000001
5.59000001
5.60000001
5.61000001
5.62000001
5.63000001
5.64000001
5.65000001
5.66000001
5.67000001
5.68000001
5.69000001
5.70000001
5.71000001
5.72000001
5.73000001
5.74000001
5.75000001
5.76000001
5.7700000099999995
5.78000001
5.79000001
5.80000001
5.8100000099999995
5.82000001
5.83000001
5.84000001
5.85000001
5.86000001
5.87000001
5.88000001
5.89000001
5.90000001
5.91000001
5.92000001
5.93000001
5.94000001
5.95000001
5.96000001
5.97000001
5.98000001
5.99000001
6.00000001
6.01000001
6.0200000099999995
6.03000001
6.04000001
6.05000001
6.0600000099999995
6.07000001
6.08000001
6.09000001
6.10000001
6.11000001
6.12000001
6.13000001
6.14000001
6.15000001
6.16000001
6.17000001
6.18000001
6.19000001
6.20000001
6.21000001
6.22000001
6.23000001
6.24000001
6.25000001
6.26000001
6.2700000099999995
6.28000001
6.29000001
6.30000001
6.3100000099999995
6.32000001
6.33000001
6.34000001
6.35000001
6.36000001
6.37000001
6.38000001
6.39000001
6.40000001
6.41000001
6.42000001
6.43000001
6.44000001
6.45000001
6.46000001
6.47000001
6.48000001
6.49000001
6.50000001
6.51000001
6.5200000099999995
6.53000001
6.54000001
6.55000001
6.5600000099999995
6.57000001
6.58000001
6.59000001
6.60000001
6.61000001
6.62000001
6.63000001
6.64000001
6.65000001
6.66000001
6.67000001
6.68000001
6.69000001
6.70000001
6.71000001
6.72000001
6.73000001
6.74000001
6.75000001
6.76000001
6.7700000099999995
6.78000001
6.79000001
6.80000001
6.8100000099999995
6.82000001
6.83000001
6.84000001
6.85000001
6.86000001
6.87000001
6.88000001
6.89000001
6.90000001
6.91000001
6.92000001
6.93000001
6.94000001
6.95000001
6.96000001
6.97000001
6.98000001
6.99000001
7.00000001
7.01000001
7.0200000099999995
7.03000001
7.04000001
7.05000001
7.0600000099999995
7.07000001
7.08000001
7.09000001
7.10000001
7.11000001
7.12000001
7.13000001
7.14000001
7.15000001
7.16000001
7.17000001
7.18000001
7.19000001
7.20000001
7.21000001
7.22000001
7.23000001
7.24000001
7.25000001
7.26000001
7.2700000099999995
7.28000001
7.29000001
7.30000001
7.3100000099999995
7.32000001
7.33000001
7.34000001
7.35000001
7.36000001
7.37000001
7.38000001
7.39000001
7.40000001
7.41000001
7.42000001
7.43000001
7.44000001
7.45000001
7.46000001
7.47000001
7.48000001
7.49000001
7.50000001
7.51000001
7.5200000099999995
7.53000001
7.54000001
7.55000001
7.5600000099999995
7.57000001
7.58000001
7.59000001
7.60000001
7.61000001
7.62000001
7.63000001
7.64000001
7.65000001
7.66000001
7.67000001
7.68000001
7.69000001
7.70000001
7.71000001
7.72000001
7.73000001
7.74000001
7.75000001
7.76000001
7.7700000099999995
7.78000001
7.79000001
7.80000001
7.8100000099999995
7.82000001
7.83000001
7.84000001
7.85000001
7.86000001
7.87000001
7.88000001
7.89000001
7.90000001
7.91000001
7.92000001
7.93000001
7.94000001
7.95000001
7.96000001
7.97000001
7.98000001
7.99000001
8.00000001
8.01000001
8.02000001
8.03000001
8.04000001
8.050000010000002
8.060000010000001
8.070000010000001
8.080000010000001
8.09000001
8.10000001
8.11000001
8.12000001
8.130000010000002
8.140000010000001
8.150000010000001
8.160000010000001
8.17000001
8.18000001
8.19000001
8.20000001
8.210000010000002
8.220000010000001
8.230000010000001
8.240000010000001
8.25000001
8.26000001
8.27000001
8.28000001
8.29000001
8.300000010000002
8.310000010000001
8.320000010000001
8.330000010000001
8.34000001
8.35000001
8.36000001
8.37000001
8.380000010000002
8.390000010000001
8.400000010000001
8.410000010000001
8.42000001
8.43000001
8.44000001
8.45000001
8.460000010000002
8.470000010000001
8.480000010000001
8.490000010000001
8.50000001
8.51000001
8.52000001
8.53000001
8.54000001
8.550000010000002
8.560000010000001
8.570000010000001
8.580000010000001
8.59000001
8.60000001
8.61000001
8.62000001
8.630000010000002
8.640000010000001
8.650000010000001
8.660000010000001
8.67000001
8.68000001
8.69000001
8.70000001
8.710000010000002
8.720000010000001
8.730000010000001
8.740000010000001
8.75000001
8.76000001
8.77000001
8.78000001
8.79000001
8.800000010000002
