-0.0
0.000292
0.000376
-0.002553
-0.01103
-0.024209
-0.040027
-0.059201
-0.084212
-0.114463
-0.145727
-0.175358
-0.204401
-0.232151
-0.253868
-0.268396
-0.279371
-0.282971
-0.267805
-0.232956
-0.192196
-0.155693
-0.118211
-0.071207
-0.020536
0.017456
0.035943
0.041371
0.037807
0.020064
-0.015502
-0.060818
-0.102207
-0.132426
-0.155092
-0.182444
-0.220397
-0.253164
-0.261081
-0.25191
-0.248842
-0.249249
-0.225048
-0.167439
-0.105545
-0.071132
-0.058026
-0.032425
0.015893
0.056476
0.063519
0.051634
0.046614
0.039471
-0.00124
-0.076
-0.145624
-0.18334
-0.206989
-0.241272
-0.272928
-0.272646
-0.24424
-0.219545
-0.208086
-0.18186
-0.120589
-0.046084
0.007288
0.038517
0.071272
0.103264
0.100694
0.054111
0.001986
-0.017028
-0.013568
-0.03066
-0.076386
-0.101259
-0.066625
-0.003728
0.034529
0.054707
0.107938
0.202821
0.283563
0.307746
0.304631
0.326496
0.366808
0.371254
0.324538
0.274369
0.257219
0.248769
0.21051
0.15155
0.111973
0.095413
0.056824
-0.036592
-0.157475
-0.24494
-0.276926
-0.286412
-0.296565
-0.283346
-0.221991
-0.139194
-0.082765
-0.047402
0.021628
0.146533
0.281985
0.374602
0.428096
0.480225
0.529041
0.530604
0.469547
0.388897
0.32903
0.267124
0.152874
-0.013099
-0.175505
-0.2961
-0.389913
-0.473027
-0.516336
-0.489735
-0.412776
-0.33493
-0.26816
-0.172095
-0.019131
0.156919
0.3036
0.417487
0.530333
0.635607
0.692266
0.681399
0.636303
0.599485
0.561646
0.467939
0.301235
0.110224
-0.058897
-0.209466
-0.35694
-0.474643
-0.519339
-0.497457
-0.461696
-0.434905
-0.376701
-0.246994
-0.0732
0.086639
0.222644
0.366337
0.516863
0.624285
0.660388
0.661368
0.682076
0.703126
0.647549
0.485717
0.290279
0.125529
-0.041983
-0.250671
-0.447063
-0.544742
-0.546933
-0.539948
-0.566236
-0.572374
-0.495766
-0.35333
-0.208658
-0.078263
0.069253
0.237729
0.374476
0.436571
0.451279
0.475616
0.511855
0.503722
0.422885
0.311066
0.211926
0.110576
-0.020511
-0.154135
-0.230796
-0.240761
-0.238613
-0.26941
-0.308618
-0.295663
-0.220786
-0.135563
-0.069556
0.002564
0.100244
0.192842
0.2417
0.263505
0.308739
0.376481
0.403969
0.356204
0.274826
0.207383
0.137472
0.030066
-0.089946
-0.15658
-0.158171
-0.165486
-0.232603
-0.308404
-0.302663
-0.211728
-0.11278
-0.047571
0.01839
0.107921
0.169089
0.156201
0.120513
0.148557
0.242762
0.317073
0.319061
0.308581
0.356528
0.398576
0.324819
0.194336
0.181401
0.289604
0.318427
0.16665
-0.012714
-0.030898
0.065881
0.070303
-0.056051
-0.122205
-0.029516
0.04723
-0.078247
-0.307105
-0.396645
-0.315947
-0.269346
-0.364141
-0.423206
-0.27057
0.000835
0.160381
0.205395
0.316937
0.517292
0.604017
0.445187
0.159187
-0.034172
-0.112812
-0.237746
-0.447273
-0.575102
-0.486174
-0.298274
-0.209914
-0.217815
-0.135737
0.095199
0.29565
0.314416
0.249765
0.286656
0.419353
0.461651
0.361012
0.280802
0.326984
0.341486
0.112515
-0.302757
-0.61716
-0.709854
-0.766194
-0.944692
-1.103613
-1.03419
-0.775108
-0.548727
-0.438481
-0.267744
0.118709
0.560601
0.771721
0.740357
0.734914
0.888585
1.007276
0.930563
0.788663
0.797046
0.86599
0.727892
0.357043
0.015813
-0.130942
-0.259747
-0.567275
-0.925706
-1.094042
-1.061023
-1.02389
-1.039829
-0.938097
-0.581912
-0.099139
0.266927
0.466433
0.643663
0.880397
1.069343
1.098506
1.052148
1.073224
1.110645
0.955944
0.579068
0.209265
0.031156
-0.07041
-0.29235
-0.595224
-0.775372
-0.811985
-0.866042
-1.020961
-1.105056
-0.956972
-0.654414
-0.426161
-0.33464
-0.17292
0.174568
0.552983
0.793423
0.909452
1.037754
1.169281
1.134632
0.873879
0.522104
0.268233
0.098007
-0.143253
-0.453381
-0.675204
-0.750503
-0.772135
-0.824139
-0.824546
-0.687654
-0.435083
-0.203954
-0.07746
0.057699
0.298702
0.555319
0.731915
0.853441
1.007449
1.157044
1.175284
1.048501
0.860365
0.733882
0.677783
0.557916
0.312849
0.008181
-0.260781
-0.48433
-0.708516
-0.853516
-0.823695
-0.64382
-0.434085
-0.285844
-0.104659
0.237903
0.623801
0.899883
1.073776
1.254299
1.398009
1.402208
1.271919
1.062991
0.846817
0.662231
0.451933
0.194515
-0.094225
-0.397877
-0.697476
-0.94996
-1.041302
-0.965236
-0.852598
-0.721004
-0.526385
-0.235082
0.124749
0.47637
0.838748
1.266682
1.72004
2.045129
2.10532
1.875816
1.594429
1.358732
0.966547
0.345963
-0.302833
-0.756713
-1.098265
-1.609657
-2.360509
-3.07286
-3.520868
-3.69544
-3.700696
-3.645469
-3.568544
-3.432355
-3.135117
-2.682008
-2.098927
-1.374473
-0.493678
0.378265
1.167326
1.672636
1.845535
1.806551
1.718011
1.389777
0.725915
-0.049667
-0.658354
-1.15176
-1.792197
-2.647807
-3.451565
-3.995371
-4.235836
-4.231115
-4.106881
-3.960072
-3.752824
-3.316882
-2.573834
-1.73175
-0.97239
-0.168174
0.801501
1.846099
2.737117
3.344618
3.710731
3.970571
4.191019
4.324358
4.265664
3.994497
3.583
3.085059
2.489948
1.751651
0.954371
0.112414
-0.757356
-1.478536
-2.05325
-2.414058
-2.53624
-2.555655
-2.590743
-2.380968
-1.63107
-0.452233
0.538516
1.174355
1.794456
2.563471
3.277523
3.615297
3.436653
3.062326
2.949765
3.067368
2.887373
1.842093
0.233929
-0.872399
-1.50763
-2.253552
-3.413441
-4.72663
-5.650583
-5.940921
-5.857899
-5.915314
-6.29004
-6.572114
-6.115651
-4.638203
-2.505781
-0.541321
0.788257
1.962908
3.365019
5.005807
6.217524
6.650516
6.501519
6.289016
6.345561
6.480443
6.171539
5.065986
3.33437
1.537298
0.155265
-0.754795
-2.118279
-3.755774
-4.886681
-5.143114
-4.652999
-3.99022
-3.549244
-3.197572
-2.457033
-0.906984
1.380515
2.598202
3.166551
3.639169
4.263213
5.044831
5.693878
5.86962
5.532792
4.962191
4.487224
4.1635
3.704398
2.718387
0.989747
-1.419889
-2.781388
-3.666421
-4.616301
-5.78454
-6.997
-7.839395
-7.978678
-7.49736
-6.816522
-6.339701
-6.013467
-5.330318
-3.783912
-1.35021
0.459612
1.088789
1.482842
2.412655
3.696569
4.516117
4.323494
3.440694
2.66047
2.529503
2.712278
2.234108
0.359367
-1.89313
-2.336125
-2.030923
-2.426269
-3.763088
-5.016784
-5.133008
-3.994829
-2.552629
-1.821945
-1.769971
-1.24046
0.641386
3.108233
4.129341
4.035864
3.734578
3.947149
4.633381
5.093586
4.637413
3.304113
1.903433
1.220329
1.107828
0.521396
-1.274865
-3.442113
-4.213489
-3.938208
-3.664228
-4.046447
-4.664914
-4.656335
-3.615942
-1.966136
-0.578399
0.115885
0.589232
1.697616
3.500336
4.809839
5.115179
4.705352
4.240897
4.147126
4.200513
3.807777
2.577548
0.827085
-0.648132
-1.474823
-1.994488
-3.043112
-4.591249
-5.70179
-5.883158
-5.376736
-4.818985
-4.564208
-4.426076
-3.892693
-2.702161
-1.054273
0.500044
1.262437
1.849368
2.773876
3.626744
4.2329
4.325044
3.958005
3.374516
2.85016
2.54348
2.248326
1.545439
0.478407
-0.510047
-0.748944
-0.768468
-1.361672
-2.130285
-2.509972
-2.157764
-1.350681
-0.878775
-1.052556
-1.243948
-0.840688
0.149192
0.852829
0.830505
0.775388
1.51121
2.340868
2.704977
2.523324
2.138032
2.091871
2.446352
2.666227
2.31149
1.372002
0.197671
-0.478086
-0.686679
-1.642594
-2.975851
-3.928589
-4.074977
-3.517448
-2.85643
-2.657677
-2.706222
-2.205122
-0.708746
1.146119
2.09772
2.31196
2.703308
3.497916
4.400516
4.867051
4.631982
3.951283
3.476352
3.491651
3.547319
2.898951
1.2988
-0.553804
-1.654685
-1.916467
-2.613598
-4.024977
-5.27411
-5.615775
-4.878082
-3.721333
-3.09347
-3.228587
-3.240868
-2.061611
0.455987
2.044684
2.111735
1.952971
2.24987
3.036216
3.665964
3.422631
2.305843
1.250579
1.042216
1.303973
0.845255
-0.879662
-2.342347
-2.794826
-2.719377
-2.709944
-3.119848
-3.648132
-3.855566
-3.548039
-3.072448
-2.989399
-3.276872
-3.447403
-3.285062
-2.731159
-1.550315
-0.728481
-0.641473
-0.742926
-0.36819
0.276496
0.573974
0.366541
0.014051
0.092289
0.427082
0.388175
-0.274748
-1.102577
-1.138076
-1.070979
-1.346385
-1.968719
-2.526161
-2.865331
-3.162556
-3.564253
-3.912209
-3.731685
-3.102517
-2.539778
-2.133695
-1.100397
0.219602
1.029165
1.342152
1.506246
2.103574
3.027898
3.65296
3.685006
3.476038
3.716073
4.548431
5.469954
5.741741
5.443583
5.020392
4.632666
3.948422
2.700328
1.21533
-0.07065
-1.367949
-2.53548
-3.062429
-3.284575
-3.810716
-4.225766
-3.722816
-2.982181
-2.777362
-2.955308
-2.66938
-1.964924
-1.398676
-1.192137
-1.079117
-0.945108
-0.600547
-0.062418
0.447016
0.609385
0.479832
0.513203
0.664519
0.688824
0.444025
-0.119066
-0.262652
0.009763
0.095995
-0.130993
-0.514541
-0.756496
-0.643439
-0.613083
-0.894841
-1.473747
-1.825048
-1.677651
-1.005331
-1.001349
-1.674304
-2.379901
-2.317412
-1.601064
-1.042192
-1.252992
-1.795709
-1.794858
-1.128156
-0.674353
-1.356423
-2.160599
-1.342229
0.780011
2.058909
2.07425
1.649339
