0.0
0.010767
0.02559
-0.009476
-0.115763
-0.232239
-0.299681
-0.331351
-0.36392
-0.382955
-0.344271
-0.237173
-0.102372
0.006153
0.084303
0.171654
0.274395
0.350935
0.376326
0.386945
0.436494
0.509834
0.535424
0.480582
0.37762
0.261737
0.127647
-0.026038
-0.146148
-0.179833
-0.156799
-0.161124
-0.228355
-0.306425
-0.32744
-0.288519
-0.22775
-0.149737
-0.036827
0.074819
0.107407
0.055569
0.019949
0.085514
0.216452
0.317168
0.352334
0.34118
0.277322
0.13798
-0.043168
-0.182718
-0.241277
-0.264797
-0.319808
-0.420869
-0.526892
-0.585083
-0.571288
-0.494249
-0.372026
-0.224436
-0.086811
0.003036
0.046375
0.096061
0.203682
0.345047
0.437586
0.449639
0.424025
0.384669
0.305721
0.178476
0.052742
-0.011129
-0.029818
-0.082889
-0.190708
-0.278309
-0.277763
-0.21176
-0.154338
-0.139798
-0.143896
-0.141522
-0.141341
-0.146621
-0.119716
-0.030289
0.079858
0.123826
0.066725
-0.03479
-0.105229
-0.129048
-0.133286
-0.125734
-0.09365
-0.055582
-0.058842
-0.097217
-0.08582
0.039464
0.236588
0.397016
0.456981
0.444847
0.408984
0.353703
0.279534
0.22466
0.214904
0.189603
0.040561
-0.246815
-0.547342
-0.703535
-0.662463
-0.519273
-0.395222
-0.311536
-0.243777
-0.209831
-0.214394
-0.152194
0.116728
0.554664
0.922449
1.034115
0.938192
0.803577
0.701961
0.615802
0.568479
0.579442
0.537159
0.290478
-0.147423
-0.590784
-0.85725
-0.904491
-0.821952
-0.715054
-0.645327
-0.661752
-0.779299
-0.876967
-0.75787
-0.358113
0.166199
0.59698
0.849203
0.966413
1.006951
1.010097
1.029959
1.116016
1.20554
1.115743
0.727394
0.139695
-0.411259
-0.766406
-0.934171
-1.005915
-1.050399
-1.106774
-1.225127
-1.396397
-1.452071
-1.204844
-0.682112
-0.102334
0.345185
0.619407
0.769894
0.852469
0.938034
1.097668
1.333965
1.54575
1.563357
1.289516
0.813924
0.324197
-0.052466
-0.304289
-0.489356
-0.682868
-0.935911
-1.235691
-1.482538
-1.525965
-1.283594
-0.848134
-0.416623
-0.104387
0.105345
0.269669
0.434397
0.66243
1.011811
1.42587
1.704651
1.668385
1.350288
0.962772
0.673342
0.463883
0.229778
-0.051225
-0.352774
-0.714261
-1.165481
-1.562126
-1.646253
-1.351185
-0.918886
-0.613269
-0.449039
-0.302061
-0.127634
0.076503
0.393774
0.881363
1.385077
1.617597
1.456878
1.102527
0.849674
0.774805
0.754619
0.703998
0.624348
0.431774
-0.031853
-0.720888
-1.294675
-1.454802
-1.273683
-1.061857
-0.980932
-0.948245
-0.868767
-0.74431
-0.534267
-0.102289
0.587109
1.310391
1.73914
1.752991
1.537762
1.362111
1.322786
1.338996
1.304385
1.179527
0.913298
0.427651
-0.234297
-0.806019
-1.006706
-0.882668
-0.752828
-0.846119
-1.106462
-1.347406
-1.466945
-1.395329
-0.998056
-0.267633
0.523831
1.003122
1.031775
0.79346
0.571288
0.494306
0.534479
0.64926
0.791047
0.81078
0.554642
0.090195
-0.29219
-0.392009
-0.335839
-0.370425
-0.566247
-0.851793
-1.141424
-1.360244
-1.384941
-1.11999
-0.610751
-0.061067
0.328966
0.498546
0.562986
0.697944
0.962288
1.2581
1.485068
1.531891
1.30027
0.826778
0.293183
-0.164172
-0.514518
-0.773114
-0.96626
-1.147911
-1.3551
-1.567461
-1.723691
-1.685214
-1.366272
-0.861605
-0.387407
-0.051369
0.236693
0.621274
1.098624
1.541244
1.858051
2.094819
2.2417
2.168107
1.834769
1.412365
1.021646
0.591725
-0.028198
-0.80854
-1.515027
-1.959059
-2.160078
-2.201701
-2.149439
-1.966304
-1.684918
-1.427965
-1.241617
-1.045354
-0.653131
0.025319
0.796438
1.376754
1.683766
1.854755
2.026116
2.125821
2.072556
1.931569
1.782423
1.493096
0.817076
-0.241719
-1.269988
-1.880561
-2.097389
-2.201286
-2.26392
-2.173923
-1.954599
-1.752399
-1.600676
-1.311843
-0.625875
0.29908
0.970293
1.196606
1.292668
1.564818
1.902057
2.084788
2.137805
2.210739
2.191031
1.727058
0.760989
-0.310746
-1.028928
-1.324015
-1.475372
-1.64232
-1.808596
-1.928596
-1.970356
-1.932268
-1.728601
-1.214725
-0.408337
0.430158
0.949961
1.150031
1.409151
1.881429
2.37052
2.703491
2.868994
2.843213
2.550425
1.920848
1.070212
0.287034
-0.193665
-0.414603
-0.690639
-1.288179
-2.116722
-2.798476
-3.065585
-2.915368
-2.530298
-2.058573
-1.462738
-0.766862
-0.234453
0.037849
0.412757
1.307936
2.504605
3.424263
3.795607
3.779053
3.662249
3.540772
3.18239
2.462865
1.693418
1.245352
0.730021
-0.386416
-2.024042
-3.396769
-4.003249
-4.193481
-4.427775
-4.771474
-4.963997
-4.822413
-4.593242
-4.660515
-4.996537
-5.044726
-4.257604
-2.82815
-1.622919
-1.252717
-1.342713
-1.131046
-0.535087
-0.210442
-0.493865
-0.801969
-0.49695
-0.005421
-0.335549
-1.530112
-2.80606
-3.41643
-3.576573
-3.869131
-4.391023
-4.849578
-4.90404
-4.671952
-4.617346
-4.866423
-4.868953
-3.983651
-2.248538
-0.481554
0.611187
1.313465
2.41573
4.10112
5.691225
6.667706
7.282698
7.952628
8.809787
9.656369
10.079588
9.914509
9.401833
8.958834
8.816801
8.731115
8.235347
7.117831
5.596071
4.184244
3.273649
2.35471
0.688348
-0.926273
-1.24876
-0.698714
-0.502405
-0.953537
-1.366296
-1.052487
-0.076426
0.922945
1.566909
2.119667
3.020638
3.885592
4.238352
4.066572
3.836535
3.846962
3.791358
3.127805
1.732468
-0.130398
-2.523981
-5.207491
-7.58609
-9.968138
-12.176671
-13.790702
-14.648419
-14.937117
-15.005363
-15.066054
-15.035254
-14.605165
-13.47353
-11.565134
-9.123472
-6.331539
-3.086879
0.259564
2.318891
3.995706
5.919302
7.689894
8.840582
9.200267
9.032891
8.766379
8.525183
8.033424
6.815915
4.688369
1.99792
-0.833567
-1.9718
-2.92692
-4.789386
-6.875055
-8.099007
-7.809532
-6.457156
-5.311709
-5.166086
-5.28117
-3.884244
0.139949
3.196752
4.215683
4.561033
5.489881
7.325638
9.212604
10.032595
9.485108
8.312194
7.557221
7.523128
7.426643
6.146076
3.147243
-1.245999
-2.840291
-3.014537
-3.855749
-5.777328
-7.549084
-7.942448
-6.880505
-5.594501
-5.335315
-5.819935
-5.478778
-3.151454
0.66706
3.909697
4.405767
4.361284
5.339359
6.986849
8.178185
8.133104
7.1514
6.290373
6.222565
6.604295
6.444469
4.976294
2.137214
-1.254271
-2.837087
-4.388485
-6.377964
-8.281625
-9.650262
-10.198446
-9.819795
-8.885397
-8.03817
-7.728243
-7.557717
-6.43061
-3.232116
-0.021963
1.953628
3.078886
4.215295
5.896339
7.723119
8.789325
8.602379
7.574542
6.572659
6.307314
6.47568
5.461634
1.677158
-2.404393
-4.945955
-5.931159
-6.705348
-8.460455
-10.836447
-12.307614
-11.832668
-9.883266
-7.976714
-7.169509
-6.719483
-4.684673
-0.936517
2.720307
4.602156
4.747086
4.623923
5.61014
7.421457
8.604914
8.05936
6.178488
4.522046
4.352791
4.252545
2.162663
-1.417987
-4.302044
-4.840813
-3.482643
-2.459799
-3.352599
-5.150922
-5.591906
-3.805953
-1.272848
-0.867173
-1.416491
-0.119148
2.714484
5.127139
5.570096
4.509471
3.727884
4.426411
5.87988
6.423628
5.123941
2.684635
0.959609
1.148321
0.401254
-2.645851
-5.178356
-5.414746
-4.04306
-3.115081
-3.870736
-5.337162
-5.706101
-4.449975
-2.631075
-1.934377
-2.232425
-1.361883
1.178064
2.878526
3.086597
2.653128
2.806205
3.742029
4.464329
4.219476
3.119521
2.100735
1.713054
1.257768
-0.201579
-2.446942
-3.988087
-4.547098
-4.726057
-5.058121
-5.38798
-5.277656
-4.658381
-4.066672
-3.722384
-2.761872
-1.067358
0.509268
1.869893
2.997171
3.940871
4.631965
4.924639
4.779541
4.376133
4.262952
4.828985
5.743181
6.041172
4.956771
2.642052
1.216139
0.809289
-0.07863
-1.897284
-3.693332
-4.103356
-2.834995
-1.313563
-1.63962
-3.318043
-3.666619
-0.577049
3.321793
4.60723
4.511485
4.580072
5.839251
7.633667
8.384926
7.115666
4.698935
3.072716
3.606115
4.237306
1.001267
-5.084998
-8.785268
-9.499661
-8.588889
-8.257282
-9.385253
-10.685108
-10.435109
-8.183204
-5.396111
-4.87916
-6.588659
-7.082696
-3.39987
3.432304
6.303925
5.635124
4.361119
5.262202
7.849376
9.536504
8.448853
5.695569
4.152607
5.230772
6.760862
5.02982
-2.134719
-7.176298
-7.360507
-5.329567
-5.033482
-7.532618
-9.941582
-10.09986
-7.800692
-5.75731
-6.713635
-9.098061
-8.652537
-3.513667
3.839819
5.764533
4.030967
2.45908
4.122225
6.56872
6.566675
3.674393
0.971368
1.303143
3.078691
2.719197
-1.393557
-6.958886
-10.058744
-9.573063
-7.224952
-6.403059
-8.096982
-9.987794
-9.716583
-6.779328
-3.808272
-4.353204
-6.833588
-6.391241
-1.653648
4.192991
6.236769
4.206098
1.488859
2.922301
6.758237
8.569502
7.849765
6.61413
7.204151
9.760731
12.085607
11.662386
8.479282
4.780345
3.302306
4.880902
6.765354
5.701211
0.240043
-4.237182
-4.028592
-2.521021
-4.189703
-7.373557
-8.658192
-6.597588
-1.605262
1.805553
0.203862
-2.677394
-0.881318
4.276318
7.431073
8.344545
8.489444
9.372376
11.076216
12.120438
11.158438
8.410647
5.59206
4.527917
5.573786
6.246519
3.323726
-2.398961
-6.373973
-6.940483
-7.274605
-8.765389
