-0.0
-0.003033211754975884
-0.001770162164424763
0.030261159781653325
0.09580384178078187
0.15589292258996112
0.18102417943925317
0.18852046614969456
0.20770781463759527
0.22923435877075532
0.21711816357788694
0.1547864760304982
0.06678557386362759
-0.00771434712178749
-0.058550119610893375
-0.10703401564875895
-0.163488772274615
-0.21073756306223435
-0.2380822307202053
-0.2609071269130924
-0.29885663345532254
-0.33469334263198536
-0.3296830188989634
-0.2771732732269469
-0.20930979241362685
-0.15253239259035298
-0.09637253429441925
-0.02414142978710045
0.04806214885643445
0.09231739439669685
0.11182474710194235
0.13598423306662244
0.17237567488396588
0.1937910743800844
0.17778751575684223
0.14243636578751695
0.11767186302608919
0.09894080286344739
0.05787232842885177
-0.0018441475233454737
-0.039907783784786294
-0.04460632699210722
-0.05356272189728145
-0.09822764813821139
-0.15516379617746923
-0.18188134792098123
-0.17621183824219283
-0.16421919693329107
-0.14501325130371567
-0.09272355406626037
-0.006249842960500736
0.07955736563447545
0.1404624293087708
0.18668761511863732
0.23861092385479862
0.29483614479445536
0.3341352636490839
0.340575612001818
0.31876517121510745
0.283258281154278
0.23750204948035913
0.17508917369308108
0.09844587285128915
0.025150265851057382
-0.03656623519345219
-0.09487514628951565
-0.16219330542762483
-0.22236298631831022
-0.24613550479828936
-0.23912369348012263
-0.2363045496255234
-0.24192353078280687
-0.21870151965627488
-0.1447217291673268
-0.050529655730553936
0.013529597022609276
0.039339235017820814
0.06552188858971675
0.11009063330993903
0.14617878417428126
0.14556698854266722
0.12354822494450944
0.11357882460323694
0.12104119256608535
0.12161754654243442
0.09912108764330965
0.07292953972634933
0.06073928239710975
0.050484264862053235
0.021174042097267202
-0.017217600122309263
-0.030553631873872784
-0.00691339254382662
0.026202724596710077
0.040985144376827654
0.044670787670331745
0.05934383979981745
0.08129877109083722
0.08521490527974883
0.06586075800207963
0.04665149008942068
0.03439554907041122
0.0013575941480886693
-0.07330127302542308
-0.1619116490339225
-0.21849904967507466
-0.232236139547479
-0.23563724013225223
-0.25187813341573745
-0.25872409996928514
-0.22837892066172738
-0.17155644737535494
-0.11432712199089705
-0.05247575478793164
0.04760133358444279
0.18573780428943662
0.3042830302108162
0.35025873888819414
0.3278921704309076
0.29793089709703663
0.2968995931045066
0.2889764226917901
0.22868391234534471
0.13284133449442356
0.05003225849876193
-0.026328533125581692
-0.16097496087340496
-0.34130336512160586
-0.48167109316263446
-0.5273112434263525
-0.5218345852688115
-0.534025415410442
-0.5474229197036413
-0.5034893262973751
-0.40466096886174524
-0.3036724952464692
-0.20443516237012158
-0.07105788306887556
0.11111844755603974
0.28051732567559556
0.2901118956197738
0.24999924374305627
0.3572084222742587
0.5231035496949136
0.540275067684164
0.5014854640196433
0.6761520096227583
0.429360544892752
0.32913513815725
0.14622697070204507
-0.07123997849062962
-0.2583395764769344
-0.4164316115375869
-0.5592965063193361
-0.6817082276054508
-0.7318062179806282
-0.7424524538360031
-0.7838001885867447
-0.6646368730256811
-0.5564440361385101
-0.349222926526767
-0.08388020845245858
0.15167492173950925
0.3427538564326436
0.4980037775530183
0.6480822121699655
0.7683184131034234
0.8414463283760915
0.827610076135523
0.9135345112097271
1.0297993015356282
0.8589995748497282
0.3746800418106043
0.13720876407608779
-0.06619706654016838
-0.2584416930998949
-0.4558898985119207
-0.6267411654340479
-0.5317427590428233
-0.7896075883680514
-0.8225375557163184
-0.9066776272828068
-0.9123053131361443
-0.8308279668266596
-0.5348847497770745
-0.3096367974430367
-0.0822242015260816
0.1416392255005025
0.35179950439873275
0.5320983370551526
0.5368035393136524
0.7795517772556338
0.8375433408166192
0.8189862404310992
0.7059137026670406
0.5351243019388433
0.3636188434621846
0.1971245810126614
0.008468869262908072
-0.20167711523770318
-0.393675317737503
-0.20934773650530128
-0.6328687200658113
-0.8364660132735494
-0.9304943302717638
-0.9164669198614338
-0.8092463222212662
-0.6802324873120544
-0.555873713841606
-0.38462020974089384
-0.13478419797404811
0.1379864870347994
0.3522584258172226
0.31817639627337035
0.6729590516475255
0.8255809543981116
0.8744805592349989
0.7849793930657094
0.642885135417268
0.5279248655073193
0.4066501770725692
0.21375614717979075
-0.0097446827914037
-0.19794028368233615
-0.23006048763277626
-0.49825895723213226
-0.7430474086582797
-0.8454576324448525
-0.8127708550970939
-0.7274027305455293
-0.683444161590657
-0.6552487380205894
-0.5591094533412637
-0.38893263518033094
-0.23244660638884002
-0.09953138857492974
0.09504508201923727
0.3792678180499749
0.6366636979585614
0.7488504244135349
0.7476683655802159
0.7470799130726057
0.7635630314925709
0.7084691031312375
0.5420454467794167
0.33814359462829136
0.1509905959678051
-0.0640946126085566
-0.3591007390215183
-0.6841352310081782
-0.6767687635550618
-0.6422286392169491
-0.8414139693936147
-0.9966588175690057
-0.9861206664950644
-1.0384156180049455
-0.7741549551826152
-0.5944682097084
-0.4215218105736229
-0.2163775773916752
0.05443474767367301
0.31872382995769327
0.33821315521041845
0.5262243488959872
0.43362326102969906
0.4498115567606697
0.8432164493991107
0.8465289236548268
0.7639351326571276
0.6433515138892156
0.45617915042808094
0.16972851634348404
-0.14406958575537548
-0.3673571607467581
-0.4605371248965079
-0.4882593579006722
-0.5117713536683253
-0.38913659392724337
-0.45643835639071884
-0.41279386847064514
-0.3418611227496948
-0.3388608722412969
-0.2780853768750923
-0.1329186760909965
0.022610931675713777
0.12578073096858294
0.22280418264328078
0.3721290487359399
0.2724741149171765
0.5707127623608613
0.6814211046314863
0.700308354230711
0.6919926326959399
0.6047031704729693
0.41723850553058517
0.1721206736398324
-0.06713718623120088
-0.2598005623297925
-0.41663929022516244
-0.5627492291377263
-0.7061879344474841
-0.7645980568604732
-0.8307026816332067
-0.8651331569502765
-0.6947618696445866
-0.492996505485631
-0.25709924061084655
-0.009631925809469208
0.2497743905383303
0.49847341287634134
0.68826822336762
0.8175903574921032
1.0781341569417013
0.9335146091327907
0.995672367774233
0.9067642447566733
0.883347029725723
0.8277777944290208
0.31216850043361904
0.08497862923580707
-0.15430532937266686
-0.45304092154753034
-0.7721842071724281
-1.0129396870891425
-1.1569813609388753
-1.2701034306728969
-1.3037886673832715
-1.3025928929488166
-1.1574013559240275
-0.9208174835861
-0.6559793232556514
-0.3421934079161491
0.08483850262508828
0.5668734575167231
0.9500341130778892
1.1623635521941618
1.6713285811775855
1.2888857764020536
1.3822455172628985
1.3639903650255087
1.173675550684446
0.9739132501585512
0.7713033190216737
0.5685748173980274
0.3018345312710048
-0.07108390122130559
-0.4651272799197802
-0.7580096602249328
-0.9579595881037652
-1.1308474249221852
-1.3175534567846425
-1.4146246369485902
-1.367987752337104
-1.1466066672659436
-1.000682634592223
-0.7731000815906364
-0.39676995173896257
0.1553241864934012
0.6888724246803172
1.028297945832222
1.204954487724781
1.3644760624677743
1.4727931639891558
1.4459279627617228
1.2889405965804663
1.0860534736615193
0.9282979627842514
0.7246339526539847
0.35154289626684937
-0.12681829710029896
-0.4795663915908344
-0.6301317312981953
-0.785530097546645
-1.060715780902652
-1.3238131109691296
-1.413593755939522
-1.3399048693755444
-1.188308960145506
-1.1795970725986373
-0.9241109006680249
-0.45039565305301293
0.07250014739798627
0.4550267410076151
0.6845378069097854
0.9002928149856271
1.13952041550212
1.2737578901341904
1.2855428655357521
1.1855151804758195
0.9625787403244584
0.8588280206886064
0.6986890911088581
0.32771513269619446
-0.10952974730878344
-0.4662672719306583
-0.7201090279385153
-1.0140048708959302
-1.3638550701545318
-1.7662606434297834
-1.6556860853149842
-1.6332348349182984
-1.5876757641307568
-1.223184667569813
-1.2480147924612806
-0.8245508916137189
-0.385368406874962
0.025161922454084183
0.33133475292093567
0.633595453617066
1.0189355780116867
1.3757601224454326
1.619486198098349
1.695010948158156
1.6373633311649392
1.5026154784215529
1.3741486229553472
1.1558749875283234
0.668928953536072
0.16479398734070289
-0.2043639410341054
-0.5229028773977386
-1.0223888043543072
-1.582391240272574
-1.9396852981639503
-2.0831796131602776
-2.1414662383092327
-2.1998072924981806
-2.2409746654217035
-2.076991617080196
-1.6055517157201198
-1.0426528528580956
-0.6061115548613583
-0.2269665964375875
0.40069720772156825
1.2404775643022496
1.915509209254715
2.253913039585033
2.4772278470916773
2.7621743033519395
3.0463321973858144
3.1845950660447975
3.0990934957651346
2.908048771425456
2.8229129311758006
2.9013259380731924
2.8827862503800414
2.472401668892011
1.7494167086167585
1.1417363650893244
0.988698490463747
1.0118272979434246
0.8088167763755991
0.3550740458016953
0.06674256532194271
0.24551820728569904
0.5102630337723392
0.5144609925100976
0.3473794309678693
0.544932517951427
1.108313574662343
1.6845916814656066
1.9774300405293785
2.1083027116848245
2.4252246884198283
2.8288497805381296
3.1108735890692047
3.119096554347726
2.915055403631793
2.748128690800602
2.7704753152856303
2.7142520013246
2.224357959019722
1.2973568986857964
0.3501617576611237
-0.2582787966357332
-0.7076068582523098
-1.4537250374160027
-2.5346542482787586
-3.444089018880536
-3.919155643689194
-4.152547294639458
-4.4070891340522556
-4.76748425085879
-5.163082397179604
-5.395563723520627
-5.3715370943597165
-5.190076257051021
-5.034762866769167
-4.975640630602625
-4.8660291125285555
-4.5418712489811774
-3.907300741036236
-3.1120562694890923
-2.427681822098025
-2.0266630597628534
-1.6872809174633812
-0.8443072692482789
0.18816374670227803
0.539811801990649
0.43695164469559206
0.4088181803442857
0.6429352359923395
0.7672576727617021
0.4397003292015193
-0.23055126223308278
-0.8391754308946202
-1.0851023435552
-1.2921437259098072
-1.728360907456524
-2.1570082337292105
-2.3784632945708504
-2.3617990652215024
-2.288904097469205
-2.282984258989204
-2.158235472318678
-1.6505120832578541
-0.7150325112966381
0.4819339345787644
1.897624612914657
3.263706010817552
4.423689960802008
5.692285018692296
6.927221616084792
7.88525431310383
8.453293323449165
8.69630138035043
8.768348819720734
8.771944922293164
8.652918242973193
8.311108654704519
7.61765192817573
6.566020330533384
5.2655873083870155
3.817930362416702
2.1745866809605223
0.2111164655329459
-1.237065397070088
-2.2235991101244146
-3.2935267511397335
-4.260579490534302
-4.8764261048379
-5.035635866466928
-4.907256363212824
-4.732015020407161
-4.584304254210182
-4.326391405305436
-3.7155092719998053
-2.6853072593107523
-1.3276368907639313
0.28737633035586707
1.1070452995035305
1.7777198768854843
2.789017093825585
3.9201708611335473
4.583966421414991
4.452424756492484
3.7668485168947794
3.1599733648332644
3.0305246037072404
3.007664193373392
2.2050255188051775
-0.4304920611939943
-1.8809885661506973
-2.3646184134116797
-2.540284999695542
-3.0476377081866586
-4.03742883742287
-5.055011424822372
-5.504949010910044
-5.220334765353821
-4.579248389700857
-4.130517900890398
-4.042928727566947
-3.950281639632933
-3.311897706863074
-1.9081340431882405
0.5285681025047779
1.40868330801456
1.593401810153992
2.190477011509004
3.3585752889580682
4.398912247139406
4.658528873050959
4.085527686437985
3.3361251102845677
3.086072098502605
3.221538559112401
2.950047136912918
1.6679875637431685
-0.3912438112596067
-2.1368423111479613
-2.411582911046931
-2.4266714607772735
-2.9664832538500328
-3.8515969396056127
-4.522019057897155
-4.535771142327349
-4.028044272758082
-3.551511483906213
-3.450710479131531
-3.583160010773083
-3.4494934770136854
-2.682637134801009
-1.006702249024113
0.8143983934293935
1.6947393101647787
2.594571523476982
3.669573363971517
4.692697654450324
5.482425629525542
5.847708717500876
5.721476738053097
5.2717711660322015
4.798225007024685
4.518755215347926
4.299220808022957
3.60351239628168
1.7926274840595111
-0.023085839183579565
-1.091646642894368
-1.698146846065131
-2.321066327775185
-3.22419917170951
-4.196670548400511
-4.766835659455429
-4.6924012934546795
-4.203457797371895
-3.6938811972233387
-3.513448473873367
-3.5373346514124804
-2.9423562173839
-0.7938595947601469
1.4472073662490923
2.7984120812922164
3.3670726271150695
3.884317504365314
4.904140014554881
6.181590797783589
6.984976153722312
6.761673309747444
5.7186919648543135
4.635284113642727
4.070934045873583
3.691335463116893
2.598117654741362
0.5970197609812739
-1.3450052359238205
-2.362257180817187
-2.51215812020671
-2.561061057749312
-3.172023391457672
-4.158821889614979
-4.7973786936211
-4.483436803141947
-3.4571045901025483
-2.5138972739823564
-2.3262723953682514
-2.29845382521563
-1.307089368117202
0.5531140711448539
2.125592397223018
2.5349901904959378
2.0056078372035633
1.652972159720846
2.2371614135161493
3.158420945044878
3.2314013894978437
2.16850113362157
0.5218404103243385
0.1424949832905724
0.6642858173203208
0.09021557677129224
-1.3943179635086635
-2.6813324340240627
-3.003880402838755
-2.5874849507258326
-2.2829879853352923
-2.667550382500231
-3.373515210947886
-3.5391652350968767
-2.758109981895115
-1.4754919998376117
-0.45821317064869505
-0.6758734768226287
-0.4128890006662623
1.3309218005225103
2.8281160174400033
3.122335247159224
2.5892937388455803
2.225975288368243
2.6167093690748575
3.237794988538536
3.29254251675549
2.6028000941583986
1.5355232857985435
1.1234593473029237
1.3490429522888678
0.919015172515348
-0.5645604324338507
-1.579344606057071
-1.766993842664677
-1.59792380886499
-1.6961400836914162
-2.1829383806027076
-2.5524906297113503
-2.3951502130850764
-1.8075268024083282
-1.2561321018361153
-0.9320189277634251
-0.586137370418521
0.22894642642564464
1.4896490870311632
2.2867673290238333
2.573142897078461
2.6970385219411583
2.9468156414256548
3.21703628336687
3.227659751932525
2.911909219214418
2.5347670403473885
2.200452496830931
1.422615105516816
0.3934307112002046
-0.37483075422527823
-1.0087207612594904
-1.5451239729148851
-2.0695140285735536
-2.5360162084801985
-2.851534381905004
-2.9146342507261744
-2.7592621768494316
-2.6505706059514544
-2.820087892648811
-3.115965835822583
-3.1481743254677035
-2.570656162598716
-1.429954625397263
-0.8781608434643782
-0.8036330406289124
-0.27843164912137236
0.8565654714427987
2.0338166494031236
2.4431967969282122
1.8558590256045486
1.0279031484687442
1.0269515107977736
1.6992539757655447
1.687362067533513
-0.10517665227286473
-2.0875232796293957
-2.515623218768996
-2.3553527209263914
-2.389609202730688
-3.1159886386802578
-4.1616021832435965
-4.687011495305904
-4.124148134598201
-2.8358668765051522
-1.8738288632317144
-1.8813773698743894
-1.9589339039372942
0.08685810270321112
3.0448933814617862
4.744563298082451
5.063632917786386
4.685447066008737
4.678228045844241
5.429828801177293
6.290741047503394
6.285657463400504
5.087221098233648
3.4997060577525727
2.9283726786451734
3.4859157509600065
3.538569148769517
1.618775588288746
-1.89902799991542
-3.1361943675988524
-2.7759289492734798
-2.296357387182072
-2.989829122300466
-4.507009396376695
-5.5319729892432195
-4.962913666669686
-3.3741612576821907
-2.369270778910491
-2.6607438184779735
-3.256689910967253
-2.4550240749645735
1.2744462555967047
3.651291897127376
3.720751266046448
2.898926987798057
3.061138623556198
4.572601961528887
6.017589317516943
6.1410510388834405
4.838302375111816
3.5322548906092854
3.6687520243503284
4.595514829139639
4.321264000542223
1.8902214861087634
-1.7037561553201483
-2.574385453968467
-1.7451965844454123
-1.228487188726896
-2.4061020373107924
-3.933923361459099
-3.9879538930391463
-2.346301097202193
-0.5886115568043145
-0.4593162332908931
-1.2253272261196992
-1.0524555009345753
1.0091681185344825
3.7826149242635294
5.198362497987593
4.958320457835646
3.973631610976618
3.8090330320275503
4.894688908635357
6.0429102371899335
5.938177299763665
4.3406079833284625
2.5465342449776642
2.415676117957317
3.438029093191102
3.2591857175319903
0.9931630922234135
-1.9217161639502363
-2.922832047134679
-2.035793417056966
-0.9764880185391084
-2.127340166451592
-4.271646759563807
-5.202090741682724
-4.623896114186413
-3.7494188793043675
-3.8408270960356345
-5.031969661341295
-6.248202594607455
-6.2441618480655094
-4.876805145194686
-3.1542840216305925
-2.432002958542862
-3.063055851135489
-3.6824797403788416
-2.7844656703418647
0.5421133728835412
2.735052783486496
2.3488556748719462
1.083741268525941
1.870689231654952
3.668627604807598
4.60959162760268
3.972161111540115
1.7032043037333977
-0.3573979756734107
0.1934454489126198
1.1348249101741084
-0.19545663757294596
-2.9736433616351303
-4.369600888135497
-4.576356164597326
-4.476904002303958
-4.825752906579125
-5.713397905062116
-6.398819717905102
-6.148708706315728
-4.979963656091044
-3.5967675457572685
-2.935480617298262
-3.2245687383450647
-3.1964398880497398
-1.2576851466410734
2.035234079951139
3.7736148610009037
3.785973395984563
3.8552695385096585
4.617573132077236
