-0.0
-0.000313981056692918
-0.0004281598138341467
0.002697840853063565
0.01178938000593684
0.025865303309594218
0.04288000074138738
0.06343079224566324
0.09035524195555526
0.12277916618835319
0.15656767016214165
0.18851344054406718
0.21994903652545428
0.25001390290275183
0.27328611410332004
0.28906384468866786
0.30133551609235076
0.30546522480597005
0.2891329852638431
0.2516121066270779
0.20764493932321273
0.16838352156482533
0.12800508603078953
0.07785780957627067
0.023215404187736106
-0.017860366739631168
-0.037955047028696516
-0.044115654253221795
-0.04115487246148211
-0.022269358066684328
0.015870227501020857
0.06471790283502979
0.10936339740885707
0.14196007569779226
0.16618889396641434
0.19545653616997352
0.23655141967486945
0.2720764355604012
0.2807123452750313
0.2715156737356137
0.2685940424214622
0.2691425345044041
0.24330295591534543
0.18145782350223388
0.11493738102383531
0.07779231686762081
0.06376621807333571
0.0361684723352331
-0.016023549916409745
-0.06007660875329068
-0.06812652095000908
-0.056129904446995865
-0.05103173283632507
-0.04345767458479583
0.00046165324177631286
0.08118011700515289
0.15619895703716677
0.19686389218476266
0.22224427824112064
0.2590223760368345
0.29336953940950555
0.2933793980738111
0.263404034270931
0.23754692834222793
0.22512012790868483
0.19711499474981042
0.13117613987699947
0.05046387767899624
-0.006874864163211915
-0.040712761200213
-0.07642323263853464
-0.1111668902135123
-0.10836787705603586
-0.058459004900923844
-0.0023595794974785693
0.017992294503210948
0.014152843255970299
0.03261120047101425
0.08192683702732473
0.10913298224971774
0.0723506536855581
0.004993534272703037
-0.03621101371238778
-0.058211738502569284
-0.11482040156775307
-0.21805068841859435
-0.3051553622949557
-0.3311806562828546
-0.327780412023718
-0.3515050618125501
-0.3950895541488727
-0.3997299059130804
-0.3496389082654718
-0.29602446236315993
-0.2776704342925794
-0.26837700702248773
-0.2272032026406843
-0.1636660737899958
-0.12122766069395516
-0.10361590323828897
-0.06280024795786593
0.0374864850756994
0.1678330186769152
0.26320437632256816
0.29798148700283605
0.30824292984411167
0.31930374664768985
0.30512851309948696
0.2394134126496048
0.15066025577421574
0.09035611301857302
0.05355313531375848
-0.02090391119815292
-0.1552473629672373
-0.30220775357556223
-0.40332824797182604
-0.46095477010561486
-0.5171908580794424
-0.5698381044509332
-0.5716089233833536
-0.5060224050304615
-0.41934975222153204
-0.35555932532989165
-0.28768682697328735
-0.16465949670379207
0.009830469997427645
0.18770631482631409
0.3185945804041904
0.41983455316879154
0.5094647713592904
0.5562614636577566
0.5276209263994717
0.44483860634755973
0.36148932084761887
0.2888241311405789
0.1853792085586938
0.020663778895349448
-0.16365816783506643
-0.32490727783490614
-0.44810583239226826
-0.46278571142829544
-0.4455131938754174
-0.5944041385372466
-0.7094350058352668
-0.685570666741761
-0.6462985901927806
-0.8133439729018506
-0.5039100128749322
-0.3243982264228411
-0.12357239817059425
0.05805143764911649
0.21984405556083086
0.3843414351115609
0.5110872752657166
0.5592265527729612
0.5252685519965524
0.49746931445492504
0.540935905957216
0.40564139916976943
0.26596837927462325
0.07882286366284084
-0.09329625491783569
-0.2341614217871474
-0.39448184689550364
-0.5565725032004502
-0.6722528202547448
-0.7098562026978955
-0.7271582554360152
-0.7283168923936996
-0.8463058980678064
-0.9300257432404732
-0.7718856327486265
-0.31264836734896323
-0.13524069614662576
0.045139844366627484
0.26986086313993235
0.4813408565322972
0.5865359143743581
0.4385458757204843
0.5789690846134496
0.6022271576612023
0.6643150652789765
0.6077948799163022
0.48727455464332137
0.2266111390187848
0.08423615790641333
-0.07461297220673084
-0.25603194530969786
-0.4032858015921075
-0.4701503902500337
-0.3635326828754576
-0.5121993139342539
-0.5512087733343087
-0.5432945230250835
-0.4567614331132213
-0.33605916038235867
-0.22847374245663424
-0.11910857688856637
0.022049108018854558
0.16593923061116392
0.24848847237875235
-0.015097539219000497
0.19656081680863619
0.290096006530755
0.33240202492748994
0.3184003490128469
0.2377680091061202
0.1460669892077104
0.07553311946819137
-0.002820163424185648
-0.10800435513751482
-0.2077167600425276
-0.2603276848873517
-0.08894448080698852
-0.33250691162906926
-0.40547988377680566
-0.43566208909312987
-0.3840145369978632
-0.29620667840334997
-0.22335128437113913
-0.14875311048108422
-0.03242420601470267
0.09680769333692588
0.16856118838375897
0.04111918108528668
0.13229315265096442
0.25042328699934696
0.3322379841075294
0.326582791786969
0.2285608864720867
0.12134544429696383
0.05111189661806625
-0.019783956942212026
-0.11627734865802948
-0.18214528215977194
-0.16826690836677052
-0.12974034145979635
-0.1601272575946731
-0.2620498289448393
-0.34259701783291063
-0.34406044286165754
-0.33231232225916196
-0.3838976670648762
-0.4285258277932318
-0.349829091945527
-0.20932240500221458
-0.19539383537549546
-0.3119089199413177
-0.3431943893244227
-0.17938974172521818
-0.10289897445787535
0.13366234161814217
-0.010926118161010056
-0.0759382690714134
0.04922072402691363
0.04289107884748845
0.03167416560588664
-0.050967726130203055
0.08414909030615131
0.3298007280501195
0.42599263983718977
0.3390683473800988
0.15853469443219934
0.3920347633835304
0.3863196610446919
0.5004342833954122
-0.000956781905334548
-0.17276019423995345
-0.22123274382592018
-0.34134322586385757
-0.5576110269475125
-0.6504799090320836
-0.4794467301971979
-0.17147488600915145
0.03673906459789761
0.12142106374516307
0.2559526650899582
0.2978609057155933
0.6184230039287857
0.5567822033953921
0.3211315721072149
0.22598321624836723
0.23503307245639354
0.1461066932404906
-0.10257057980593186
-0.318421643433206
-0.3386289651152965
-0.26901186957491596
-0.07347341145768803
-0.37649073272219136
-0.4970467228913835
-0.38880506648104307
-0.30383754524668066
-0.3528492578449375
-0.36778400529941896
-0.1212170530544055
0.3259581259103331
0.6645159383329209
0.764335769507825
0.8202513257600063
1.019776269201131
1.1735561883491477
1.1173399035604688
1.0126408565051592
0.5907901071180753
0.47218692827001946
0.2883333871707363
-0.12780895995748404
-0.6036498604926889
-0.8303859630123285
-0.7907875480010866
-0.791232396662348
-1.0973054064545937
-1.0745896363891017
-1.0090185376293304
-0.8022267663624846
-0.9314640454124802
-1.1780339991383104
-0.7838529869485487
-0.38451357461857916
-0.017068298680553175
0.1409610028306498
0.27966152933265476
0.6086794535722732
1.0081840235532888
1.3062380182785853
1.0972853415877446
1.0779875322653063
1.118651754509292
1.0095531807292393
0.6235676487189173
0.10685747087070895
-0.28733143686145995
-0.5021656712144584
-0.6907268128697809
-0.9577222283772933
-1.6158285866203201
-1.1763791654702214
-1.1134421820213631
-1.112629584069179
-1.1918409930412501
-1.027470525921221
-0.621175937675498
-0.2253670949847857
-0.033573716355411475
0.07579488170770901
0.31478502439419337
0.6326291729489155
0.8381589523395597
0.8763050346296809
0.9312245548981076
1.0949455857609403
1.202313918629666
0.9709579010215494
0.7025381986181817
0.45382547353759656
0.3603461354862923
0.18620163228622477
-0.1879823868626244
-0.5916138002760445
-0.8578403041696537
-0.9874531453574934
-1.108812218646158
-1.243792051831794
-1.2150389264886263
-0.939104745130728
-0.5663010579481028
-0.28890713995540857
-0.10560343708546073
0.1541915425458617
0.4881449152500502
0.7186056428012664
0.8060798906722795
0.830837033578806
0.8880274005868174
0.8642216139016522
0.7446383474646109
0.3680618769265847
0.2217659698432717
0.08334078956891429
-0.06220229242674849
-0.3217199944380084
-0.5980547383027177
-0.7849999208252971
-0.9160278635337961
-1.0863568054022126
-1.236521484765377
-1.2570087086619144
-1.1273207305377086
-0.8091675093765698
-0.6388428344564078
-0.7363479766968203
-0.6008491549067051
-0.33695538241414413
-0.008881167409885812
0.2807438895174357
0.5195161240634542
0.7624933196662049
0.9936576723294264
0.8779352621797557
0.6880576458412605
0.4690466456664117
0.13358241062590148
0.1307977861660599
-0.23953739366374102
-0.6741703868553027
-0.9592679383492602
-1.1558135185049827
-1.352432742692328
-1.5060837463930843
-1.4837621362105011
-1.3476958920580397
-1.1356732173521347
-0.8821771594344238
-0.7129897372908848
-0.4831866974749042
-0.21633900404340944
0.10128097317280176
0.42826211361264943
0.7508774003118981
1.0148953345387195
1.1221888623347192
1.0424010352687014
0.8897946207390248
0.7447594470192671
0.5353247956512719
0.24330385781629352
-0.12827266857782788
-0.49050960355285855
-0.8775302494313523
-1.3172143372119853
-1.8072495306523453
-2.115423468311263
-2.1703867093892457
-1.9489750110375579
-1.655956287226232
-1.4126418383551878
-1.0078080285232682
-0.35851507503822555
0.3155012527674974
0.7799435685188778
1.130499929361443
1.6620125097311957
2.420239902366644
3.1191071002102246
3.5508752916555584
3.7193731643517576
3.7315303787181926
3.68333088778098
3.599638961101258
3.4669003404638925
3.1997949365308327
2.79455634130002
2.254146877001349
1.2889591263948013
0.5347979454320816
-0.4041327312617157
-1.2523645990038375
-1.7648148656815683
-1.9098953063291517
-1.8667820899307384
-1.7712271900938952
-1.4486278460740272
-0.7567125894893226
0.05455852406296418
0.6814571658710251
1.185669137549921
1.8449504470670406
2.7057793411285034
3.4870154321354723
4.003392351239448
4.232622043977307
4.231837003319348
4.106647680533026
3.9487115171272507
3.735858151803118
3.3130666454341684
2.5973624650693394
1.7614882241595728
0.9961808924763935
0.18149357400080804
-0.7931753315840182
-1.8146115301934318
-2.6681831737429493
-3.238240242404869
-3.5796807840561176
-3.814726570382592
-3.9687741474218576
-4.114258895505815
-4.077358254527589
-3.8315506857694217
-3.454455171950343
-2.998158137186369
-2.4617659980365616
-1.7833566635074156
-1.0074327781355208
-0.12817103017369666
0.8130956034528545
1.5890743500192102
2.1841306501588598
2.5182231416408842
2.6340060847371243
2.6662585626756554
2.720929143303524
2.508589287119326
1.720417521983405
0.4854318434556415
-0.5797055453235308
-1.2124914760105296
-1.805575706742364
-2.5216263549220943
-3.181671914481642
-3.4978339100727527
-3.3325109779068276
-2.9855711226633432
-2.8924477813405645
-3.0252710007651573
-2.881355815577421
-1.8955864942549494
-0.2409747318642875
0.8963623597535715
1.538053752312274
2.284897574107119
3.435887527010577
4.723148463762799
5.6139014498471775
5.887890315657894
5.801966009698909
5.878292613973385
6.246472559781767
6.5099618649743265
6.06204299820478
4.64779759339607
2.572133865301058
0.5896535837017586
-0.8419408024767606
-1.984024087050608
-3.2276889064938215
-4.703147756075695
-5.80616284581423
-6.196694906473156
-6.0653150051172435
-5.865434746862915
-5.904733857186822
-6.025770762828095
-5.762086610905199
-4.7914467720353375
-3.2480480128576215
-1.6112681834519604
-0.16160468107145892
0.8230443909272191
2.254271372407442
3.8009884748762484
4.837933884966876
5.081579358487275
4.632896368990905
4.018553594936669
3.6052505907933057
3.2598662585106615
2.521141488004941
0.9722355578978357
-1.7746368279586822
-2.5902657390893395
-3.0717156995756056
-3.4803790101276073
-4.036827333034663
-4.7517920157466484
-5.358025596534441
-5.528771849231307
-5.218286347127825
-4.690026666816097
-4.253057304711044
-3.9725569762327355
-3.5755088127837222
-2.6957675004710815
-1.0409591170178927
1.5542422836745402
2.8964191846935226
3.7443223005151802
4.6305449435635015
5.698925718232771
6.811925463045608
7.594920508954712
7.740484860333698
7.310090105934233
6.681029171946751
6.2265708255917245
5.908262384027424
5.267399698022002
3.8142771332273053
1.3995274708101526
-0.4812075696782685
-1.1184842652299989
-1.4978401756402737
-2.38195855281743
-3.573537903446685
-4.323424172613362
-4.136047639150051
-3.3244160444013944
-2.612341092230062
-2.49646243285625
-2.686713142210331
-2.2518476425330936
-0.26309758583428583
2.03752781164898
2.4589444989329463
2.1295952219790726
2.4973955096891793
3.7978543312319664
4.9923769732486045
5.113314046349347
4.030704873317712
2.613795853657205
1.8813040699707924
1.8262692275401464
1.288891582056577
-0.6439182721218081
-3.1017912169297266
-4.025101880038324
-3.8996627714611978
-3.5880481650762186
-3.7535860922863864
-4.376068665782646
-4.814793468521402
-4.426716208236988
-3.223181248209905
-1.890614774867342
-1.2337100334113913
-1.128134112349942
-0.5421460380809565
1.303451703183895
3.4785557629573503
4.212856794710882
3.9615317088134554
3.7131074249340394
4.08037375311243
4.66556646522423
4.661126601922866
3.645432044213037
2.0039258710880694
0.6072030117765648
-0.10047487801340986
-0.5867605101729233
-1.7147303296320675
-3.440216662982352
-4.624433691125202
-4.859412210453309
-4.454756609504876
-4.019671548691091
-3.936417850128651
-4.005977198155993
-3.690080599446096
-2.5471304461726465
-0.8345865005754539
0.6518598739759078
1.5077386609133825
2.0410997557507895
3.075234004914777
4.56567847653031
5.616335053633218
5.786570858240188
5.323845699763747
4.813745190497597
4.573191844707533
4.420597853033414
3.8931660132488735
2.760187894846722
1.1343936138765363
-0.5312132348933264
-1.5067400910404363
-1.9391602335969538
-2.769942415208932
-3.5028669466968725
-4.0354828256260475
-4.118472063738508
-3.790012884430388
-3.272053458444443
-2.810683503310131
-2.5193649305126242
-2.2396969078784323
-1.5733056827494847
-0.5220518778584627
0.5564657410558134
0.8146775038131948
0.8370160112867098
1.4732290555708893
2.2108552344616754
2.5767661725238304
2.2459062920710755
1.445253116282355
0.9335754472582396
1.0966547425509428
1.2924845742855127
0.8961546197731097
-0.1547878712947999
-0.9199458253418841
-0.8388005620185602
-0.7947978335689707
-1.6151033830433497
-2.348581278375592
-2.6772316156304274
-2.516486281784309
-2.1491724344895555
-2.0914252340286223
-2.4252301261615123
-2.641402308593733
-2.3107340283011424
-1.4235645406199608
-0.20915502053251905
0.5195039875612502
0.7466686318324935
1.7720452161663232
3.076497539258192
3.9638131991137486
4.090765894283121
3.5477102310192787
2.8995200157899617
2.7104461310453103
2.774261287069854
2.2898392450619944
0.7638053993903605
-1.224511931229941
-2.206849074856278
-2.35265145334046
-2.667509382813252
-3.3667289408753196
-4.180650034195493
-4.614341537815374
-4.414284395150874
-3.807917468168844
-3.3802737188237115
-3.38999721357631
-3.4301161256012938
-2.840365670755259
-1.3118116353985965
0.5635663983664694
1.7467160291405428
2.0583221758284584
2.766733961981737
4.088509019866725
5.224337590649721
5.513823083244799
4.81816375888299
3.759482018133536
3.211228205143044
3.3321850473238306
3.3145712016397026
2.178539241422372
-0.4129238111137154
-2.0866147841088845
-2.1124540215826473
-1.9493076344576432
-2.216744204533747
-2.9458131260029248
-3.549093783182686
-3.3518330699066072
-2.291200957259508
-1.2734779904251636
-1.0839557161691538
-1.3501030565902121
-0.891231262274378
1.116221482309971
2.411042070579369
2.850834057795627
2.780868137190297
2.7781773405936256
3.1813413601510083
3.682099163968641
3.8569396031605927
3.551222475282147
3.110676325576015
3.0583334456225253
3.354104192767647
3.5008179577066207
3.337523912876087
2.829757298794289
1.626188808428559
0.7450392283481946
0.6576402709695953
0.756565225981515
0.3659074876590565
-0.28147451716306987
-0.5711432707028051
-0.3664970429071949
-0.02462043205020314
-0.10518925822145178
-0.43667448468789166
-0.3901438667843294
0.28481294271479574
1.2212256491951188
1.1891851071678017
1.1233027115611827
1.4248773623798814
2.0488065782215856
2.5665707417274195
2.873756996000183
3.188954205829526
3.6125002998977127
3.9620772930833796
3.788350774665676
3.1659162909135965
2.6017160235921937
2.228466271076362
1.1667680049856366
-0.22089681686025267
-1.0885564632568325
-1.4016891001191452
-1.5323348539340778
-2.099809159985298
-3.0060085496251236
-3.5490879468625423
-3.566319560371307
-3.3660644877165695
-3.579346221161222
-4.366434786592666
-5.257090949566809
-5.506463997632366
-5.268398188333748
-4.89687485510406
-4.5309400035356076
-3.9036508529947676
-2.722351512833541
-1.2276675802749881
0.10312137444606263
1.4220379753807217
2.6326082375942406
3.164788007971154
3.33872167312958
3.8085936525464046
4.204702118794992
3.6993852194746415
2.9969367233412507
2.818613002541918
3.011938139811042
2.717617841847057
1.9873994917035747
1.3682210228763843
1.1484545454007686
1.0515712380302007
0.9370811986357691
0.5869810351129229
0.05374949948408272
-0.44230264424577
-0.6114348423250852
-0.5181737573756485
-0.5790168477187787
-0.7102374476973745
-0.7067373366640136
-0.4695624953412867
-0.06826142724472134
0.2945165752386025
-0.0031998136882263484
-0.10236632792198812
0.166894155979478
0.5513183380056091
0.7823697467935876
0.6722092558487719
0.6754160847951762
0.9649474049053802
1.4291040648810585
1.9479395731178315
1.7503391474871153
0.99933683238598
0.9711006303774015
1.6648049967928031
2.3515096127117485
2.285371761446438
1.575853156754651
1.0216304972894785
1.2196941937330026
1.7249660012419206
1.764003722529379
1.129626653305093
0.6865720212725499
1.3774381305340415
2.2252155963742877
1.4188610563377093
-0.7890012767859128
-2.0876105199365416
-2.090910557663149
-1.6587598754317485
