-0.0
0.0030332120955441915
0.0014360573750132385
-0.03071836601414624
-0.09643477260973643
-0.15634452457732598
-0.18125515904411493
-0.18878532290157646
-0.20795921745927862
-0.22933029023904444
-0.21653973541574267
-0.15353690964917333
-0.06519219565978264
0.00953785857931211
0.0600329953766842
0.10794606671736237
0.16385256344539872
0.21162755024356836
0.23916230432864272
0.2617654923767174
0.2990723869281279
0.3346186397527111
0.3291948385386897
0.27579711384734407
0.2074938684418874
0.1506718402531618
0.09511767355361277
0.022825577223910844
-0.050618015791348746
-0.09483222521773778
-0.11430627214506191
-0.13775753569766233
-0.1729421377571272
-0.19330555831050938
-0.17660406965341044
-0.14095058489547252
-0.11663222418759661
-0.09834506765920073
-0.057187131248944735
0.0024789331976198007
0.04232457937648668
0.047342284703175135
0.0560636629244247
0.09973252653617022
0.15579878961836174
0.1811983541447206
0.17505128578044987
0.1630041702664831
0.1438695459828879
0.0917149713742676
0.005078483527381979
-0.08231119667013334
-0.14309111781752654
-0.1888420274199657
-0.2401661338610545
-0.2952455736452275
-0.33399918310523313
-0.34010027574247764
-0.317862523235391
-0.2820825404524694
-0.23687621956200294
-0.17434017446207986
-0.09718869501207912
-0.02191673413599181
0.039889777506852714
0.09798024125305964
0.16369100038683432
0.22229859263241522
0.24551471989091259
0.2384786630434533
0.2363684526592667
0.24191349463627884
0.21862184942918267
0.14383929847199556
0.04802060765598467
-0.01649678184636215
-0.042305694022943645
-0.06602724352662008
-0.1102905861855863
-0.14617890459901886
-0.14591777979414028
-0.12416030647403127
-0.11408578014463523
-0.12132243053109931
-0.12058362705560431
-0.09844912112899287
-0.07232978767077172
-0.060219239738903446
-0.05020033586612269
-0.021294418997822796
0.016944521914915363
0.030560623878280017
0.00699788704631492
-0.025927526869378034
-0.040756623802077785
-0.04476115503865072
-0.060005231741639374
-0.08214566111924489
-0.08581110024395994
-0.06584216426784331
-0.0447781373562819
-0.031783335353834874
0.001314752621019153
0.0744069498045477
0.1622966021954936
0.21887718726422428
0.23234017234239712
0.23619181007873472
0.2527288997033262
0.2595573436539645
0.228654806172195
0.16894730641334832
0.11063257426944745
0.04855712358288494
-0.05016994149721242
-0.18572194603687403
-0.3040739263123645
-0.34995257496830645
-0.3278132267396017
-0.2982271087047182
-0.297751491011787
-0.28933950884964926
-0.22748524247856014
-0.13284133449432767
-0.050032258498779486
0.031770128402995396
0.16287141293469737
0.34112704372849545
0.48137589373384965
0.5270328085478062
0.522001822612535
0.5346891228626226
0.5483580567663472
0.5032291336291279
0.40466096886157427
0.3036724952464122
0.20443516237008671
0.066412051589406
-0.11226030008841723
-0.2811706339100591
-0.39936255712014485
-0.4691578065115138
-0.5188561635472663
-0.5497450092904733
-0.5409132527050639
-0.5004499502255376
-0.361067469070615
-0.42936314477017196
-0.3291351381571961
-0.14300529300040046
0.07572711779152884
0.26352865665939307
0.4164316115377441
0.5592965063195269
0.6817072180296353
0.7457080966696767
0.7424320292061514
0.7115913875427362
0.6646364045460652
0.5564445784458458
0.34922292652679615
0.08388020845243561
-0.15811262345854743
-0.34275385643259887
-0.49800190644224557
-0.6480810399206312
-0.7687675037115032
-0.8265778723243032
-0.8342579932975617
-0.7439974438057939
-0.6850901153739506
-0.5698125430834804
-0.37468004181064185
-0.13720876407603422
0.06619706654016247
0.2584416930998392
0.4558899462305171
0.6267372613812219
0.7397754165876558
0.7928924331155929
0.8303165893504331
0.8377533154241803
0.8250411585479409
0.7258952491871232
0.5336423946327623
0.3096367974431696
0.0822242015260308
-0.14163922550046984
-0.35179950439871016
-0.5320983370551345
-0.6761648033453108
-0.7790623166653405
-0.8374488550408582
-0.8179617592921976
-0.7046383168931561
-0.5345812574952682
-0.3627076949517497
-0.19712458101258123
-0.008468869262942458
0.20167711523762968
0.3936751004793511
0.5543685721677483
0.6937555077042951
0.8365676527392057
0.930644384315682
0.916633187511328
0.8097711492206794
0.680271015231194
0.55456893480376
0.38462020974100075
0.1347841979740351
-0.13798648703483876
-0.3522584258173481
-0.5139100246426769
-0.6730097488731503
-0.8256054015327764
-0.874957837383079
-0.7863109099175033
-0.6437190393645952
-0.5275262099819876
-0.4032068921903101
-0.21375614717983404
0.00974464121043038
0.19794026229576858
0.3617065518822815
0.5494485991302648
0.7429623260500792
0.8459845096700472
0.8142693724022732
0.7287498231907978
0.6839027924153821
0.6547462737721348
0.5561057510981234
0.3889326351782671
0.2324466063892233
0.09953138857490695
-0.09499100033309936
-0.379764955535052
-0.6384465758601073
-0.7512956033709821
-0.7500743217127566
-0.7484244719884624
-0.763503807716303
-0.7065642214426405
-0.5420454467794557
-0.3381435946283349
-0.1509905959677979
0.06409461260853491
0.3609121427322915
0.6862132494214627
0.9167589625858746
0.9955483337048715
0.9941817103912004
0.9972823288353913
0.9971355447908903
0.876896592945164
0.7741549551827218
0.5944682097083916
0.4215218105735816
0.2156282414214447
-0.055579177070436366
-0.3200290833214152
-0.47256938594966674
-0.5262242508564127
-0.6013194176143395
-0.7344380488082983
-0.8432161285203023
-0.8465289236548619
-0.7639351326574271
-0.6433515138893813
-0.4079022358259084
-0.16973613936139817
0.14406958575539391
0.36735716074675867
0.4605371248966255
0.48825935790066494
0.5117713536682938
0.5143635425327601
0.45637322228200117
0.3760476452728219
0.34186112274973596
0.33886087224125466
0.2782375538049025
0.13291867609095304
-0.022610931675729664
-0.1257882175125792
-0.2228041826433043
-0.37212904873600655
-0.5359643437398874
-0.6409915407376161
-0.6813016499373037
-0.7003083542303198
-0.5993275636659268
-0.5541403294676382
-0.41731651623784866
-0.1721206736397718
0.06713718623123459
0.2598004764461186
0.4166393336884584
0.5672694853756468
0.7040032734621857
0.781649219290188
0.8252680294462243
0.7958816928297959
0.6945773512870608
0.492996505485686
0.25709924061086076
0.00963192580945928
-0.2497743905384232
-0.49826344763162544
-0.6925957055301
-0.8170830966640342
-0.9310061155023681
-0.9438191001479035
-1.0071687503880968
-0.9962280696785253
-0.8745177284822405
-0.5799466579532185
-0.3121685004336803
-0.0849786292358174
0.15430532937263086
0.45304092154750275
0.7721842071721265
1.015788636515921
1.1421721474961197
1.2390178425650853
1.288442607145083
1.2794669577608897
1.1574012401740954
0.9218349256162991
0.6590780597715413
0.3421934079161127
-0.0848385026250591
-0.5668734575169303
-0.9542243326424603
-1.1515997109792029
-1.22098789227489
-1.28888583879246
-1.305244901792463
-1.2744925477102416
-1.173686455102702
-0.9782376036538081
-0.7726402021042614
-0.5685748173981747
-0.301834531270953
0.07108390122128945
0.465127279919867
0.7641252972166797
0.9563428409640297
1.1291251322327178
1.317785424142362
1.4147748474550244
1.3387955876662707
1.194184692875339
1.0010398728034375
0.7781689014778042
0.3967699517389564
-0.1553241864933565
-0.6888724246802015
-1.028552625718127
-1.2026061161699872
-1.3552554283952494
-1.4729209896816238
-1.4459084425512918
-1.2889405699989473
-1.090146292717312
-0.9240257181024275
-0.7246339526542072
-0.3515428962666985
0.12681829710029738
0.47956639159071607
0.6398422284305219
0.7877231907520463
1.0616525993132002
1.325099685184264
1.4111871945828813
1.3525672678391996
1.164783867128618
1.176802385352545
0.9241109006678793
0.45039565305283447
-0.07250014739804703
-0.455027598723834
-0.6860103634202888
-0.9064751488582936
-1.136293769340001
-1.273778476545296
-1.2855428655352505
-1.1864334536095165
-0.9576862333533407
-0.8811160987080958
-0.6918200288325786
-0.32771513269609653
0.1095297473087242
0.4662672719306902
0.7201090279388793
1.0184567307763925
1.358766143377197
1.6206171296947063
1.6557645681493787
1.633236913149887
1.5720373284177098
1.4863662858300373
1.23351035324936
0.841265327922685
0.38202992228056604
-0.020692139430369988
-0.3290659142042301
-0.6365469310761946
-0.9982969974626427
-1.3751512162058437
-1.6194872768103992
-1.7321853881987175
-1.605392774620208
-1.509618189091122
-1.4004174501375641
-1.1437421467117048
-0.668928953536233
-0.16479398734084788
0.20436038004937013
0.5301366211353604
1.020425499665832
1.5711039435254062
1.9343020043591777
2.0808965401492427
2.134982431212617
2.199807311414423
2.2410359242452524
2.076991615280457
1.6056812860964869
1.0219359490531195
0.606111553481092
0.22696659579945985
-0.4006088977707881
-1.2404020221609784
-1.9152466707116527
-2.253913042854264
-2.4772275875003453
-2.7621742658423662
-3.0463041549007674
-3.184252109021423
-3.099093514805364
-2.9080487837229843
-2.8229129293934143
-2.9013259369622664
-2.882786245203349
-2.4724016688850305
-1.7494167086589199
-1.1533766326519312
-0.9886987085438933
-1.011827297943242
-0.80881678153528
-0.35507404303233314
-0.06663529750942465
-0.22639394228856846
-0.5102630337723129
-0.5144609925104487
-0.3481011289551175
-0.5365145906589032
-1.1084257791441
-1.6845916814202757
-1.9496953305969273
-2.1082330020745697
-2.425205141420581
-2.8288497805371935
-3.1108825134938813
-3.119096895055771
-2.9150926396898136
-2.7481286908000833
-2.769685160253336
-2.714252001655925
-2.224346296299995
-1.2973575656328136
-0.35205199468908005
0.2582790775975886
0.7076066266667713
1.4537248090005395
2.5357600791119523
3.444041380810827
3.9191555952063446
4.1525473225561305
4.407075943133672
4.767484259461512
5.163078835273094
5.3955750741231325
5.371537093611176
5.190076274459615
5.020070987110868
4.953485713161348
4.866028645185337
4.541871213860274
3.9104075806819987
3.112056269687302
2.427681823126888
2.0266628547004646
1.6872773425198184
0.8436251507532634
-0.1881407553947028
-0.5765984933628392
-0.4370376836155891
-0.40881618747858733
-0.6426554519803301
-0.7681475415657351
-0.43970032922272445
0.23055126224857228
0.8294285259377976
1.1151531686453713
1.3044492667976375
1.7283550086957862
2.157008233730262
2.3784632945713087
2.3614713256504447
2.2889040968477543
2.2846077582002615
2.1582354723194506
1.6506620619556498
0.7150325205920445
-0.4833833624893104
-1.8976246121883429
-3.263705957296082
-4.42368753764595
-5.692285082651412
-6.927216478347419
-7.885254353088026
-8.453293952601856
-8.6963012485497
-8.768348819242586
-8.76253932698627
-8.65291824297233
-8.311222566944641
-7.6176486858936725
-6.565826363760599
-5.263992984501655
-3.8179295244058613
-2.173886094414623
-0.21115657939489824
1.2341203154984053
2.221886559970794
3.294144210199766
4.260579353697805
4.875671271334159
5.035634326304769
4.907256363214639
4.732015020406837
4.584304218820848
4.324404325605791
3.7155044540163185
2.685307599001897
1.3280612194752623
-0.2873763303557986
-1.1085956575357
-1.7777198768725038
-2.789017093640197
-3.919866534178876
-4.584222377156531
-4.450826428627653
-3.766962048854502
-3.159968126224325
-3.033728378714011
-3.007664193374326
-2.2050255188054804
0.23250743192258563
1.880871326116912
2.3646184134113977
2.5402849996952552
3.0476377081865897
4.037428837421261
5.055098703718689
5.504949011834475
5.220334765354182
4.580042760184093
4.130517900889976
4.042564607568364
3.9502816396327174
3.311543744012712
1.9083971830633193
-0.5283131153745284
-1.4053091044845532
-1.5934018101041931
-2.1904771611224834
-3.3585751890055215
-4.398929714852602
-4.658528868579807
-4.085252483814
-3.3361251103971825
-3.0860720987630352
-3.221538559112364
-2.9500471369124432
-1.6679875637433723
0.3912438114065658
2.1361045688419407
2.411582911047025
2.4266714607778703
2.966473041253491
3.8515843290479315
4.522019057898557
4.535521554541472
4.028044272759488
3.5515114839059065
3.450710479130695
3.5832855556563405
3.4494934770133594
2.6830133767062847
1.205090105141076
-0.8141310066589916
-1.6945380412766704
-2.5945711802194107
-3.6695733628681637
-4.692697654449733
-5.482338030479033
-5.844459626337873
-5.721476738052808
-5.2718206445133
-4.798472174719749
-4.518755215348182
-4.29922080802305
-3.6035091262271672
-1.7926751379250212
0.02308581167255685
1.091646642894792
1.6981468460650775
2.322458120235905
3.2241991717089222
4.196670548399917
4.766835659454744
4.693321980408133
4.2034577973741785
3.69388119722389
3.513747435503573
3.537470558437647
2.9423562182432534
0.7938595947758263
-1.4472073662491514
-2.798412081292045
-3.3670726271155327
-3.8846603101845467
-4.903573661447894
-6.181590797785219
-6.9849761537257935
-6.761673300481661
-5.718691415232589
-4.635284113749127
-4.070934041879522
-3.691335421051254
-2.59670701323705
-0.5964778225895134
1.345005235990449
2.362465060520314
2.5121581202064873
2.5620033940246594
3.172023391457771
4.16230503504667
4.797378691914685
4.483836495667464
3.4572015564287235
2.5139901407406744
2.3255089759321685
2.2982826322202534
1.3070892391810969
-0.5531441380944198
-2.1255923972227175
-2.5347250602847584
-2.0056078372038986
-1.6529721597210782
-2.2371614135161932
-3.1579805366343083
-3.238228321667709
-2.1685011336221582
-0.5218370147856722
-0.1966267183595453
-0.6642858173203565
-0.09021557677140493
1.3938683988321643
2.682005312679277
3.003880402839582
2.58736944389205
2.287297398762619
2.679512895888456
3.3735152109499715
3.539556356783951
2.75868995656992
1.4754919998373428
0.45821317064789047
0.682614531080821
0.41077898189019785
-1.3399759027817968
-2.828105039415369
-3.122517358517476
-2.589293738844991
-2.225975288367567
-2.6167093690761054
-3.2386385129536093
-3.2925425167564994
-2.6028000941592704
-1.554231994683555
-1.1332111632071302
-1.3352508634108708
-0.9281685873118998
0.5643918133945328
1.5793515384915904
1.7669908644083663
1.597923808864952
1.6961400836907774
2.184626310783382
2.5523348526760086
2.3972881891454842
1.8040937361763576
1.256132101836528
0.9325323935795261
0.5887299419942605
-0.22894642642581872
-1.489649087031714
-2.2880739057265727
-2.573142897079137
-2.6970385219407866
-2.946815641424862
-3.218467135638505
-3.2266678878383908
-2.911590406305991
-2.534767040346911
-2.2005295809749024
-1.42261510709471
-0.39349921686764
0.3748847856743866
1.0087207612592344
1.545123972914915
2.069514028573639
2.5360162084802527
2.8509633354358406
2.906643818796728
2.7591052664986586
2.650570605949804
2.8200878926482997
3.11857514597209
3.148174325468213
2.570656162598453
1.429936398090809
0.8781608433437712
0.8036085105486106
0.2786704138960958
-0.8565905807622632
-2.033816649403281
-2.4431967969281314
-1.855859025605582
-1.027903148468059
-1.0269515107975018
-1.6992539757651524
-1.6873620675334216
0.17734593284687752
2.0875232792809277
2.5157789836962023
2.355352720926445
2.3892407398746403
3.1159886386794775
4.161602183243554
4.693824980928789
4.12414813459901
2.8358668765045487
1.87401383154911
1.881377369874472
1.958850685069679
0.010486892246531739
-3.044841180836943
-4.744563298082476
-5.063632917885438
-4.685447069167573
-4.67762916464612
-5.429828801178793
-6.290741047502309
-6.285657463401095
-5.087221098235194
-3.4997060577539836
-2.9283726786460837
-3.48584017903991
-3.538569148769553
-1.6187858478504347
1.8986028112777207
3.1361943675989026
2.775928949272767
2.2964169579866405
2.9898138665876157
4.5070093959099795
5.53196005816939
4.962921539993927
3.374161257682579
2.369270778911435
2.6607438184772096
3.256689910967595
2.455024074964526
-1.2571752137933079
-3.65118743428243
-3.7200275474952234
-2.898926987739801
-3.0611386072070434
-4.572601961529409
-6.016839822202417
-6.14009895548207
-4.838387553078534
-3.532254890694718
-3.668752023562716
-4.595514829140386
-4.321264000542346
-1.8902214861088071
1.7037561553204383
2.5743854539684947
1.7451965844453234
1.2284815241349964
2.406102037311144
3.933923361457373
3.987994391655855
2.346301097202014
0.5886329957478204
0.4593162332907016
1.2253272261195103
1.0524555009261365
-1.0091679958317452
-3.7826148059376252
-5.198362487324961
-4.9583204577894175
-3.973631597880739
-3.8113392942352915
-4.894688908452378
-6.042915461777363
-5.938177299763629
-4.340607983327917
-2.5465342450325195
-2.4156761179588138
-3.438029093190218
-3.2591857175322785
-0.9931630922233589
1.9216112417350288
2.922832047283021
2.03579341705665
0.9751308443015061
2.1273401664507676
4.271646798178034
5.202090623752981
4.623896114186159
3.748431097221608
3.840827096034207
5.031969661344288
6.248202592307436
6.244150207542642
4.876805145196552
3.154284021631801
2.4320029585422414
3.0629478397308265
3.682479740378883
2.7844656708602797
-0.5027559642028907
-2.7350940497879987
-2.348855674871557
-1.0277652171011489
-1.8706892316685184
-3.668627604808028
-4.6095916276020175
-3.972161111540055
-1.7031588273291218
0.3567957874112408
-0.1538196256497363
-1.1348249101740377
0.19563876454496246
2.9736433616335325
4.369625664014005
4.576356164597199
4.4713950888298495
4.825752906576907
5.713397905052129
6.397576802556729
6.1472605932973625
4.9801570720827995
3.59676754575874
2.935699448502781
3.224568738344892
3.1964546079284424
1.257277205168683
-2.0352340799514295
-3.7736148610001434
-3.7859733959843984
-3.855269592950256
-4.6175731320772035
