-0.0
-0.000497412680179127
-0.021764793944681123
-0.101500610474879
-0.2271639924256556
-0.32157837489854196
-0.3404683778039401
-0.3337321566222413
-0.36855174146752645
-0.42637478215867153
-0.4221449568525122
-0.3083383277838535
-0.1302978535762025
0.02557563493211961
0.12702961947882613
0.21011995147809057
0.3044187808403177
0.39546204212429753
0.4675346869581374
0.5389736829914992
0.6235915765081325
0.6751646538131426
0.6281648338584636
0.49285025863986115
0.3548854328606631
0.2721049075988403
0.2113076492795878
0.11179185948189752
-0.024274945302046935
-0.1489175314357388
-0.24422294468766814
-0.3265933270158599
-0.3862077814754564
-0.37852288548945034
-0.2957246326504301
-0.20710602834689562
-0.18274222476878663
-0.19845427692944884
-0.16962602394502774
-0.07158053340706247
0.0353043256121497
0.1087124887238485
0.17875876754431694
0.27059096505968433
0.33659091858519447
0.3232736649269863
0.26328687499351605
0.23088872793636425
0.22883032919391091
0.18701313135443284
0.0652527976910112
-0.10051479659506558
-0.2597590197121966
-0.40170475560973384
-0.5308626585830865
-0.6262927339937058
-0.6546313461396238
-0.6145711594739828
-0.5488149062079504
-0.5011027585866922
-0.4656917179229013
-0.3959857515007932
-0.26329432492886806
-0.08801621206929316
0.09067759343607885
0.2503039690089474
0.37773073873464175
0.44254553834114696
0.42847946725887187
0.3900959287873719
0.4078266501618956
0.47053835166923297
0.4704881361456377
0.335490548694291
0.12303169082027608
-0.04375457000713763
-0.11685434162547463
-0.15179985889244887
-0.1979523372030416
-0.23491217517188992
-0.23445244674409482
-0.22493633786911518
-0.24994867612459482
-0.2923409798202307
-0.2868670328851057
-0.20898610558204245
-0.11348707829043707
-0.0634053821309718
-0.055051857296796805
-0.04447819872469376
-0.022926596081813494
-0.02151588185832303
-0.0464724785827315
-0.05830324046496413
-0.03648509175033621
-0.024903901411983016
-0.07467434036970776
-0.16308306288501362
-0.21156005130983055
-0.18073090632769262
-0.10385166043074931
-0.01604460062127116
0.09317095933157196
0.22815144710910487
0.3388011014845478
0.37265216006231605
0.35771860344562534
0.38410122813777225
0.482446694053387
0.5668407009929027
0.5343310942768242
0.3804988137519919
0.17931463868371028
-0.020842637929288036
-0.2244624130188891
-0.4137688955501596
-0.5233891599248477
-0.5231703847443596
-0.4854091231648285
-0.5298879480628566
-0.6613192673681692
-0.7217249669960213
-0.5713098637635503
-0.2597533197951727
0.048041963484308475
0.27406583693893727
0.46795030786451325
0.65148517109777
0.7681910118527957
0.8148386173306208
0.8976738658864413
1.0870632350370237
1.2465550155622696
1.1774188058781752
0.8678871211319064
0.4867060858013178
0.1692674494912742
-0.06890337924581208
-0.2523686625618686
-0.393061429140373
-0.5091125698633936
-0.6839144922711896
-0.9673156187676716
-1.230127575037409
-1.281876716867016
-1.1195554364449538
-0.8979401226611778
-0.6260218431188759
-0.3876843996843004
-0.13787984776227585
0.09768567616630616
0.3202011618872218
0.6087632293036841
1.0050908452008498
1.4091529737703974
1.6342806889247323
1.6064646253670856
1.4091283458430344
1.1328362228347397
0.8337991551161659
0.4940508151714916
0.15638326781000206
-0.1343276672357402
-0.4283613364128219
-0.8155480205609519
-1.287184467387305
-1.68137968827146
-1.8311858010823086
-1.7297962712936468
-1.5208844549959246
-1.278339462584585
-0.9691742313802783
-0.6357052823029018
-0.3914493224159949
-0.12937246641882325
0.27849220064151625
0.8386311699161162
1.3746042512812087
1.6355770243825696
1.7172250769723365
1.5982277175026804
1.483503709073191
1.3944811065484284
1.2766701223957002
1.0744665075269388
0.7835231876626518
0.3573399404342891
-0.19029354602998783
-0.759691044316956
-1.2107730956028697
-1.427548026094935
-1.520592599549979
-1.4667712052727069
-1.3488766036828237
-1.194829733089783
-1.0400873777740192
-0.8779785400771911
-0.6084731458455184
-0.14429101376856523
0.44739070506085493
0.9722584738411347
1.2174978196666764
1.4320234824589408
1.5243085919335893
1.568389803277309
1.5558456313215547
1.5060423478797071
1.4501924582542984
1.3035000848735232
0.9073354371122014
0.24562507611292356
-0.4494690577769131
-0.9084748931666223
-1.0580741366650237
-1.207570860002783
-1.3375853960009898
-1.4272131417742482
-1.4171389280277613
-1.3624198095102515
-1.2690048514398877
-0.9939397802055401
-0.45644152604739435
0.17320818604653804
0.6417317180025105
0.863708280290852
1.0481176729943598
1.2264039137346237
1.3517917510635589
1.406714400010318
1.4749270281504683
1.584600706423816
1.5616283192493632
1.2244128878610807
0.6645816707064115
0.17798574303163744
-0.10079654978068803
-0.3138623483143184
-0.6135641122140088
-0.9401667316104858
-1.1783692954171272
-1.3660656172206331
-1.5891055157349547
-1.736184084091285
-1.5666891692613563
-1.0469541858566482
-0.43518145186908935
0.023169767444330556
0.34470007969796157
0.6874796179837463
1.0983309141182196
1.415938175474007
1.6569520093264782
1.935093699439944
2.1784738725536235
2.2209242908579627
1.9679728231485953
1.426983150567379
0.904211296377152
0.5583249723754615
0.3283617934155989
0.049449579038678554
-0.30216656997157565
-0.6060064946367433
-0.9741764116031817
-1.3391095410730058
-1.6990527441330063
-1.8926003196330476
-1.6452628494229855
-1.2144446203557453
-0.8505157169167752
-0.5916227418634612
-0.3325246353639873
-0.03704466887990175
0.2635383542947023
0.5734994056221036
0.9315193160666682
1.2567572848303614
1.3152483473832954
1.0940578411198412
0.6801173009415733
0.39865207141997205
0.36642887833829885
0.42012827263963953
0.38911906297696663
0.2320154468522694
-0.037850629846514064
-0.45320826063655933
-0.9621356345995088
-1.2800219290703654
-1.407691001499693
-1.2630838504642394
-1.0966217188594019
-1.0370220251707138
-1.004230734365526
-0.8683412101558103
-0.563709040325308
-0.10859736857838698
0.4134794742255161
0.9177427220985221
1.3219677896267834
1.540009539365152
1.5222826909408296
1.4230789977508613
1.2956814649025286
1.1413056945102995
0.9129172582915728
0.6246878745084199
0.21204343225443878
-0.3594994834630621
-0.9920624268830246
-1.4935645467873493
-1.7532072471887346
-1.823786277562205
-1.7631059804526077
-1.774145333910423
-1.7159504334291156
-1.5373858738663397
-1.1983200776353176
-0.7245665591988895
-0.25545183824250256
0.3095616147796803
0.9880899109208625
1.6413658997865395
2.0557650426624368
2.179875507773489
2.2576183800449714
2.401932903849528
2.4620769778618525
2.2609228373224557
1.848620026130769
1.3094656146907564
0.6142070727162314
-0.28015609278395787
-1.2029548043244362
-1.8503849275505693
-2.10431730345726
-2.2560306575234685
-2.346006350089085
-2.604391738767905
-2.6977082443124036
-2.484817637349074
-2.0384129137148648
-1.4892779367029565
-0.9539631243033014
-0.4006892516023813
0.23272499144355402
0.8436172270094007
1.3110135935776848
1.6872967724247037
2.1334631956292474
2.6387964045698373
2.8933443289969754
2.7288613956176317
2.2442660017767597
1.7424572477272184
1.237400733866553
0.5713205685220407
-0.30788260639888737
-1.1521211862733447
-1.7453252741921659
-2.141810875593916
-2.5882160162535617
-2.966382702069078
-2.979289393358796
-2.6226644836475566
-2.0990956665947174
-1.6568386667601518
-1.2377053905311963
-0.6117546302651855
0.14188414512237224
0.7093154878046306
1.0493214955342465
1.4893428790561574
2.198187654381714
2.798465851481488
2.9089431340869494
2.59059329509146
2.196176786894317
1.9504320192808682
1.5203610638182743
0.8279874471100542
0.06951555527045897
-0.5562593318796616
-1.0830991297313695
-1.7260184662463767
-2.389180080012633
-2.726526266271037
-2.637860788900203
-2.2168380916670465
-1.7508231465814899
-1.457337918435731
-1.2227381903968806
-0.7588687640296664
-0.06251489517246546
0.6825504762598738
1.3955609805599274
2.207038441826606
2.9442441581631806
3.3056923124715865
3.1729241884131394
2.906639453621226
2.7342511956284543
2.5776014444209703
2.444651198876781
1.9198298193369343
1.0881510277905828
0.1316177129867458
-0.765292553806822
-1.5672528362876181
-2.2814561352412586
-2.793021667666248
-2.9497598001326644
-2.8670171489227902
-2.7669082324409677
-2.798100868853563
-2.9040280370401312
-2.6099070766899377
-1.62059552537755
-0.3499839203814392
0.7070264754794092
1.4938654115870162
2.323156603466167
3.0711277366076635
3.480084565349193
3.6855878362127545
3.9004279775646835
4.22696405145685
4.48246530284377
4.226559617633137
3.245327047586322
1.9261351159774487
0.9134813653391857
0.07133160585197222
-1.0721445579114812
-2.4437892993594406
-3.466961138301607
-4.047817096075839
-4.6364920203543765
-5.438608001400616
-6.174687433662017
-6.519536319376062
-6.3278153297509245
-5.854251241162743
-5.536052080123653
-5.533517823461059
-5.43041171391179
-4.712516539545639
-3.518716274763286
-2.5826747389710087
-2.3566127163817883
-2.3413980019544844
-1.792778522768541
-0.7320949726521313
-0.015272960684955525
-0.27255653854706163
-0.9973805174842233
-1.341186813167481
-1.259534914423606
-1.6007249768717928
-2.468542248088341
-3.2591091896789885
-3.57079169313889
-3.9232752151330694
-4.755877482526007
-5.728796688317747
-6.349543493470127
-6.324444152525338
-5.8098887318475105
-5.315660804808367
-5.183068226165221
-4.9798475778185205
-4.072614449099419
-2.4414005886947767
-0.7973174215080787
0.30296467687472
1.2366961287396936
2.8596513794450575
5.156726481682713
6.973346545418911
7.805175061178464
8.094293519642353
8.455437655632528
9.074625240055516
9.813293379480617
10.289468707319598
10.316179465491203
10.051068733353056
9.771390385354408
9.626223622512159
9.387262365823517
8.700142466502733
7.456950604402301
5.9676029625036655
4.755665448704557
4.107483674880972
3.65593508547539
2.325731094097058
0.29946614449170533
-0.7464170264553167
-0.8472983071276928
-0.9647906743135576
-1.3367449526268214
-1.36225281678239
-0.5146761561340245
0.9065933338739454
2.0381460865767247
2.3686421468457546
2.4629682991271338
3.2079775554107663
4.026995574403998
4.514770555508518
4.600358683546082
4.522965812256422
4.440992934010462
4.024667834792422
2.817075430016698
0.7776281256601736
-1.7267526893927794
-4.4021673352814
-6.599981976193334
-8.598684135889341
-10.977657219054887
-13.40313524945425
-15.378624091064646
-16.625492474107762
-17.19898772631874
-17.353380828127733
-17.26704439485088
-16.919726484516453
-16.126225093908616
-14.71264092572297
-12.677343865030853
-10.23226653912781
-7.565280037192614
-4.620577931862859
-1.0391536524275318
2.132454125368084
4.197366565495688
6.295700230151653
8.154274459732928
9.309124387899118
9.587819931726777
9.309723130544569
8.939616112873438
8.637298667277129
8.141663403851823
7.027596186421151
5.174127090671256
2.7353215592856444
-0.13517773913108347
-1.8981256612335486
-3.3830638283291385
-5.301681777568796
-7.397556631809888
-8.646518361114062
-8.44576671729446
-7.250782328144221
-6.147372844972437
-5.824486152193468
-5.606880249258962
-3.9436625755416923
0.7008447244628802
3.6456376382482505
4.469537199495201
4.796663598139219
5.785508176043733
7.692088444034881
9.662623310996192
10.558430546622558
10.041680917138972
8.802330911782782
7.865369265765752
7.583398103590669
7.319609152555503
6.127854927491486
3.685996232993225
-0.5503458408696273
-2.1539974080051696
-2.6864101724854548
-4.035283787403577
-6.390659005258354
-8.46301884924841
-9.03776880915439
-7.993386053712057
-6.513421685201961
-5.823887133453921
-5.820312574179432
-5.1706020431308986
-2.8234983358657804
0.7772820525942898
3.7537012115400117
4.342789746454356
4.539498623250766
5.6461617427398485
7.368097791494271
8.702856768570921
8.781138067052998
7.8408748731427025
6.9017454101360745
6.611105235912814
6.740596864059542
6.368062753176014
4.860448467299452
2.024637892455009
-1.6098737636229365
-3.205604076034123
-4.8752428492275985
-6.903267710569347
-8.890549843769678
-10.507935806407591
-11.350729384739738
-11.245681790251226
-10.453908791760327
-9.510511107394178
-8.804753146569453
-8.185249124588301
-6.712462288449632
-3.266880096340418
0.10107512923108405
2.0098642412009746
3.093328655358284
4.272220095115763
6.016396550462941
7.906575478938871
9.049391565196967
8.974690489418995
8.08126722561613
7.107135444448929
6.661556560976457
6.535948813349645
5.25623825971317
1.1899594238232032
-2.8072766417391835
-5.175182899297004
-6.268799434750454
-7.423225737145138
-9.506367188608301
-11.980355483315137
-13.526568763752048
-13.114806750641973
-11.12655440986945
-8.975937227169947
-7.698885994557184
-6.793115130530167
-4.774656638457062
-1.2914992059649173
2.1311535499903718
4.030220958688027
4.484050215108907
4.831691542465949
6.170102797535643
8.098154929610253
9.271141803448208
8.573529967782735
6.551106630482293
4.625182233576108
4.068092741445181
4.076107442907871
2.610278913836429
-0.4607155696532349
-3.2816849443996206
-4.269553038327857
-3.741942702456603
-3.530645108326297
-4.7815188805418725
-6.340937761050199
-6.166725930635401
-3.8389872663809728
-0.5209623662575679
0.19353016716097876
-0.9129201528184209
-0.22717519076486392
2.314301819104169
4.740214265959802
5.547808344357722
5.055258451638123
4.697553719020937
5.415739162717864
6.520641757831621
6.58883459306997
4.954476985395081
2.508046655050026
0.6596967971099257
1.2716831840189502
1.0865175127672144
-2.020997306951849
-4.994289200647175
-5.891672668071566
-5.277765534094047
-4.7944129498933785
-5.425005198671813
-6.337340199215236
-6.225808914277797
-4.8156375283910435
-2.8166423971487093
-2.049538926983443
-2.4872675855772717
-1.9081428488735204
0.8174569013576443
2.8399989644821937
3.3551664309044478
3.14792591352625
3.325689390099563
4.1691568660808755
4.811906948440416
4.514930564075073
3.4427251220408315
2.3996796239908016
1.5713461646428972
0.815357328190961
-0.6032607252187723
-2.8174201730661785
-4.229773666971212
-4.752163349462821
-5.027785353789629
-5.602345503989017
-6.258744268633465
-6.415102996863823
-5.8921192702766
-5.059125342544145
-4.069254020893085
-2.2041195542004237
-0.3079900754905295
0.8411318980752338
1.7847395005867939
2.6525366299975977
3.6387844852641313
4.640116204271577
5.470448583788265
5.864873269093026
5.741755295767517
5.525579389040123
5.636513015011982
5.878911450561635
5.650359978707622
4.411273016239135
2.484514574762864
1.940715395203923
2.1138553883232283
1.1773774289783026
-1.102375382984247
-3.60997399764707
-4.718839115069191
-3.872855408918457
-2.3638267563799955
-2.037718037964778
-2.7679987346954387
-2.3402868232176464
1.2520584854240804
4.267797962041116
4.673568796254379
4.216106680457951
4.281492120645909
5.742402570194885
7.846270561675334
9.03645303180259
8.100716166498053
5.690059090653847
3.691766368455991
3.1871045759325574
2.819934135052748
-1.0099084593515293
-5.936778864201157
-8.626887732649426
-9.067492171082119
-8.508951103579532
-8.826108325638495
-10.555151903042807
-12.461686532586548
-12.666285764517479
-10.4681553545742
-7.3180060662807485
-5.708905647783566
-6.059540097543602
-5.8006901519780705
-2.369864128975929
3.3381571853972147
5.201505274650859
4.5550084170247445
3.993016652234386
5.708205122276324
8.814392190978934
10.939415637520078
9.8792623631708
6.704430991957166
4.483304257432266
4.55172364645402
5.304576244375096
3.849931829584057
-2.2629888802066764
-6.0745025748494
-6.125330592261758
-5.013433009588022
-5.928836051697488
-9.191700920054261
-12.166537338245863
-12.495417536806137
-9.946488543776603
-7.084925817646281
-6.596454284585724
-7.732998900715479
-7.1764633577127235
-3.2182964023444187
2.2312254094308894
3.690926475884341
2.305846636230035
1.9154404154097424
4.645393372702832
7.89252840388399
8.143268416477085
4.971105093853224
1.1656772701870655
0.23700154620598832
1.1993412630120777
0.8970269489158055
-2.3895193621954984
-6.820849996936711
-9.094234635696031
-8.722020778777495
-7.381930908233154
-7.663499811705309
-10.013117617641301
-12.278644715023347
-12.1065348736739
-9.028794832810373
-5.3441528544431405
-4.313132108921853
-5.619302888942549
-5.38343728204573
-1.9000740906992641
2.6677837191448086
4.40707679234964
3.1551471820938053
2.076518996453168
4.875142479003544
8.955750075320822
10.56860001054212
9.174042481932537
7.1974172079197185
7.069741551830238
9.143875854161935
11.43770763370688
11.70615672988478
9.563287105363045
6.775855819401584
5.564685106555011
6.366025010597975
6.849156280972362
4.44712336568263
-2.052494386394018
-5.5633413129699765
-4.252369960150867
-1.220540633700571
-2.3668456070945445
-5.9618044957311715
-8.263547136425927
-7.888271596625792
-4.497452466937471
-0.6152042685858419
-0.5972594024874196
-1.2782421609864907
1.7689439972066903
6.438212142010107
8.629040918973962
8.622196324515503
8.211585236941943
8.736035433367359
10.408507417391089
11.887371893942559
11.755441712294171
9.907877797668846
7.523661721938247
6.156930487597528
6.201878908281332
5.444531036205543
1.201894204359352
-4.943812832850387
-7.36178676246212
-6.916074392672766
-6.85229893181896
-8.258740254768407
