-0.0
0.011591688824611106
0.027535105926201345
-0.0102376795160946
-0.12473433765303932
-0.2501535023975135
-0.3227818406619945
-0.35691101332994435
-0.3920119414326214
-0.41250865450716695
-0.37081170319260465
-0.25540290564637924
-0.11025511986557568
0.0066640322217548465
0.09078026375162646
0.1847500069460835
0.29539105645319974
0.3778974747580772
0.40532200068105434
0.41674938097518177
0.47003168747930946
0.5489948196979479
0.5765426364714309
0.5174463257616255
0.4065239966674133
0.2817324332972505
0.13745780847914427
-0.028012750232958114
-0.1575058881338044
-0.19381747649419756
-0.16903405750144007
-0.17363617091064742
-0.24589054132514807
-0.329855558440809
-0.35246643842998426
-0.3105531622522648
-0.2451566658191008
-0.16122938356544658
-0.03964218753168877
0.08057545782156719
0.11584932972954642
0.06006884834314724
0.021725363955995745
0.0921954432181785
0.2331022870495454
0.3414393099212575
0.3792824925851263
0.3672963879969753
0.2985822274406401
0.14859825015358524
-0.04646959151653848
-0.19690802789016065
-0.259972635944055
-0.28530931023306777
-0.34451416673127055
-0.4532156372971894
-0.5673797291313423
-0.6300662826113034
-0.615192442516055
-0.5322105165750072
-0.4006959927529322
-0.24176716702149742
-0.09350070257689821
0.003395667687890244
0.05010647862648601
0.10357691333935323
0.21930588421142042
0.37141067523217625
0.47103797569746503
0.4840035192358101
0.4565389070639597
0.41416289846333465
0.3291479000052838
0.19203368622714378
0.05653568153515366
-0.012264593204586586
-0.03242966005173956
-0.08933620684457844
-0.20542001993640374
-0.2997517727911056
-0.29916881672763534
-0.22812780446881914
-0.16629324497276557
-0.15062767269831512
-0.15498984232360924
-0.15240903857673613
-0.15222810609520834
-0.15791932887826715
-0.12897574878944715
-0.032717947511280716
0.08587969700407637
0.1332695107712304
0.07179841322457305
-0.03746533357743951
-0.11332922081477881
-0.13901571103152943
-0.1436605326372284
-0.13556856025128258
-0.1009973519299294
-0.05993534921605931
-0.0632727677655668
-0.10453961611037908
-0.09228649896546218
0.042484441451815375
0.2547055765674231
0.42749761172744416
0.4920629618129711
0.4790223927607812
0.44043311709400346
0.38091027013183965
0.301028558423818
0.2416776502027202
0.23108177572613323
0.20386231445480102
0.04355117927798543
-0.2658076759295406
-0.5894729077339393
-0.7577065925600537
-0.7135264396981496
-0.5593867087830635
-0.42582963290549863
-0.3357021752687704
-0.2625744595841429
-0.2261271452513589
-0.23103995216939452
-0.1638058717612677
0.12560451887555343
0.5970705614128523
0.9932369293975195
1.1135309297455116
1.0103372736614007
0.865448174761636
0.7560508301028089
0.6631660513707338
0.6122008385764137
0.6240064328121331
0.5784746003935675
0.312822908470966
-0.15869853475626194
-0.6360906760709781
-0.9245787771996207
-0.9769984187282749
-0.8874609215406694
-0.7705706645165376
-0.6950512611968916
-0.7125606679388731
-0.8167386188644706
-0.9444074401431974
-0.8161602816394226
-0.38569724508205716
0.1788866354376228
0.6427813441438044
0.9143770330567067
1.0405920563131243
1.0842593285879243
1.0879176109336521
1.1090574478340012
1.2024078569876753
1.2981388356478185
1.2014505567211455
0.7832669608929949
0.15041698262565406
-0.4428657843352464
-0.8252951688751329
-1.0059501202208616
-1.0832116984207243
-1.130349333698322
-1.1919219029574464
-1.3188635800168496
-1.4857173831977246
-1.5465922302866058
-1.2903259301449224
-0.7347244386239025
-0.11040545306870733
0.37149485699610096
0.6667841360404494
0.8288317356203232
0.9177506577569942
1.013162197129176
1.1816149413460544
1.436291644943613
1.6598983686223954
1.6808253338233938
1.3895747552883138
0.8764203969480584
0.34900436266553414
-0.05659670093256122
-0.3277660851605541
-0.5270508229719351
-0.7354297820104523
-1.0098701019225282
-1.330615971532017
-1.5965242133271373
-1.6433050822299926
-1.382353440713418
-0.913507484593236
-0.4487622270463184
-0.11252972166632484
0.11331527755249596
0.2902635116322411
0.4676475881185189
0.7181645844093012
1.0902501533513356
1.5353129399100545
1.8355296072381557
1.7964840420609716
1.4540132190497006
1.0367220066454257
0.7250191994608773
0.4994514420364434
0.24736160639685595
-0.05523031720160112
-0.37994552510296953
-0.7719229608070557
-1.2550206961854187
-1.682237126739931
-1.7728351282285855
-1.4552523988409436
-0.9897074770801642
-0.6605140045344277
-0.4835575096037177
-0.3253929578776582
-0.1375661816945051
0.08225458776757676
0.4257333870091005
0.9495847178918341
1.4913439342724135
1.7417734410322603
1.5687784975132117
1.1872408382268975
0.9149179219684597
0.8341574374946296
0.8123373389790831
0.7579783357283207
0.6722109644963548
0.4648425566323373
-0.03436265717948368
-0.776312106924433
-1.3942842191779117
-1.5667893388160916
-1.3718578217382156
-1.143733146687715
-1.0564135750080526
-1.0210344673894463
-0.9356312402837659
-0.8016125598434845
-0.5754329712561475
-0.11026762462100012
0.6321236240770237
1.4110156697557696
1.8760098503480354
1.8925650439076056
1.6581210452258408
1.4668186714763976
1.424469686525998
1.4310244323604082
1.4045660135088753
1.2701156274524503
0.983433201978376
0.46046943595488626
-0.2523546800724086
-0.867999579076099
-1.0860359048688941
-0.9505412314231757
-0.8132218672246638
-0.9151455845567988
-1.1915470016067258
-1.4510013417366179
-1.5797245208521224
-1.5026067802848575
-1.0639685552791827
-0.2882774030658663
0.5639935857387359
1.080107196852702
1.1109611823998324
0.8543381113906756
0.6150976183462353
0.5339658160398186
0.5754436286231377
0.6994347020413647
0.8517391711495748
0.872988647971356
0.5971952702826555
0.09704428669319506
-0.3147171905493532
-0.42220687085725594
-0.36172031779969294
-0.39896357405668953
-0.6134816391366379
-0.9183767675189304
-1.2291724952781613
-1.464826117573781
-1.4705100770598336
-1.1947052966540639
-0.6577701366631327
-0.06583953557978217
0.3541583409376739
0.5367670361952999
0.6061571492197703
0.7512407344176545
1.0351983966446752
1.3514139412991784
1.5988364453164758
1.6460248913362718
1.3997884902847624
0.890266760173048
0.3156783079497023
-0.1768137004138698
-0.5540753273701834
-0.831100666816303
-1.0383511839921293
-1.2353092745799799
-1.4589942838995165
-1.6846079144637962
-1.8564580486379987
-1.8177974980680807
-1.478464027302961
-0.9282459921081475
-0.4172209479871606
-0.055365996050478795
0.25482555793368605
0.6689525637312633
1.1829750563667734
1.6588607807265503
1.9979829013941293
2.253725836607544
2.4019622015019544
2.3208806768461825
1.97238832010356
1.5215656804420938
1.1003922396597936
0.6373995360776646
-0.030149214417391875
-0.8704415538897072
-1.6291346381219092
-2.1089383301531814
-2.3243448654900014
-2.3682222403726296
-2.299781761316234
-2.0980205489788655
-1.808019279095455
-1.5384919858527426
-1.3363917391326474
-1.125656127812285
-0.7033007299741745
0.0272714856634115
0.8576323120254318
1.4822930835761694
1.8106555015770534
1.9965223693140783
2.181071093338322
2.280803529557751
2.2187669689315777
2.0797020733907012
1.9181343232781831
1.6075440316930738
0.8799052069584149
-0.26023113811923143
-1.3674985942371973
-2.023956886420436
-2.2570022366653832
-2.36952112046654
-2.4205060220529284
-2.309265865838274
-2.0917646394248766
-1.8875944607625854
-1.7233566748815232
-1.4127157546967632
-0.6740486671199583
0.32196645835168264
1.0447465460776086
1.2883708471515076
1.391103306926366
1.6846142005961635
2.0475390918148317
2.2435080810720303
2.3009977117193605
2.3555934303447534
2.353583228126778
1.8596669664647485
0.819379693496055
-0.3346920943934433
-1.10804951707138
-1.42531897149159
-1.5877688383978805
-1.7672582240323167
-1.9324397429611204
-2.064140796082579
-2.1217627782252046
-2.057257537524858
-1.8596651615309427
-1.3079018707688004
-0.43978210531975753
0.4631308989289801
1.0228686975536798
1.238309800028865
1.5165818359604348
2.02582010881089
2.5437118118014115
2.882782881856355
3.0670805073459038
3.0455789136248055
2.7468935180340845
2.067364524770845
1.1522502567103245
0.3092435876707839
-0.20862405762636607
-0.4455527750646044
-0.7463189881421377
-1.3704770347167552
-2.236678819995931
-2.9736729467740606
-3.288906097214676
-3.1355669456261372
-2.720994602028434
-2.212710800048945
-1.5726681939988878
-0.8260790150767283
-0.25276656771613804
0.04045487026822747
0.443312363414257
1.4093516802496981
2.6755940346707807
3.5951700947021927
3.9257656231425004
3.908687550322818
3.8190511649309946
3.7143255054201614
3.3702449369409133
2.627565883799749
1.8144819374355146
1.3034322570830839
0.7588214166505236
-0.3931448252122572
-2.0931529881117648
-3.538274494442007
-4.196095247984033
-4.424215632441353
-4.664320598546443
-4.9675669246111855
-5.128110788382976
-5.00742910045948
-4.782227986227503
-4.789034250713121
-5.078371923697373
-5.113667257419163
-4.330539804576267
-2.879950278821385
-1.6388864302902595
-1.2596505195622547
-1.3594615230030407
-1.1655497367962215
-0.5666238480208776
-0.2304167458377261
-0.5400051999979456
-0.8689575548413561
-0.5405057130382561
-0.01114783047568979
-0.36149330445961214
-1.5856233047380837
-2.902453344427466
-3.5658104700471505
-3.787805626984652
-4.114557801230555
-4.618004268976295
-5.028818124024889
-5.083964534158887
-4.852353973930212
-4.735894694662301
-4.9474258235711925
-4.947800542920217
-4.063195922787842
-2.303814333015024
-0.49022440907954
0.6417167821696818
1.35144589130343
2.4574924945236387
4.117954174238244
5.623583714687616
6.529528464948975
7.09406346540752
7.663887459543944
8.362925184786192
9.071184136833267
9.445382436098535
9.330754607942012
8.932154242322442
8.592094481006363
8.497304153181483
8.410724027421098
7.912205804834544
6.837216782632678
5.415054048798171
4.123823587427082
3.305238382370881
2.5154626906922286
0.7588322498500406
-0.9876880322210712
-1.3408930044390712
-0.7512010803779984
-0.5305026949873265
-1.0137192745755224
-1.4470460788669424
-1.093571768031327
-0.06332903707985224
0.996910592999444
1.7021108060073964
2.3023126058107732
3.1136731632658696
3.8624777412863582
4.184696790712596
4.037036591650823
3.848929812455437
3.905876157853263
3.869294228762458
3.220369316707441
1.837674821017987
-0.041107823139699004
-2.5385844537305458
-5.337349034271794
-7.581404301313947
-9.842444655899612
-11.933850086441208
-13.46248201783057
-14.293278523391232
-14.60860373555078
-14.71773181248463
-14.785194449809188
-14.72918728096418
-14.27251877666146
-13.149677094615434
-11.33758296820829
-9.021718630588058
-6.399178995055924
-3.3306227634640955
0.26696389240259033
2.381553322876411
3.9347901569331842
5.7528017258265125
7.429221020095079
8.524215479892183
8.830516233294125
8.639057743549134
8.36820202576791
8.13025256004918
7.675781381821491
6.562234649587417
4.647653893004128
2.121983253879749
-0.9159299267784591
-2.156112300671637
-3.1191243934809334
-4.8994271444334725
-6.9408592212770825
-8.120732490315474
-7.833755184329265
-6.526871606921437
-5.410545147040937
-5.269828126322961
-5.393952304426803
-4.121438762041077
0.163530638758888
3.2338505980585115
4.17929110939833
4.4946828167468285
5.361531505418483
7.075211271718537
8.82688168783928
9.576470958772042
9.052215520619974
7.949431979760021
7.242413008528256
7.202735209241769
7.1289409725671105
5.98530249787934
3.294061998697095
-1.3821040068212462
-2.9870201283547395
-3.1416162883752508
-3.976605284014597
-5.893665971165671
-7.626506409201836
-8.001266381398056
-6.949737046387309
-5.688789518576364
-5.46373017495176
-5.962786859629885
-5.619490364840297
-3.2773329772821564
0.6537313114688218
4.0599513843357125
4.477815908992072
4.336294911690344
5.204044815909789
6.719461617775915
7.83688013759817
7.808053505609083
6.892099858900588
6.088262993398201
6.010213412557872
6.365614312006588
6.24880458834747
4.9528990851885055
2.325780175046486
-1.367995825102902
-2.992411160133388
-4.614660766083748
-6.518563821320669
-8.273461097143887
-9.544285995138448
-10.036925141789672
-9.681191526850604
-8.828302220259301
-8.04029119865004
-7.723045929084937
-7.539580902835679
-6.467743666062139
-3.2898427522453506
-0.016636458484483606
1.9829425198509667
3.117813248808552
4.217113000931757
5.77643433998038
7.443166718890363
8.38578654282165
8.191417858558918
7.293300014056634
6.4036044225187005
6.190324990074293
6.402688266658588
5.5057238436388225
1.7136614299680546
-2.4860290210538065
-5.060289129236526
-6.046605406188342
-6.784092391857526
-8.42900731791798
-10.629431018663245
-12.021680016112562
-11.616689544736385
-9.790131346618047
-7.978077946957695
-7.190962357355111
-6.708313337186385
-4.72321703211393
-0.8901797318744745
2.7883376011229046
4.610579596939955
4.704419325358696
4.538750772288631
5.431889959061795
7.125501541454552
8.275750500076732
7.82650557498037
6.093942913374263
4.569977695779225
4.437691618823338
4.33067385067478
2.1705312877606993
-1.5624810483692555
-4.492881807682272
-5.002426134355025
-3.5937685229005867
-2.515265863068312
-3.4011227055349984
-5.209693424592929
-5.676519558322491
-4.092522479954835
-1.3877088628214238
-0.9387386915561198
-1.5167716526124617
-0.1027973028339929
2.7840252776200933
5.0694859595588655
5.439184617067178
4.408697203496585
3.661330458549517
4.38422514023349
5.818327477736889
6.357396594679719
5.13545866998621
2.8887128835550433
1.0162636958525362
1.222191821641291
0.4154543100807907
-2.877501102333144
-5.3498239686745634
-5.528901488746818
-4.192835245106056
-3.347314264841428
-4.1458709896589925
-5.505242385968656
-5.816994595009679
-4.704364096005715
-2.8608294984051463
-2.0988619047371717
-2.4142581207823306
-1.484939991783823
1.246905368937493
2.93661189142166
3.107779365404927
2.696640209777967
2.8781125800083487
3.8210813801344914
4.523538511266191
4.245810500642836
3.156159229070476
2.194749151686014
1.8392752048731613
1.337250668328298
-0.23413372407658875
-2.6311203276608475
-4.13451310614201
-4.6593641108936845
-4.836902744060534
-5.175927386086423
-5.5127215553248865
-5.386761016487827
-4.758399016592628
-4.212038584230161
-3.979121307159552
-2.999237461324793
-1.1312933591856311
0.530032987839951
1.9047575557953298
2.998908813335804
3.9306700256475797
4.635616679865188
4.958722599623437
4.807140148096494
4.3499879304571625
4.16914765928415
4.678240461137985
5.527287401588454
5.8644024341246475
4.991158964081338
2.7456228379898118
1.2712457054133004
0.8255039358162931
-0.158139286255535
-2.030683955726114
-3.8289137792099743
-4.217397489375785
-2.915134563135353
-1.3958317994565146
-1.7184598079282989
-3.4471926070634016
-3.831408674992854
-0.6279840644471638
3.3675271839487833
4.527575245713773
4.398831431601561
4.457528260913565
5.654637474639873
7.375205583754887
8.131601591153382
6.983768050612184
4.682407596851747
3.1625596292322102
3.6942212921203814
4.344762028285269
1.0495004247355293
-5.200045480569137
-8.726826986417692
-9.45325158849119
-8.628540084749153
-8.28303830739593
-9.304989920147523
-10.547327922757466
-10.324134973617333
-8.1388645343301
-5.482518810558156
-5.001910261629082
-6.690510931738713
-7.141980366561536
-3.5510032722714313
3.6063345572962513
6.269439244278887
5.598229307835138
4.406143432092064
5.227392165435061
7.670445375401826
9.294282911296381
8.273119433354726
5.636901224144546
4.1825405435132605
5.180212944009006
6.6070927739800664
5.129564227006096
-2.3352175699193105
-7.280092273195182
-7.481044753368723
-5.589682340733073
-5.267584573677646
-7.533048014435876
-9.840846120058899
-9.962849917938485
-7.750376163251533
-5.834649670246755
-6.822373116466613
-9.075556138347821
-8.628991850670694
-3.6953777052474424
4.000433104268555
5.725145760550916
4.077384391037575
2.5778550442031647
4.1551654389665185
6.496189682984142
6.443215330957237
3.6107257992720196
0.9873066983965829
1.4429935086782053
3.282415599243182
2.9524342912720964
-1.301613510216751
-7.01444191797043
-9.919295998266556
-9.413532127603903
-7.152024025612606
-6.276777108402465
-7.889696533934347
-9.823921552162052
-9.61294241794348
-6.847412927011619
-3.970050800147347
-4.5224448601224285
-6.955632322310413
-6.537360398400207
-1.7325192354170955
4.360713310071534
6.283473703164198
4.290970820132935
1.4949314547463697
2.9058169138054004
6.6682252426562805
8.458566590270252
7.738319945312057
6.51387452390258
6.9784676346242245
9.261056379163447
11.415718168471027
11.132447686180907
8.274115393705856
4.761253418120273
3.3306089146086797
4.837380671244538
6.619881617437857
5.737338271924336
0.22859808171552748
-4.440528215503758
-4.338804556259496
-2.728210272459916
-4.475387326607343
-7.45656783161569
-8.596495200691175
-6.640304884943116
-1.7321711235693984
1.922268019217484
0.1833366248806762
-2.872493430465769
-1.0534358505493737
4.438185817502416
7.353217574371711
8.116283983115606
8.151705703079642
8.914638397729957
10.488816760142125
11.512853394458437
10.734066755533945
8.30462447988188
5.631875253427863
4.579901204930917
5.592303709088696
6.246819687804743
3.3968263838550254
-2.500259337978977
-6.440586953132035
-6.93150190048028
-7.248735117337854
-8.630495233117816
