-0.0
0.00031398109194652886
0.00036388940461151053
-0.0027950564579114247
-0.01194357311009981
-0.02613571316093422
-0.04303815395524598
-0.06378368427517726
-0.09083876556007843
-0.12345602485203487
-0.15726213530132283
-0.1892502757431651
-0.22031457005903307
-0.2501645276572802
-0.27318202966188954
-0.2890165651967676
-0.3008284638527896
-0.30448423254387896
-0.2878966210270235
-0.25041522475348166
-0.20675499153585294
-0.16751049671272292
-0.12702035458106423
-0.0762713590154913
-0.021632875905469678
0.019214219416332456
0.03882139396920647
0.044474755503825604
0.04003797391358102
0.020821836556317294
-0.017545521311767263
-0.0663377169878051
-0.11025813614025819
-0.14317343870570876
-0.16790153932435886
-0.19730685145024443
-0.23811258118338247
-0.2727410365733885
-0.2812392046185946
-0.2713559033904204
-0.26754448516522183
-0.26803148555679424
-0.24195464640425973
-0.17979957347206887
-0.11371795977268384
-0.076042797900028
-0.06173344951377124
-0.03413671097172523
0.01757403542029251
0.060724594895591386
0.06830789767694473
0.05482310435672322
0.04935419174042536
0.04164579341584396
-0.0021272712082383532
-0.08218039534178317
-0.15724109664813934
-0.1979347393187619
-0.22365530056504296
-0.260648616156292
-0.29405209923392733
-0.2937025445605951
-0.262711936201146
-0.235687248891596
-0.22329062380320885
-0.19510451041046578
-0.12960294632453895
-0.049097852593062034
0.008185276175688542
0.04194260643861855
0.07669444568272933
0.11108399083725805
0.10833637192043573
0.0578522669342635
0.0020036791760732783
-0.018574048674351584
-0.015536900125869139
-0.03335206919629982
-0.08234517901407999
-0.10913310267446047
-0.07183355744677145
-0.0037918609842824864
0.037443253980065525
0.059294760636409795
0.11658784171973506
0.21851704219142143
0.30539470641129896
0.3314448288833992
0.3281938039008597
0.35171795626175084
0.3951271277632323
0.39973956529111127
0.34925649259417957
0.29501949587934784
0.27659160526986526
0.2677227910495104
0.2262808562861749
0.16274071830151063
0.12005647026056956
0.1017552170171897
0.05992517576093526
-0.04068689861520081
-0.17055987380078316
-0.2641555832922926
-0.2982550693560299
-0.3085915326567667
-0.31940984383333837
-0.3053660787738801
-0.23939231337185263
-0.14976122614200907
-0.08852476787591473
-0.049501414650038045
0.02490625427338364
0.1589222733389498
0.3040376146239464
0.40321552640292385
0.4611462263443352
0.5173050252482247
0.5696824472032209
0.5718361530831837
0.5061655736082262
0.41848156118586205
0.3534163479641003
0.28768682697330394
0.1646594967037919
-0.014883830192337744
-0.18947625944257432
-0.31913498057890394
-0.42014672574622963
-0.5091696267708051
-0.5562478120165353
-0.5280629094374655
-0.44467218996304075
-0.3604248763709219
-0.28882413114061206
-0.18537920855871257
-0.02066377889537038
0.16890442858145
0.3272977117784078
0.4500272247901001
0.5720581542160639
0.6869427412086946
0.7474544934629341
0.7346982289468705
0.6849478846225263
0.6449764236587108
0.4852651206985847
0.5039105819445833
0.3243982264228959
0.118716162115614
-0.06365043577792356
-0.2256817262942639
-0.3843414351117687
-0.5110872752656781
-0.5592259987903886
-0.5363132768671909
-0.4971704868683959
-0.46856896100150114
-0.40564208475450997
-0.26596787729870563
-0.07882286366284422
0.0932962549178574
0.23976266496840395
0.3944818468955409
0.556571941771765
0.6722440792089657
0.7104957673601467
0.7125536502987009
0.734224891374329
0.6888780723140427
0.6107273732007275
0.4824285895296658
0.31264836734901097
0.13524069614658168
-0.04513984436662837
-0.2698608631399506
-0.4813405242750759
-0.5865264640951985
-0.5913306319630227
-0.5813480875182924
-0.6097930914578275
-0.5925089559180297
-0.5226882829633159
-0.3809929358310449
-0.22421699934526026
-0.08423615790640077
0.07461297220675005
0.2560319453095979
0.4032858015920115
0.47015039025015265
0.4878575516384603
0.5127515319024054
0.5511112196756367
0.5423288603041776
0.4553503406680802
0.33434240619369465
0.2282465636778695
0.11910857688857593
-0.022049108018834782
-0.16593923061115193
-0.24848868963705123
-0.263641935684362
-0.25770546935070177
-0.2900081650060918
-0.33225391419345246
-0.3180900463062116
-0.23733392412114784
-0.145586188850495
-0.0748455421206998
0.002820163424199861
0.10800435513748897
0.2077167600425734
0.2603276848872692
0.2860741873807743
0.33280914748422163
0.4053972105911926
0.43434620967625975
0.38268804524647165
0.29528165654766625
0.22336296155251742
0.14885324887781912
0.03242420601464276
-0.09680773491790774
-0.16856120977040484
-0.17220331364110048
-0.17904019788873757
-0.25048528751674437
-0.33189567088186583
-0.3251635419830781
-0.2272133935549024
-0.12095119592999821
-0.05145499882807785
0.01934930824268145
0.11627734865551423
0.18214528216017914
0.16826690836685315
0.13046725304555637
0.1604294725174307
0.26136701833349507
0.3408287748339079
0.3426591448621091
0.3322594677680218
0.38397465368595596
0.43024814696927727
0.34982909194532547
0.20932240500197527
0.19539383537548205
0.3119089199413462
0.3429122448255124
0.17952884863170862
-0.014838844963578384
-0.03159613254951996
0.07211401021963433
0.07572091405942699
-0.060776952142440915
-0.17738586008205007
-0.031674165605878705
0.05096772613025267
-0.08414909030617647
-0.33043751314637376
-0.4270683784672248
-0.3402254142617287
-0.29214881273759985
-0.3920348451960844
-0.45706228722353076
-0.2887106510664712
0.000956818140811824
0.17276019423990344
0.22123274382580613
0.34134322586380944
0.510194591269282
0.6504566803098005
0.47944673019728745
0.17147488600917127
-0.036739064597883994
-0.12142106374516691
-0.2559526650900247
-0.48469785634149765
-0.6195685693816773
-0.5237805483246886
-0.3211315721071825
-0.22598321624829937
-0.23400818715295452
-0.14610669324051387
0.10257057980586924
0.318404174830641
0.33862896511525653
0.269011869574901
0.3114623243634229
0.4525803091294315
0.49724226740433136
0.38880506648114616
0.2063745651495151
0.2929116923856316
0.3673825023992808
0.12121705305433687
-0.32595812591044887
-0.6645150789565758
-0.7643359623337787
-0.8248003004716229
-1.0169476501504358
-1.1745927864435988
-1.111851854903788
-0.8167083259940738
-0.5906240405956963
-0.47218692826997577
-0.28833338717072393
0.1278089599575943
0.6036498604926487
0.8299657987675431
0.7961203677912926
0.7911530358984205
1.0158020232098028
1.0824862431357218
1.0148241458682288
0.8643173155650037
0.8525291880907091
0.9384469641417232
0.7838529869487445
0.38451357461844854
0.01706829868051055
-0.14096100283063362
-0.2796615293327567
-0.6108266358766106
-0.9927059581975456
-1.1705190860050247
-1.1409911013151168
-1.116180062743372
-1.118651586898561
-1.0105168120372188
-0.6267562837278533
-0.10685747087079414
0.2873314368614514
0.5021656712145331
0.6948063688707055
0.9472605330381593
1.1477307926416715
1.1763797388653703
1.129985504637809
1.1781485081118472
1.1918518982962036
1.0297804200479121
0.6230857706504318
0.22536709498470991
0.03357371635552428
-0.07579488170770175
-0.3147850243941759
-0.6408487602761932
-0.8336689059310294
-0.8732596883259354
-0.9313735894582035
-1.0950960614536085
-1.1451274639109812
-0.9967107090461834
-0.7045462379231491
-0.45862799937456894
-0.36034613548637395
-0.18620163228618852
0.1879823868624334
0.5936319493209481
0.85367335538888
0.9778312860792775
1.1088305765809683
1.2434761742258995
1.2150390593959308
0.9413086261147771
0.5620727215433227
0.28890713995528955
0.10560343708537474
-0.15419154254587905
-0.48814491524962056
-0.7269587892800049
-0.8078396493485178
-0.8315428237667897
-0.887588609948018
-0.8906842114903866
-0.7457780209328415
-0.5781986026131969
-0.21947910715654836
-0.0833407895689663
0.06220229242670629
0.3217199944380309
0.5980527369651383
0.7877871174453548
0.9188160952456641
1.0835379311974673
1.2366698614763503
1.2570087086618904
1.1277701756022318
0.965554484617949
0.764066111308537
0.7297483981618276
0.6008491549065492
0.33695538241415773
0.008881167409864728
-0.2807438895173656
-0.521309320417439
-0.7636536025388196
-0.9323713758807917
-0.8779445978079554
-0.688057852218726
-0.41228997565272696
-0.4019186814666264
-0.11298565043550417
0.256123502861481
0.6719632838094676
0.9689750657014896
1.154011809065959
1.3395437409453692
1.4906694111448189
1.4834809159769384
1.3477036928855548
1.1320442718801802
0.9173618446479528
0.7104363943318973
0.4851628024764313
0.20945259145579967
-0.10128097317293301
-0.4282621136122425
-0.7508847213318013
-1.022151406829757
-1.1216101970734864
-1.0307663533353495
-0.8916391333886978
-0.7469547154586593
-0.5429069108204385
-0.24330384372566685
0.1280685088598499
0.49050960385626424
0.8774373337032618
1.3425035448595004
1.8072495281949312
2.115423466531554
2.1704499880524097
1.9487863309985318
1.656008816948208
1.4126418420235685
1.007807774313365
0.35851509671459947
-0.31549184329786545
-0.7805649161526101
-1.1304999682272872
-1.6620125854348302
-2.4202399158720396
-3.119107097160311
-3.5508753001546505
-3.719373164482568
-3.7315303786297243
-3.6799660360149655
-3.599647424468205
-3.466900340462843
-3.199794921051533
-2.7945563467435353
-2.252585673240308
-1.478081438166461
-0.5347979454322225
0.40413273126163674
1.2536219739679708
1.7508955148314123
1.9096708973516439
1.8667820898700527
1.7788961109613337
1.4486046094941334
0.7569080594557032
-0.05455852406295769
-0.6814482414461381
-1.1856692056913753
-1.8448387388943441
-2.705779341129767
-3.4875746181037606
-4.003392352504643
-4.232633788267022
-4.231838565764289
-4.106465931708639
-3.948711813147072
-3.735857929096558
-3.313066507633116
-2.5962565424928448
-1.7616488859895192
-0.9961809225018569
-0.18149357789943865
0.7930634332533418
1.8146115329634538
2.6681837654333322
3.2381623047045385
3.5796807842479974
3.814726586787281
4.007734014689765
4.1300679343831925
4.077357476189181
3.831550652038857
3.454301534402867
2.998158139152794
2.4617659990643883
1.7833564584449866
1.0073970305396434
0.12744619504528032
-0.813018965760385
-1.5951043667701783
-2.1839872519592234
-2.5182251345066002
-2.635205317706453
-2.6658640296592218
-2.7209291432403333
-2.5085892871430078
-1.7387137866090288
-0.48097178619339837
0.58876387822525
1.212485577249802
1.8055757067416718
2.521626354927934
3.181708725064844
3.4978339358111974
3.3307044971327104
2.985571122664871
2.8925962011180326
3.0252709676351546
2.880734337756996
1.8955864933846847
0.2409747093871663
-0.8963645524620103
-1.5380536263120608
-2.2849031522490257
-3.4358875862761686
-4.723147985015579
-5.613901408643391
-5.887890318994107
-5.812049994333083
-5.878292613977079
-6.246584865631682
-6.509958092060707
-6.061449467440473
-4.649392093748841
-2.5721335859627525
-0.5906754848207716
0.8414678083689687
1.9853161609517966
3.2287398243574623
4.70246410324931
5.806162506308396
6.198440355895364
6.065313758902479
5.865434746864739
5.904733857185615
6.025770513265717
5.762367094697314
4.791432318084457
3.2480483525499104
1.6108196820236411
0.1616046810717484
-0.8244397131418066
-2.2542713723933727
-3.8009884743206244
-4.8381512598458984
-5.081494036414233
-4.634672288837711
-4.018440062945767
-3.6052558297807744
-3.257603226410855
-2.5211414880042313
-0.9722355578977337
1.5062835882923462
2.5903828992311975
3.0717156995756194
3.480379010127068
4.036827333034959
4.751792015745761
5.3580692359829625
5.528771849834885
5.218286347126788
4.688437925849786
4.253057304710314
3.9720850843467552
3.575508812782457
2.696214863404045
1.0408714037263707
-1.5504046828154814
-2.898393863002866
-3.7443222993637146
-4.630545138711265
-5.698926200803482
-6.811921879903076
-7.5949205123515675
-7.7407478616529435
-7.310090105641752
-6.681029172726737
-6.2265708255910575
-5.90826238402782
-5.267399698022932
-3.81427713347188
-1.4000263213465092
0.4812075696780945
1.1184842652298765
1.497891238623896
2.3819725645455967
3.5735379034459855
4.32336369225107
4.136047639150326
3.3244160444005466
2.6123410922297157
2.4963871059255256
2.686713142210767
2.251471400629841
0.39852096097396245
-2.037825559244671
-2.4592262753771097
-2.129595101681918
-2.4973955093208566
-3.7978543312317408
-4.992297800879741
-5.1157111084784015
-4.030704873315797
-2.6137133919516344
-1.8804801776530384
-1.8262692275397239
-1.2888915820565032
0.643927830073511
3.1017641593487784
4.025101960475316
3.899662771461543
3.588048165075371
3.75326598452614
4.376068665782144
4.814793468521187
4.426716208236044
3.2197492665897256
1.8906147748675763
1.23371003341047
1.127536189088211
0.5420101320874752
-1.3034517034662156
-3.4785557629767934
-4.212856794710713
-3.9615317088144826
-3.7131074249350084
-4.080065227875797
-4.666359359576078
-4.661126601925225
-3.645432044212869
-2.0039258766567816
-0.6072034643439363
0.10047487804874736
0.586760506181023
1.7147302813097
3.4416245577974767
4.624761084177575
4.859412210493319
4.454718654917899
4.019671548690996
3.934847289667663
4.0059771981562085
3.6876423976456487
2.547130445950172
0.8341869734659481
-0.6519568403006413
-1.5074600606363973
-2.0417868332425373
-3.075356290979792
-4.565678262711422
-5.61631301318632
-5.786570858238777
-5.323978264869057
-4.813745190497737
-4.573191844707056
-4.420597853031353
-3.893606421658209
-2.7525943130677213
-1.1343936138758706
0.5312274590661601
1.3472951250566165
1.939160233596314
2.7699424152092935
3.5028303080559784
4.0353867001060095
4.118472063738181
3.790116840581155
3.269743745828989
2.8049448949131714
2.5193649305131496
2.239479571547741
1.5723390582913888
0.5220518778583213
-0.5564657410558891
-0.8167312359844822
-0.8351927677537171
-1.4862443267638463
-2.2108442564367197
-2.576592548086842
-2.2459062920712656
-1.445253116282585
-0.9335754472582694
-1.099018138505371
-1.292484574285747
-0.8961546197729039
0.1519368155638468
0.9092096618711153
0.8801660223345524
0.8292685306695362
1.6152720020831457
2.3485743459418424
2.677234593887974
2.516486281785199
2.1491724344891514
2.090061131024225
2.4255082673196298
2.6390267796370743
2.3138150771886963
1.4235645406197666
0.208822127003281
-0.5219792850714023
-0.7466686318323534
-1.772045216165608
-3.0682946713547565
-3.963813199113409
-4.090765894282769
-3.547710231019633
-2.898089163517429
-2.7115482022619966
-2.774489010575816
-2.2898392450618954
-0.7637723633286314
1.224511926399036
2.2064827951543613
2.3527054847888658
2.667509382813035
3.3667289408760377
4.180650034194629
4.6143415378149575
4.4149478143505805
3.80904282263763
3.3803409661150616
3.389997213575188
3.4301161256006742
2.8379771582119067
1.3118116353984877
-0.5635663983664926
-1.7466978018345387
-2.058322175782548
-2.76666037243116
-4.08843739050569
-5.224329220876413
-5.513823083244826
-4.8181637588840065
-3.759482018134811
-3.2112282051447503
-3.332185047324996
-3.3145712016393984
-2.178539241422517
0.49298159889516535
2.086614783760028
2.1121944133712383
1.9493076344569973
2.2169652822478008
2.945813126001833
3.5490937831826517
3.345795476226449
2.291200957259919
1.273477990426042
1.083696760523872
1.350103056590269
0.8912828818857429
-0.9662926567556087
-2.4111290716206897
-2.850834057795536
-2.780868137224321
-2.7781773416461384
-3.1821729258570945
-3.6820991639675675
-3.8569396031594807
-3.5512224752813846
-3.11067632557659
-3.0583334456217584
-3.3541041927670223
-3.500893529628392
-3.337523912874907
-2.8297558331418236
-1.6260244185820507
-0.7450392283479783
-0.657640270969626
-0.7563865135709958
-0.3660142776426765
0.28147451726597594
0.5711522949811899
0.36647867182159294
0.02462043205030709
0.10518925822149708
0.4366744846878954
0.390143866784352
-0.28481294271489077
-1.2033201873527415
-1.18866382450596
-1.1238324053702453
-1.4248773623086985
-2.048806561870435
-2.5665707417265367
-2.8748277035940415
-3.1903143249755512
-3.61224476599385
-3.962077293344562
-3.788350772296858
-3.1659162909145935
-2.60171602359139
-2.228466271075875
-1.166768004985831
0.22089681686014734
1.0885564632570792
1.4017060938973918
1.5323348539343455
2.099809159985542
3.0059842504740337
3.54908794686464
3.5663226230784986
3.3660644877163577
3.5793462211598692
4.366434786551404
5.257090759280995
5.506463937948333
5.268398182792989
4.896874855098277
4.530939990473701
3.901628355268413
2.7223515127543623
1.2276691477292936
-0.10312137444603439
-1.4220379753809433
-2.6326082376459827
-3.1647880079712385
-3.338721673130102
-3.8085936525472377
-4.204702118793538
-3.6994301894209367
-2.9969367234356237
-2.8186130025426817
-3.0125197859135806
-2.717617841846201
-1.9873995270358433
-1.3682207749981705
-1.1484545454015351
-1.0551542185183407
-0.9370811986358353
-0.5869810351135244
-0.05374949949305387
0.4422969523991535
0.6114348423252477
0.5181737573755837
0.5790168477187942
0.710489474308136
0.7067373366640075
0.4695624955140763
-0.1261574939917337
-0.2943927763336251
0.0031998136883113434
0.11892801981892272
-0.16689415596829765
-0.5513183380051816
-0.7823697467940388
-0.6722092558488705
-0.6753524178287875
-0.9637839866080004
-1.60129759742259
-1.947939573117397
-1.750323019435068
-0.9993368323853542
-0.9711254062552115
-1.664804996792169
-2.362780705339669
-2.285371761443793
-1.5758531567490728
-1.02371800492848
-1.2211366233827274
-1.745863632799393
-1.7640037225287815
-1.129026187047408
-0.6865720212725888
-1.3773350913851552
-2.225798369906375
-1.4188610563377588
0.7890012767860553
2.0876105199363826
2.090910575852818
1.6587598754324329
