24.0
23.999717
24.002149
24.019686
24.070202
24.161178
24.275307
24.374754
24.426578
24.427319
24.401637
24.375722
24.354402
24.324264
24.273435
24.205787
24.138158
24.085416
24.047781
24.008897
23.946023
23.850215
23.742655
23.669242
23.671514
23.754671
23.881026
23.996054
24.064816
24.091473
24.111679
24.166305
24.272381
24.405836
24.509939
24.532895
24.469182
24.366517
24.28919
24.270413
24.294003
24.31292
24.280682
24.173931
24.005138
23.826223
23.709565
23.70378
23.796221
23.921049
24.010865
24.045663
24.058396
24.102217
24.213352
24.390911
24.593334
24.751414
24.802384
24.731021
24.583945
24.438378
24.348072
24.310865
24.279546
24.198965
24.041407
23.826626
23.619327
23.49658
23.497714
23.596192
23.722875
23.823592
23.895666
23.968944
24.061717
24.163381
24.250278
24.302611
24.304772
24.245629
24.133194
24.004182
23.902717
23.843006
23.799719
23.739121
23.653879
23.564817
23.498925
23.476045
23.509714
23.601955
23.728946
23.842364
23.900687
23.903294
23.889107
23.902636
23.964367
24.067067
24.184408
24.274999
24.292943
24.217684
24.080273
23.949737
23.882152
23.880279
23.901903
23.900747
23.856627
23.778704
23.697734
23.656431
23.686528
23.774452
23.854308
23.857849
23.780422
23.692803
23.681134
23.774315
23.926994
24.060632
24.113456
24.068151
23.959754
23.86314
23.848329
23.9252
24.022994
24.044017
23.946759
23.780539
23.643808
23.610746
23.687909
23.818571
23.916447
23.913905
23.808222
23.673479
23.614532
23.689558
23.866245
24.047418
24.140472
24.111778
23.997668
23.87611
23.819956
23.850324
23.918509
23.937431
23.851594
23.687262
23.537505
23.494806
23.591716
23.785739
23.985543
24.099505
24.08521
23.981125
23.890573
23.911431
24.055465
24.232027
24.315658
24.244104
24.055689
23.864261
23.784944
23.860822
24.032321
24.164527
24.129472
23.90243
23.595511
23.387754
23.39121
23.579278
23.816991
23.955304
23.937637
23.826099
23.752456
23.831453
24.08279
24.40632
24.633081
24.634012
24.409804
24.090652
23.862512
23.841458
23.995667
24.166101
24.169021
23.917487
23.485929
23.075072
22.896061
23.019558
23.351169
23.678667
23.806011
23.698835
23.512175
23.481298
23.74886
24.251434
24.749422
24.980137
24.842634
24.450127
24.059284
23.911765
24.069208
24.373551
24.553323
24.404863
23.92975
23.341782
22.940044
22.924427
23.255485
23.691647
23.913871
23.747458
23.29774
22.892045
22.862341
23.314777
24.067168
24.75175
25.043731
24.855247
24.381899
23.969477
23.89152
24.167437
24.554079
24.711355
24.422101
23.729747
22.920002
22.374379
22.310614
22.668559
23.166208
23.263724
22.953943
22.391454
21.939685
21.910571
22.348426
23.068381
23.709456
23.950142
23.717529
23.162926
22.712325
22.531036
22.664491
22.897568
22.735908
22.126902
21.190563
20.261503
19.71863
19.869387
20.452753
21.14863
21.542117
21.460748
21.006152
20.69941
20.601899
20.853885
21.209001
21.425028
21.338661
20.993464
20.62895
20.539437
20.85635
21.329335
21.868005
21.955175
21.60922
21.087196
20.696348
20.676592
21.048358
21.601591
21.995812
21.983274
21.573415
21.044716
20.713132
20.804755
20.954543
21.417778
21.417655
21.126695
20.662108
20.30903
20.31548
20.719994
21.311456
21.576177
21.591863
21.132041
20.527113
20.153511
20.180029
20.643953
21.014546
21.206276
21.045357
20.636031
20.298852
20.299812
20.645161
21.265814
21.598267
21.541677
21.092516
20.563282
20.301796
20.515298
21.131618
21.791109
22.056787
21.553574
21.140215
20.497077
20.339339
20.747627
21.408118
21.930283
21.997095
21.523625
20.75456
20.149125
20.079867
20.52989
21.173737
21.527361
21.382706
20.849292
20.234073
20.103963
20.453288
21.266565
22.104369
22.463987
22.192387
21.440756
20.694141
20.403151
20.674007
21.422228
22.066115
22.202379
21.777608
20.997331
20.347768
20.234315
20.67836
21.327762
21.604528
21.264992
20.372595
19.525495
19.051233
19.468094
20.374269
21.40713
21.942381
21.750565
21.011295
20.313322
20.154096
20.568379
21.41874
22.085626
21.990973
21.243001
20.43759
19.679024
19.614753
20.178038
21.029757
21.480392
21.235594
20.270812
19.371275
18.845999
18.988304
19.555268
20.613557
21.000206
20.707236
19.957017
19.440786
19.562648
20.294528
21.528648
22.589281
22.992496
22.604206
21.704866
20.909136
20.834867
21.463162
22.263224
22.549015
22.052739
20.879033
19.389267
18.255429
17.845531
18.151526
18.779578
19.092322
18.822108
18.104406
17.503022
17.420804
18.020871
19.434172
21.401516
22.985816
23.883864
24.143382
23.90907
23.836296
24.478046
25.664272
26.880239
27.620181
27.830446
27.549824
26.767067
25.68283
24.636316
24.016607
24.009674
24.336258
24.4144
23.988777
22.384646
20.405006
18.922798
18.524788
18.936079
20.213829
21.88206
23.059975
23.699026
23.76247
23.696774
24.367702
25.66337
27.068813
27.966843
28.263663
27.929664
26.933726
25.448917
23.79939
22.400396
21.514758
20.923548
20.004315
18.279713
16.125435
13.999891
12.275262
11.184124
10.693626
10.729684
11.069398
11.464962
11.83683
12.006319
12.029861
12.15219
12.708189
13.994339
16.041666
18.881894
21.874522
23.36038
23.725586
23.478693
23.340192
23.508096
24.226464
24.777762
24.664436
23.442162
21.153204
17.97889
15.662383
14.02748
13.635894
14.114568
14.765106
15.049544
14.903334
14.874684
15.401012
16.796258
19.494381
23.438815
27.274466
30.201605
32.608469
34.132947
34.971596
35.466337
35.986303
36.596408
37.205536
37.418778
36.80395
35.073032
32.029773
27.808206
22.95698
18.090688
14.4961
11.713721
10.980332
10.550464
9.836381
8.909034
8.098477
7.869068
8.523719
10.035383
12.115135
14.556122
17.140637
21.445497
25.01998
27.325336
28.583992
28.813446
29.600599
30.123975
29.942036
29.141273
27.659385
25.367329
22.484489
19.378423
16.044825
12.998594
11.467479
10.528467
10.247848
10.360899
10.376708
10.127637
9.867397
10.019497
10.945262
12.709842
15.136717
17.779438
21.787647
26.012509
28.324669
30.008383
30.939248
31.62886
32.477788
33.168316
33.315144
32.818608
31.655661
29.839077
27.27621
23.917957
19.940719
16.704477
14.062425
12.645131
12.284454
12.554052
12.632989
12.297126
11.933956
11.926306
12.805588
14.543437
16.569408
18.722504
22.272025
25.508665
27.67506
29.357905
30.009887
30.50212
31.096945
31.172039
30.485776
29.100593
27.192208
24.713761
22.085184
19.321067
16.72893
14.591432
12.699001
11.460962
11.162574
11.464296
11.901586
12.311244
12.981057
13.994293
15.611308
17.790686
20.034272
22.446513
25.075009
27.712117
29.788887
31.035787
31.373197
31.221267
30.874527
30.139966
28.662526
26.516209
24.160573
21.466538
18.575192
15.929108
14.093178
12.449497
11.378116
11.207325
11.947881
13.258798
14.653277
15.86452
16.777491
18.016869
20.179046
22.935122
25.3428
27.210313
28.823123
29.487065
29.199868
28.284903
27.058669
25.750816
24.853612
24.148735
23.269071
21.186427
18.184155
15.431815
13.251159
12.779047
12.61091
12.783371
13.234068
13.957886
14.940186
16.085733
16.48237
16.778653
18.500045
20.597706
23.427534
25.459922
26.679851
26.409208
25.962641
25.293683
24.546229
23.672061
23.422578
23.947488
24.406761
23.658972
21.650521
18.76121
16.776613
15.614224
14.912946
15.247642
15.57607
15.99102
16.005821
15.58428
15.145541
15.431637
17.120443
19.931517
23.702679
26.370471
28.066406
28.088143
27.614144
26.886448
26.207459
25.844473
25.774153
25.688374
24.92717
23.259675
19.871212
16.026951
13.225885
12.008843
12.305779
13.306745
14.232397
14.428754
13.962519
13.401082
13.194779
13.430175
14.317355
16.368679
19.60733
23.763629
26.541621
27.7384
27.227055
26.746647
26.311319
25.997752
26.156472
26.32454
25.430463
23.917774
21.63471
17.93284
13.993623
11.943093
11.015424
11.601724
13.322415
15.014426
15.537615
15.118053
14.97078
16.146918
18.084151
21.489269
25.397291
28.390464
30.720402
31.680416
31.259681
29.88237
28.352388
27.878783
28.270286
28.634706
29.372006
28.923048
27.316495
24.661365
21.292252
17.764625
15.536775
15.024674
15.391661
16.730404
18.148231
17.689457
15.769944
14.417131
14.480113
15.92595
18.74189
22.911258
26.404494
27.48509
28.079793
27.953198
26.966827
26.052161
27.763134
29.711323
31.020813
31.483014
30.235786
27.382043
23.442504
19.137989
16.107712
14.679109
14.849657
15.452099
16.259628
16.310176
14.72944
13.299261
12.76697
13.322346
15.358835
18.058106
20.446533
22.126871
22.828025
22.470883
21.989736
22.146922
23.199391
25.65574
27.842619
29.302278
29.673172
28.389387
26.017615
23.720566
21.748895
21.337073
21.18625
21.19346
21.176217
20.696455
18.686932
16.589488
14.844265
14.081216
14.695953
16.190701
17.206832
16.867676
15.496843
14.69746
15.406594
16.483106
18.105159
19.898365
22.368413
24.21252
25.053648
25.036963
24.615775
23.724604
23.890454
23.792047
24.210299
23.535231
22.144509
20.640462
19.411729
18.007344
17.353514
17.077627
16.780608
16.893621
17.278335
17.372552
17.182674
16.96021
17.263816
19.147773
20.494557
21.521858
22.671595
23.643026
23.442343
23.756865
23.847886
