-0.0
-0.002817
-0.001464
0.028367
0.089325
0.145132
0.16836
0.175306
0.193046
0.21292
0.201249
0.143063
0.060998
-0.008247
-0.055365
-0.100334
-0.152346
-0.19639
-0.221622
-0.242651
-0.277668
-0.310804
-0.305855
-0.256478
-0.193286
-0.140585
-0.088491
-0.021193
0.046214
0.087058
0.104948
0.127027
0.160527
0.179894
0.164597
0.13144
0.108644
0.09131
0.053119
-0.002292
-0.038385
-0.042855
-0.050888
-0.092121
-0.14466
-0.168782
-0.163146
-0.151863
-0.133874
-0.085152
-0.004701
0.075572
0.132007
0.174452
0.222258
0.274094
0.310256
0.315981
0.295505
0.262316
0.219911
0.161861
0.090541
0.021412
-0.035808
-0.089925
-0.151659
-0.206726
-0.228436
-0.221986
-0.21949
-0.224648
-0.203047
-0.133968
-0.045607
0.014231
0.037885
0.06121
0.102399
0.135726
0.13548
0.115017
0.105662
0.112442
0.112133
0.091725
0.067429
0.05616
0.046687
0.019558
-0.016024
-0.028403
-0.006455
0.024302
0.038021
0.041598
0.0554
0.075784
0.079316
0.061072
0.042405
0.030573
-0.000284
-0.068768
-0.15074
-0.203188
-0.21578
-0.219176
-0.234346
-0.240658
-0.212112
-0.157982
-0.104195
-0.046448
0.045966
0.172528
0.282512
0.325152
0.304332
0.276469
0.275932
0.268381
0.211639
0.123275
0.046374
-0.028205
-0.150835
-0.317107
-0.447273
-0.48964
-0.484432
-0.495685
-0.508398
-0.467278
-0.375755
-0.281972
-0.189815
-0.061691
0.104493
0.261402
0.369931
0.433518
0.479551
0.509335
0.501885
0.465136
0.433508
0.398686
0.305611
0.132755
-0.070478
-0.244774
-0.386763
-0.519436
-0.633102
-0.691873
-0.689471
-0.660405
-0.617218
-0.516742
-0.324305
-0.077893
0.146837
0.318303
0.462476
0.601838
0.714495
0.767395
0.774867
0.765162
0.712216
0.566772
0.347851
0.127322
-0.061572
-0.240101
-0.423462
-0.582121
-0.683935
-0.736449
-0.771019
-0.797588
-0.778947
-0.673091
-0.495312
-0.287597
-0.076409
0.131483
0.32665
0.494085
0.626299
0.72389
0.777712
0.75962
0.654229
0.495893
0.336763
0.183002
0.007806
-0.187347
-0.365647
-0.509961
-0.64374
-0.776883
-0.8643
-0.851194
-0.751576
-0.63143
-0.515022
-0.357212
-0.125201
0.128109
0.327094
0.475128
0.625251
0.766685
0.812461
0.729226
0.597131
0.489833
0.375018
0.198453
-0.009102
-0.183871
-0.334518
-0.510053
-0.690086
-0.785513
-0.755542
-0.675958
-0.634636
-0.608328
-0.517125
-0.361219
-0.215897
-0.092464
0.088399
0.352912
0.592764
0.69702
0.695112
0.693774
0.708986
0.656984
0.503328
0.313973
0.140173
-0.059567
-0.335189
-0.637267
-0.848753
-0.920188
-0.920422
-0.925491
-0.926181
-0.861773
-0.718906
-0.552039
-0.391432
-0.200224
0.051594
0.297187
0.43678
0.488679
0.555351
0.67903
0.783033
0.786109
0.709408
0.597427
0.422903
0.157595
-0.133816
-0.341173
-0.427705
-0.453449
-0.475284
-0.476275
-0.423915
-0.348921
-0.317496
-0.31471
-0.258317
-0.12346
0.020973
0.116782
0.206884
0.345555
0.4949
0.594415
0.632757
0.65032
0.641614
0.560998
0.387447
0.159816
-0.062372
-0.24129
-0.386939
-0.527009
-0.653977
-0.73277
-0.767444
-0.749121
-0.645291
-0.457814
-0.238747
-0.008935
0.231964
0.463443
0.644205
0.759038
0.827778
0.878503
0.922058
0.901154
0.765213
0.532801
0.289883
0.078902
-0.143311
-0.420733
-0.717107
-0.943464
-1.064889
-1.151791
-1.227341
-1.219467
-1.075495
-0.855568
-0.611915
-0.317671
0.078894
0.526539
0.884543
1.070343
1.152049
1.20267
1.252209
1.225238
1.094051
0.908142
0.717987
0.52801
0.2803
-0.066013
-0.431943
-0.709695
-0.889333
-1.049784
-1.22576
-1.319192
-1.261757
-1.102358
-0.929942
-0.722869
-0.368434
0.144272
0.639754
0.957589
1.117764
1.260726
1.378243
1.358717
1.203632
1.01239
0.858286
0.672905
0.326432
-0.117801
-0.445383
-0.594194
-0.731731
-0.986019
-1.231186
-1.310054
-1.242572
-1.16799
-1.095036
-0.858205
-0.418287
0.067303
0.42254
0.637371
0.842007
1.056726
1.192301
1.202423
1.103271
0.980055
0.851383
0.642533
0.30431
-0.10174
-0.433026
-0.668758
-0.946149
-1.262418
-1.486238
-1.551677
-1.528324
-1.475282
-1.368164
-1.146105
-0.781373
-0.35457
0.019154
0.307676
0.587344
0.936758
1.300413
1.526551
1.573521
1.50301
1.405475
1.303229
1.064033
0.621077
0.15291
-0.189911
-0.493004
-0.947087
-1.470084
-1.843953
-2.011618
-2.067622
-2.127152
-2.16488
-1.990323
-1.522551
-0.962982
-0.578933
-0.220114
0.385771
1.19635
1.842399
2.160023
2.365562
2.653115
2.96426
3.121354
3.025013
2.823346
2.755451
2.854069
2.842267
2.427721
1.709437
1.12722
0.965205
0.986513
0.780939
0.338703
0.060015
0.20121
0.471018
0.474916
0.319302
0.494716
1.060292
1.626818
1.874904
2.006697
2.305386
2.729989
3.03933
3.047256
2.834315
2.686089
2.723665
2.671484
2.181198
1.265015
0.3404
-0.251202
-0.692674
-1.426296
-2.523674
-3.488355
-4.017826
-4.300913
-4.623584
-5.065301
-5.52726
-5.789814
-5.757976
-5.53757
-5.329198
-5.243686
-5.145095
-4.793041
-4.096704
-3.213551
-2.454939
-2.00509
-1.601244
-0.772737
0.181862
0.536983
0.412895
0.390805
0.611835
0.732749
0.423242
-0.204208
-0.763506
-1.027037
-1.199781
-1.671499
-2.159111
-2.399895
-2.378783
-2.297981
-2.279581
-2.145889
-1.626136
-0.694824
0.480077
1.866353
3.20937
4.430264
5.772012
7.089563
8.126532
8.747594
9.007779
9.072925
9.056925
8.932155
8.561293
7.814264
6.685924
5.310135
3.777339
2.041754
0.185007
-1.201664
-2.255808
-3.40855
-4.456297
-5.124294
-5.319899
-5.193186
-4.996372
-4.824335
-4.530044
-3.859858
-2.716748
-1.263943
0.255104
1.0122
1.66424
2.720602
3.889512
4.586619
4.444693
3.723755
3.095397
2.966986
2.939141
2.066774
-0.207858
-1.852613
-2.384949
-2.591726
-3.151629
-4.231583
-5.343363
-5.840413
-5.536453
-4.83968
-4.346102
-4.245349
-4.125725
-3.399607
-1.827753
0.466577
1.334494
1.526853
2.122333
3.304115
4.383739
4.659642
4.069948
3.296513
3.033425
3.169833
2.900232
1.618398
-0.398898
-2.062949
-2.36855
-2.432365
-3.049511
-4.039259
-4.764129
-4.767118
-4.212731
-3.69933
-3.600204
-3.733257
-3.56044
-2.696206
-1.107075
0.742531
1.6049
2.473064
3.592952
4.705801
5.560958
5.956685
5.812291
5.310748
4.800919
4.52132
4.30758
3.579175
1.759881
-0.013707
-1.081545
-1.69775
-2.351887
-3.327406
-4.391221
-5.030881
-4.9724
-4.41189
-3.822494
-3.594056
-3.5787
-2.916152
-0.790154
1.394743
2.733634
3.302802
3.838101
4.925673
6.315084
7.183703
6.923509
5.790672
4.636736
4.057641
3.700266
2.587652
0.609118
-1.346524
-2.397423
-2.561037
-2.617503
-3.275959
-4.358087
-5.044823
-4.657725
-3.508114
-2.487397
-2.28485
-2.264771
-1.29939
0.516587
2.072715
2.475772
1.943483
1.597978
2.183374
3.119905
3.192579
2.021054
0.473619
0.189216
0.624382
0.096152
-1.383113
-2.730493
-3.078377
-2.633401
-2.311418
-2.724419
-3.461606
-3.624206
-2.765019
-1.369177
-0.436507
-0.642439
-0.392041
1.223067
2.726557
3.05027
2.494201
2.097082
2.482559
3.158761
3.232468
2.464854
1.427485
1.043988
1.241136
0.850503
-0.528611
-1.542966
-1.741315
-1.567967
-1.658633
-2.157431
-2.547763
-2.39199
-1.774544
-1.188633
-0.872029
-0.557772
0.201627
1.371379
2.195876
2.505352
2.632595
2.883455
3.156046
3.170235
2.847709
2.440494
2.040273
1.311386
0.372444
-0.356383
-0.985033
-1.547281
-2.094042
-2.573031
-2.887454
-2.958321
-2.811288
-2.70972
-2.885417
-3.204029
-3.215015
-2.548913
-1.371755
-0.831419
-0.775739
-0.292693
0.816534
1.984848
2.389373
1.796597
0.969673
0.974623
1.635882
1.597557
-0.167028
-2.052428
-2.541703
-2.394989
-2.442046
-3.225322
-4.349984
-4.918054
-4.276871
-2.867687
-1.826025
-1.828967
-1.885595
-0.030254
2.976972
4.767607
5.079742
4.658774
4.66585
5.50471
6.458833
6.455917
5.156359
3.450641
2.85204
3.431476
3.507185
1.549711
-1.817644
-3.148271
-2.787885
-2.272112
-3.015643
-4.663992
-5.773799
-5.150047
-3.431565
-2.351756
-2.671368
-3.304025
-2.381706
1.14403
3.575577
3.633575
2.754452
2.943245
4.601038
6.180726
6.30303
4.878705
3.473689
3.604939
4.596422
4.325256
1.799811
-1.639431
-2.554901
-1.713288
-1.174046
-2.40027
-4.053321
-4.130287
-2.370928
-0.577865
-0.438291
-1.207555
-1.025098
1.030523
3.823773
5.342889
5.07811
4.009339
3.853896
5.028746
6.237347
6.075662
4.308269
2.43193
2.319276
3.381148
3.210234
0.952083
-1.895138
-2.933403
-2.008421
-0.964103
-2.108849
-4.371445
-5.39616
-4.792602
-3.85932
-3.977211
-5.288737
-6.613047
-6.586471
-5.067984
-3.204744
-2.442725
-3.106868
-3.756753
-2.751983
0.446397
2.625249
2.175389
0.990774
1.740912
3.606815
4.644391
3.950857
1.593757
-0.345519
0.080915
1.051812
-0.233734
-2.940356
-4.486954
-4.736377
-4.638416
-5.027844
-6.006727
-6.758131
-6.475086
-5.172555
-3.663346
-2.940206
-3.216749
-3.180879
-1.235226
1.939019
3.739056
3.776586
3.844416
4.661091
