            -0.00002828861601959966
            -0.00002829464708748117
            -0.00002831930892081376
            -0.00002837105305051430
            -0.00002845240401062048
            -0.00002855946530359023
            -0.00002867671477555302
            -0.00002878058223763077
            -0.00002885149614071900
            -0.00002888316463457207
            -0.00002888022177732635
            -0.00002885187340570472
            -0.00002880619600995181
            -0.00002874632466289789
            -0.00002867490532773783
            -0.00002859751789040235
            -0.00002851871521615943
            -0.00002844036690949384
            -0.00002835996341864069
            -0.00002827060654591667
            -0.00002816853356856260
            -0.00002806049560371917
            -0.00002796627341672843
            -0.00002791371306462971
            -0.00002792330822107110
            -0.00002799460794666452
            -0.00002810535624289697
            -0.00002822422334573822
            -0.00002832974561252077
            -0.00002842036667341682
            -0.00002850990723013686
            -0.00002861394380295898
            -0.00002873327227667833
            -0.00002884924298770266
            -0.00002893359542174668
            -0.00002896322182938346
            -0.00002893420650364726
            -0.00002886889341669379
            -0.00002880301659134012
            -0.00002875823460954392
            -0.00002872693289343788
            -0.00002868209667611336
            -0.00002859725940155294
            -0.00002846267972439113
            -0.00002829451997847521
            -0.00002813230679861390
            -0.00002802278798533009
            -0.00002799535792772499
            -0.00002804454773640017
            -0.00002813676754110922
            -0.00002823655086065695
            -0.00002832938797836828
            -0.00002842537871969718
            -0.00002854707124863914
            -0.00002871056744712697
            -0.00002890798810598625
            -0.00002910458929569479
            -0.00002925162528411527
            -0.00002930958338108446
            -0.00002926940107311078
            -0.00002915780053861272
            -0.00002901933341227377
            -0.00002888754315269262
            -0.00002876743745200538
            -0.00002863899914870101
            -0.00002847748933605875
            -0.00002827634496075625
            -0.00002805633467432515
            -0.00002785820085951962
            -0.00002772713421596989
            -0.00002769190777010518
            -0.00002774719205788648
            -0.00002786058290447394
            -0.00002799730174358660
            -0.00002813566735394271
            -0.00002826990181419076
            -0.00002840050141618834
            -0.00002852012669721713
            -0.00002861265246914539
            -0.00002866116434165718
            -0.00002865338241703534
            -0.00002858637880184344
            -0.00002847220964414552
            -0.00002833626505700968
            -0.00002820413870099694
            -0.00002808764709090992
            -0.00002798222872810978
            -0.00002787807081539046
            -0.00002777412976589416
            -0.00002768254329065328
            -0.00002762248823045728
            -0.00002761063517204318
            -0.00002765530709618359
            -0.00002775074508275344
            -0.00002787281936895627
            -0.00002798796580492293
            -0.00002807242112134305
            -0.00002812533548497756
            -0.00002816713141375632
            -0.00002822360619212755
            -0.00002830889513511911
            -0.00002841722325072949
            -0.00002852306928721699
            -0.00002859219281626701
            -0.00002859787577791575
            -0.00002853433792202872
            -0.00002842341315569723
            -0.00002830527348178093
            -0.00002821442118704411
            -0.00002815968021854927
            -0.00002812448074910673
            -0.00002808564412970766
            -0.00002803141260032923
            -0.00002796760237657252
            -0.00002791367928174501
            -0.00002789086432825894
            -0.00002790624599700035
            -0.00002794452875947316
            -0.00002797765708650678
            -0.00002798259371920447
            -0.00002796082345785241
            -0.00002794425584516455
            -0.00002797178959882948
            -0.00002805496437882121
            -0.00002816856136299592
            -0.00002826819099913929
            -0.00002831866518216266
            -0.00002831086078737025
            -0.00002826296233586893
            -0.00002821282945403245
            -0.00002819529216839981
            -0.00002821386585780494
            -0.00002823247785944792
            -0.00002820646329719828
            -0.00002812360735755234
            -0.00002801319646613703
            -0.00002792270946985816
            -0.00002788884006291844
            -0.00002791828413988454
            -0.00002798202392318335
            -0.00002803184007428037
            -0.00002803161400473572
            -0.00002798368312783786
            -0.00002792024030680812
            -0.00002790546159470633
            -0.00002799087044116757
            -0.00002811941116719357
            -0.00002825191286151319
            -0.00002833459329426721
            -0.00002834332979612818
            -0.00002829093866308378
            -0.00002821605205953815
            -0.00002815827912355035
            -0.00002813086433672007
            -0.00002811358344043131
            -0.00002806444150430053
            -0.00002797546892148661
            -0.00002786375456846507
            -0.00002777430003663403
            -0.00002776344259377882
            -0.00002784754813265258
            -0.00002799819784930156
            -0.00002815731873408347
            -0.00002826874609449183
            -0.00002830987866968993
            -0.00002830336410759560
            -0.00002827459688105534
            -0.00002828417079507173
            -0.00002840203905400192
            -0.00002852556668459678
            -0.00002855638583086854
            -0.00002850225145518510
            -0.00002838663038098997
            -0.00002827164325150294
            -0.00002821611965449162
            -0.00002823610151546620
            -0.00002829244796406495
            -0.00002831121428969754
            -0.00002821736268541306
            -0.00002803125850953121
            -0.00002784409295199391
            -0.00002770194978193856
            -0.00002767675127008220
            -0.00002776445033861543
            -0.00002790498610600831
            -0.00002802378131642933
            -0.00002808401066318448
            -0.00002810994793056728
            -0.00002816619639161596
            -0.00002830681642312909
            -0.00002853009033958318
            -0.00002876897565660364
            -0.00002892376214666585
            -0.00002892484031242716
            -0.00002878212697039623
            -0.00002857397271055579
            -0.00002840143821797006
            -0.00002832452599151373
            -0.00002832398390580722
            -0.00002831302883298707
            -0.00002819520145509041
            -0.00002793279819951258
            -0.00002758317375823674
            -0.00002727114514784766
            -0.00002711812863979344
            -0.00002715931648717283
            -0.00002734216950346428
            -0.00002755424407127105
            -0.00002769761588412031
            -0.00002775970641315943
            -0.00002781337043251167
            -0.00002796473429833566
            -0.00002826849132808919
            -0.00002867290447447396
            -0.00002904124256049464
            -0.00002922997007004112
            -0.00002918852119175785
            -0.00002898142459964966
            -0.00002874633727949483
            -0.00002861327372369759
            -0.00002862015412628060
            -0.00002868552274730755
            -0.00002866217985609021
            -0.00002844362541296543
            -0.00002804713190195243
            -0.00002760778941562112
            -0.00002729724372936318
            -0.00002722291986371388
            -0.00002735096368325907
            -0.00002754396137251935
            -0.00002763562292243219
            -0.00002754475526822512
            -0.00002734164495125470
            -0.00002720878168410477
            -0.00002732300710492399
            -0.00002773121070791011
            -0.00002831743397515818
            -0.00002885930123500918
            -0.00002916225478918717
            -0.00002916587828944056
            -0.00002896362047211556
            -0.00002873740742580109
            -0.00002864765154388198
            -0.00002871739224160101
            -0.00002880597758442901
            -0.00002871860223049993
            -0.00002834903813347999
            -0.00002774606202950972
            -0.00002708944537379540
            -0.00002660922934311912
            -0.00002643151394404305
            -0.00002652485512692379
            -0.00002674611733710465
            -0.00002688144321470723
            -0.00002688165500121045
            -0.00002678120821329831
            -0.00002679021310193260
            -0.00002707399272822840
            -0.00002767004185759905
            -0.00002846143577290393
            -0.00002921564158172032
            -0.00002971702121334522
            -0.00002990139647334814
            -0.00002984527691044645
            -0.00002972843048813198
            -0.00002969601509382719
            -0.00002974758382875466
            -0.00002973925010496716
            -0.00002949213631298561
            -0.00002894645469058845
            -0.00002819837523723574
            -0.00002747841331981694
            -0.00002705410589936915
            -0.00002704950736415675
            -0.00002741253079940858
            -0.00002792954359385581
            -0.00002833187207892200
            -0.00002846867917664111
            -0.00002837034798434672
            -0.00002819893710360130
            -0.00002812167602095185
            -0.00002819394063402078
            -0.00002834174857375702
            -0.00002843471838450480
            -0.00002838699460782743
            -0.00002822503770397083
            -0.00002807645825184745
            -0.00002809207236733982
            -0.00002833605254130549
            -0.00002871796058083660
            -0.00002903786965179534
            -0.00002911703640429040
            -0.00002893147570427731
            -0.00002860858863575186
            -0.00002835175085813074
            -0.00002832524135497550
            -0.00002855467202399019
            -0.00002891402913130409
            -0.00002919422216050048
            -0.00002922714162954155
            -0.00002896287858733504
            -0.00002860884718507640
            -0.00002838432866616234
            -0.00002833882189116080
            -0.00002839783733373529
            -0.00002847007471147482
            -0.00002841952236109495
            -0.00002820749205520625
            -0.00002791979038780053
            -0.00002772128656530610
            -0.00002774113906221151
            -0.00002792154663652964
            -0.00002820958827922260
            -0.00002844558697276755
            -0.00002847917747932646
            -0.00002827567926868628
            -0.00002792658503938675
            -0.00002763704685846040
            -0.00002755263441134072
            -0.00002766672961715016
            -0.00002785276538628985
            -0.00002795947896001217
            -0.00002790543652905861
            -0.00002767430204590931
            -0.00002744759019287498
            -0.00002749165465371675
            -0.00002783754361208883
            -0.00002826360466772836
            -0.00002852803455465525
            -0.00002853312502408620
            -0.00002830146461455936
            -0.00002801893451401819
            -0.00002790266005642390
            -0.00002807586605542416
            -0.00002847395229755903
            -0.00002878464676348996
            -0.00002884206098856823
            -0.00002864892885229327
            -0.00002831500578080064
            -0.00002802367917388099
            -0.00002795392344682876
            -0.00002818881632074359
            -0.00002861899835748904
            -0.00002895363064638947
            -0.00002899213461219187
            -0.00002868674509366911
            -0.00002817810333391133
            -0.00002773432437093539
            -0.00002751088345909111
            -0.00002759181239564482
            -0.00002788933183873547
            -0.00002811864319571796
            -0.00002810938555038622
            -0.00002788876925085244
            -0.00002767519725026008
            -0.00002769763741922626
            -0.00002802398489805998
            -0.00002862931136463702
            -0.00002924723323286497
            -0.00002955929406206367
            -0.00002938419262746465
            -0.00002889475658342075
            -0.00002839974694360185
            -0.00002816183354431306
            -0.00002826355038028747
            -0.00002865585771239664
            -0.00002909769295548226
            -0.00002925306374301492
            -0.00002901383386839526
            -0.00002853850288124148
            -0.00002809161877412897
            -0.00002790008094986136
            -0.00002795695681270888
            -0.00002813090340389295
            -0.00002812433393512548
            -0.00002776742310511586
            -0.00002714779328165496
            -0.00002658513414901797
            -0.00002640746320317006
            -0.00002662446182116823
            -0.00002724422958845236
            -0.00002800012752355740
            -0.00002850503991538892
            -0.00002857411042585177
            -0.00002825252335296094
            -0.00002788466750821127
            -0.00002775450658711972
            -0.00002794586015801512
            -0.00002836516013962083
            -0.00002872491184963339
            -0.00002880417568095979
            -0.00002845169066368542
            -0.00002777735627898472
            -0.00002724032325902250
            -0.00002707516223866239
            -0.00002728456048639739
            -0.00002764033595257011
            -0.00002772186209882515
            -0.00002743919962544645
            -0.00002684726840033241
            -0.00002614738541710552
            -0.00002575237634130698
            -0.00002581109507842679
            -0.00002621303876080503
            -0.00002665303525668569
            -0.00002690756166604061
            -0.00002692185548454525
            -0.00002670005420439960
            -0.00002657801979808460
            -0.00002684511583062568
            -0.00002751587213935235
            -0.00002845121648461933
            -0.00002927348134135850
            -0.00002978483164751290
            -0.00002992971652691343
            -0.00002967976832363270
            -0.00002931966994230115
            -0.00002919606029831554
            -0.00002939472990294053
            -0.00002962362804394555
            -0.00002949581864383697
            -0.00002878902437246676
            -0.00002755149899956043
            -0.00002600543337278035
            -0.00002462951774967169
            -0.00002371357930712438
            -0.00002327319645830173
            -0.00002301959986501277
            -0.00002270558838722693
            -0.00002247379104012890
            -0.00002270425563176894
            -0.00002322602396033769
            -0.00002379298449978846
            -0.00002467327642440185
            -0.00002601699692042781
            -0.00002771853732985825
            -0.00002935590196436496
            -0.00003064821401039984
            -0.00003146645895957683
            -0.00003165162136673047
            -0.00003148084218322181
            -0.00003161354338531257
            -0.00003264297621665356
            -0.00003448860834919524
            -0.00003623779665883782
            -0.00003692719239157569
            -0.00003627711912902975
            -0.00003448513887197568
            -0.00003240598815048370
            -0.00003112874060970996
            -0.00003112621285139250
            -0.00003221776683420445
            -0.00003339883366394200
            -0.00003340158400795551
            -0.00003217414664927236
            -0.00003038009207906016
            -0.00002836588610607673
            -0.00002684398849889322
            -0.00002610512889547681
            -0.00002623793722230078
            -0.00002702419418721484
            -0.00002824467669682550
            -0.00002953557111190759
            -0.00003080196128711532
            -0.00003160295544262054
            -0.00003170841162331797
            -0.00003176408525577941
            -0.00003265579070761284
            -0.00003453866085135985
            -0.00003649217402398902
            -0.00003738530690363271
            -0.00003674432562185116
            -0.00003459783410007001
            -0.00003160174198547653
            -0.00002872769964547645
            -0.00002675575537329810
            -0.00002531530360459823
            -0.00002316699750345269
            -0.00001889533752090396
            -0.00001216224321436466
            -0.00000320584447256538
             0.00000605100137258871
             0.00001433438820507411
             0.00002235089797197378
             0.00003081594021367309
             0.00003914922716608424
             0.00004547424336661607
             0.00004765666358845767
             0.00004427793429488869
             0.00003592868126098102
             0.00002457322819238383
             0.00001213274561299622
             0.00000075018214122955
            -0.00000833517645910639
            -0.00001578521141399080
            -0.00002229716836339646
            -0.00002732146414190036
            -0.00003042458190142455
            -0.00003214010641528262
            -0.00003253350862526676
            -0.00003193590178799818
            -0.00003211732759744786
            -0.00003325159393155935
            -0.00003378016465062530
            -0.00003295053055633468
            -0.00003096508168391242
            -0.00002796731291873583
            -0.00002419611762492147
            -0.00002052114325111062
            -0.00001657173913580142
            -0.00001207865250254490
            -0.00000766755143700591
            -0.00000397641605761651
            -0.00000248288457943609
            -0.00000512332578989479
            -0.00001123163038207366
            -0.00001821371788140690
            -0.00002277370477765077
            -0.00002582354348620659
            -0.00002901621008036890
            -0.00003156358120192628
            -0.00003260238299953547
            -0.00003186313678807122
            -0.00002945651290845195
            -0.00002596397859770918
            -0.00002217124288022824
            -0.00001976425720597580
            -0.00002056434068122987
            -0.00002503472935929906
            -0.00003099355831219144
            -0.00003576755534016479
            -0.00003822245261646192
            -0.00003800186568028427
            -0.00003593418794217191
            -0.00003273297825519914
            -0.00002721511985084161
            -0.00001772935738483802
            -0.00000219811696257330
             0.00001922822989602245
             0.00004050695376995647
             0.00005825175232438102
             0.00006974537149848130
             0.00007202011765362139
             0.00006418723198509323
             0.00004868296517144334
             0.00002984790667621737
             0.00001130590634458521
            -0.00000372269690519359
            -0.00001629833259973530
            -0.00002806364480273900
            -0.00003416005791500540
            -0.00003676200139840045
            -0.00003743760975677747
            -0.00003761526726025705
            -0.00003721056031537188
            -0.00003644565314961127
            -0.00003620151484779146
            -0.00003708946785072560
            -0.00003799031026344550
            -0.00003646424217212938
            -0.00003233710244423785
            -0.00002676910463874903
            -0.00001936595363016700
            -0.00000745201411320738
             0.00000958377247094155
             0.00002654535733527627
             0.00003864828398064880
             0.00004656307185174717
             0.00005193147695527322
             0.00005401839309756292
             0.00004977928224196157
             0.00003698724709340128
             0.00001729012937384830
            -0.00000255291736182575
            -0.00001407456700954440
            -0.00002306836834446661
            -0.00003050256251364917
            -0.00003560852995509199
            -0.00003629425434022882
            -0.00003484610997300921
            -0.00003351282793555966
            -0.00003230665650508287
            -0.00003072489148183613
            -0.00002907934710663107
            -0.00002862018557079768
            -0.00003041052601100285
            -0.00003361761081334704
            -0.00003609136363327774
            -0.00003589627664677374
            -0.00003286255271450901
            -0.00002790386544320434
            -0.00002207552465052005
            -0.00001348038787994882
            -0.00000390692671895017
             0.00000472413725106020
             0.00001113120422517327
             0.00001649446436887906
             0.00002016355541157354
             0.00001883109869519252
             0.00001002668851990673
            -0.00000348423157530629
            -0.00001369505205072748
            -0.00002108702206268540
            -0.00002654719284779892
            -0.00003173467092817495
            -0.00003568526065618425
            -0.00003605910935146349
            -0.00003598897732579494
            -0.00003671077066956125
            -0.00003702870716700824
            -0.00003605192153574043
            -0.00003414237357665823
            -0.00003281299398960832
            -0.00003309119733471360
            -0.00003417601897967108
            -0.00003385036932837105
            -0.00003104323599037003
            -0.00002615456708166008
            -0.00001850675271202394
            -0.00000737746348560075
             0.00000594569303828889
             0.00001494919293711780
             0.00001773155745425826
             0.00001751049026905518
             0.00001714408404361191
             0.00001629118322610828
             0.00001159264814119530
             0.00000068334065366610
            -0.00001221453222720862
            -0.00002245799736219855
            -0.00002837836105625440
            -0.00003271432140836872
            -0.00003551547532373672
            -0.00003619200343419247
            -0.00003578493103215562
            -0.00003572923665840849
            -0.00003615020557701020
            -0.00003597205538879643
            -0.00003439031143943822
            -0.00003177952302586504
            -0.00002978505271685194
            -0.00002962458214276017
            -0.00002968530374864988
            -0.00002617533560807501
            -0.00001940129567335407
            -0.00001158274816101385
            -0.00000271062318355122
             0.00000633648373205390
             0.00001283387163218866
             0.00001504752716531811
             0.00001214284183662693
             0.00000547160814869697
            -0.00000116115989020606
            -0.00000666667995651335
            -0.00001359066224726884
            -0.00002137452885496883
            -0.00002590041766967685
            -0.00002833130849855509
            -0.00003126101137032971
            -0.00003345376708127361
            -0.00003459327598772293
            -0.00003475038113793227
            -0.00003389349041929311
            -0.00003348741871663938
            -0.00003433080121768590
            -0.00003519609607638711
            -0.00003531166064617692
            -0.00003433669567077633
            -0.00003185680870245095
            -0.00002770445570730377
            -0.00001968435482068567
            -0.00001303902138122795
            -0.00000876622726015602
            -0.00000547259906069938
            -0.00000142551420477952
             0.00000541736652830329
             0.00000804481824660234
             0.00000298431238129862
            -0.00000562895405484808
            -0.00001248473440848276
            -0.00001793334834099925
            -0.00002301934095696850
            -0.00002687210977599267
            -0.00003005069344432324
            -0.00003313747088850240
            -0.00003596000513654561
            -0.00003758236690568957
            -0.00003773896839346204
            -0.00003545128518807420
            -0.00003238435940073546
            -0.00003161675594115331
            -0.00003284138681556904
            -0.00003409880467935591
            -0.00003431022309499251
            -0.00003330422024547070
            -0.00003136787268608997
            -0.00002820246793480779
            -0.00002511130456726014
            -0.00002295784766436068
            -0.00002095367856398011
            -0.00001762737981783895
            -0.00001239657467447798
            -0.00000822005477244680
            -0.00000848543182863888
            -0.00001197911589545948
            -0.00001595187222277574
            -0.00001954117810242173
            -0.00002271441863637003
            -0.00002570697814992238
            -0.00002933315181108390
            -0.00003354346313272482
            -0.00003687421958375802
            -0.00003892394668861439
            -0.00003894398457377231
            -0.00003623465321133030
            -0.00003269816962518731
            -0.00003140312303149528
            -0.00003324628915873834
            -0.00003601885261187846
            -0.00003660301521459488
            -0.00003446134474984014
            -0.00003074393914365354
            -0.00002572810531136374
            -0.00002001674787333590
            -0.00001433249499511888
            -0.00000839633344401281
            -0.00000178534668695685
             0.00000757279764309574
             0.00001625333345704363
             0.00002034289311562013
             0.00001658076113352170
             0.00000577292276020458
            -0.00000543589253556641
            -0.00001278011021381017
            -0.00001842141073112671
            -0.00002317539688634703
            -0.00002805028368368735
            -0.00003240564316245973
            -0.00003520503093045292
            -0.00003639335322001287
            -0.00003579632633002670
            -0.00003331493271857107
            -0.00003027376376169504
            -0.00002908977660159116
            -0.00003179075739744593
            -0.00003633178345598889
            -0.00003621360011686928
            -0.00003303413302044145
            -0.00002855415758108087
            -0.00002332613726954262
            -0.00001736729477873966
            -0.00000995917924500236
            -0.00000317233872943391
             0.00000117959288380999
             0.00000251256065239893
             0.00000309440468278650
             0.00000301600453734557
            -0.00000267082011521459
            -0.00001402364755847165
            -0.00002316695412783781
            -0.00002595541168447571
            -0.00003054720068380665
            -0.00003615453540064274
            -0.00004003247707379799
            -0.00004129706363851532
            -0.00003913517116852901
            -0.00003532050133604692
            -0.00003188300245931838
            -0.00002889103640163422
            -0.00002675530830561309
            -0.00002698257137984841
            -0.00003070134942744509
            -0.00003698372143057000
            -0.00004033593657347473
            -0.00003847432468005149
            -0.00003459459360014645
            -0.00002929190631404930
            -0.00002490994315020405
            -0.00002160067134970013
            -0.00001482787734161776
            -0.00000945411933116042
            -0.00000843305316718009
            -0.00000783371111666877
            -0.00000515747546051114
            -0.00000432427260972023
            -0.00001110685234572276
            -0.00002025048106185362
            -0.00002416609093413649
            -0.00002788272410236245
            -0.00003251267049202011
            -0.00003618333097289778
            -0.00003862425255915002
            -0.00003657637678258920
            -0.00003199842608332209
            -0.00002936772331753216
            -0.00002826907661830042
            -0.00002902681975896684
            -0.00003128072170076503
            -0.00003574376269149073
            -0.00004133203930522378
            -0.00004182770103128251
            -0.00003866025530319671
            -0.00003403308620046831
            -0.00002721868670328449
            -0.00002415648104052877
            -0.00002174310438024347
            -0.00001394883584117574
            -0.00000792777986027649
            -0.00000622295318555828
            -0.00000551763849483387
            -0.00000307602168634489
            -0.00000297307075275623
            -0.00000249141183454184
             0.00000292104383857022
             0.00000407174463301394
            -0.00000165861871906920
            -0.00000650916605426975
            -0.00001065508202996524
            -0.00001526114599036570
            -0.00001610938234286389
            -0.00001585503530951600
            -0.00001870724420083951
            -0.00002282656261529717
            -0.00002676799310327025
            -0.00003018191766517036
            -0.00003487892067254872
            -0.00003938222703531840
            -0.00003778167854171129
            -0.00003308426091457827
            -0.00002957961413678794
            -0.00002619727716172269
            -0.00002602412440712834
            -0.00002705745649205268
            -0.00002246574784798124
            -0.00001781675013734394
            -0.00001501621049494017
            -0.00000955585052147687
            -0.00000010041003779175
             0.00000518486120078747
             0.00000107998592752994
            -0.00000684925012750258
            -0.00000941108770538521
            -0.00000664422985403666
             0.00000307117887644549
             0.00001002829239008916
             0.00000245446128984553
            -0.00001374052293939315
            -0.00002322388054614550
            -0.00002582576674305487
            -0.00002833877135178626
            -0.00003087562185449924
            -0.00003340357897979824
            -0.00003389055310061587
            -0.00003444522834516579
            -0.00003466112012821089
            -0.00003464057413047396
            -0.00003343276455060670
            -0.00002964216353348487
            -0.00003110942726710728
            -0.00003267382442564673
            -0.00002863127736741120
            -0.00002201848504616473
            -0.00001737174454742109
            -0.00001425317882810810
            -0.00001108436230122995
            -0.00000801142688773539
            -0.00000832230819075832
            -0.00000994112400791841
            -0.00000818099351690890
            -0.00000050430687909224
             0.00000830101099432327
             0.00000707428039290956
            -0.00000759989037473974
            -0.00002352160898224359
            -0.00002946904317704756
            -0.00003036282553169063
            -0.00003190160357435296
            -0.00003294611331464046
            -0.00003099004557251397
            -0.00002899533243738720
            -0.00002824856535410879
