            -0.00004714083409542933
            -0.00004714666376218340
            -0.00004717330062573429
            -0.00004723891417970952
            -0.00004736014285282786
            -0.00004753888052463194
            -0.00004774589029809165
            -0.00004792794599165286
            -0.00004803966958651067
            -0.00004807204872809975
            -0.00004804902372050801
            -0.00004800042213850525
            -0.00004793817483987629
            -0.00004785482688063865
            -0.00004774364240748567
            -0.00004761326636535490
            -0.00004748150815793162
            -0.00004736186847462823
            -0.00004725197694524431
            -0.00004713216062052334
            -0.00004698081912777058
            -0.00004679764608530562
            -0.00004661903447060916
            -0.00004650886301313778
            -0.00004652024756015504
            -0.00004665683093216854
            -0.00004686677732171736
            -0.00004707594345095762
            -0.00004723545167920483
            -0.00004734699684834576
            -0.00004745239777803847
            -0.00004759931469950216
            -0.00004780191340524078
            -0.00004802264037903291
            -0.00004818874507167105
            -0.00004823639280804966
            -0.00004815738267895022
            -0.00004801151052630194
            -0.00004788493741355209
            -0.00004782541806694047
            -0.00004781263702855298
            -0.00004778265104767680
            -0.00004767250894638132
            -0.00004745413664945840
            -0.00004715348472001840
            -0.00004685083369105348
            -0.00004664974568466384
            -0.00004661777527365334
            -0.00004673952539076496
            -0.00004692975649521585
            -0.00004710004301637475
            -0.00004722020621914660
            -0.00004732621866792827
            -0.00004748234686830476
            -0.00004773315711941899
            -0.00004807003386484950
            -0.00004842568573691896
            -0.00004869696969977081
            -0.00004879497067617949
            -0.00004869880494901174
            -0.00004847178979625614
            -0.00004821906113757214
            -0.00004801638667674849
            -0.00004786707583845305
            -0.00004771405376772634
            -0.00004748929251960548
            -0.00004716447476651436
            -0.00004677587488839402
            -0.00004641505346245641
            -0.00004618765729084122
            -0.00004615333877835958
            -0.00004628597726775428
            -0.00004649882710941874
            -0.00004671460295859041
            -0.00004690954183003742
            -0.00004710129468752276
            -0.00004730471577160994
            -0.00004750414108463977
            -0.00004766487544633407
            -0.00004775446539787737
            -0.00004774838043744618
            -0.00004763495344950719
            -0.00004743253885613922
            -0.00004719533780381355
            -0.00004698359078577084
            -0.00004682030893406127
            -0.00004668104577756273
            -0.00004652936732801971
            -0.00004635851683825315
            -0.00004619705978126946
            -0.00004608538378433397
            -0.00004605559689597100
            -0.00004612669743015936
            -0.00004629453851304893
            -0.00004651629311642604
            -0.00004672046604061865
            -0.00004685070126352568
            -0.00004690566172994670
            -0.00004693632147997699
            -0.00004700341593281905
            -0.00004713716022953443
            -0.00004732610111169033
            -0.00004752405255782776
            -0.00004766428503380760
            -0.00004768407953853778
            -0.00004756160297330167
            -0.00004734285313298860
            -0.00004712225025070737
            -0.00004697834787684601
            -0.00004692214658281327
            -0.00004690392071510989
            -0.00004686417669300274
            -0.00004677531375213150
            -0.00004665033880329406
            -0.00004653291749315782
            -0.00004647779311000393
            -0.00004651712899587055
            -0.00004662469413192173
            -0.00004672060836137850
            -0.00004672850778099564
            -0.00004664608646424337
            -0.00004656076029966686
            -0.00004657913401290475
            -0.00004673545071704400
            -0.00004696889072104906
            -0.00004717341866657403
            -0.00004726537272250629
            -0.00004722206575528703
            -0.00004708963307421217
            -0.00004696391783603792
            -0.00004693494973059295
            -0.00004701419516366681
            -0.00004710980173829535
            -0.00004710030290446886
            -0.00004694110544014970
            -0.00004670022180451113
            -0.00004650240923903433
            -0.00004644258877328226
            -0.00004653260047717078
            -0.00004669890204358867
            -0.00004682576587575208
            -0.00004682371341519830
            -0.00004669317938488852
            -0.00004652429743598053
            -0.00004646328383665786
            -0.00004660758354291657
            -0.00004687481339646613
            -0.00004714952560350876
            -0.00004730524902349418
            -0.00004729146261588634
            -0.00004714950184716330
            -0.00004697919972472143
            -0.00004687734968156413
            -0.00004687377171657295
            -0.00004691012043921788
            -0.00004687616088451242
            -0.00004671981538719311
            -0.00004647912237270129
            -0.00004627215290216660
            -0.00004622779854936196
            -0.00004638797203654547
            -0.00004669091836669695
            -0.00004700687249621578
            -0.00004720775343555250
            -0.00004723766869856426
            -0.00004714946773077406
            -0.00004704948226030421
            -0.00004707161843778821
            -0.00004730548314450374
            -0.00004756958401989305
            -0.00004766628476901253
            -0.00004755598478340349
            -0.00004729246953401580
            -0.00004702722290546571
            -0.00004690944078367102
            -0.00004698898216158824
            -0.00004717994586567093
            -0.00004730249585011224
            -0.00004718133113505616
            -0.00004681701745489373
            -0.00004638901569962989
            -0.00004608400422056920
            -0.00004606158317686124
            -0.00004629690357682480
            -0.00004662403209154842
            -0.00004685139626986188
            -0.00004689775836034259
            -0.00004683614494821943
            -0.00004683458987044150
            -0.00004703721751958116
            -0.00004745777569406658
            -0.00004795061318891022
            -0.00004828344859119919
            -0.00004828528730916683
            -0.00004796658467174868
            -0.00004750791550918421
            -0.00004715630551484158
            -0.00004706286706022492
            -0.00004718336972392885
            -0.00004730619489278129
            -0.00004719066931750866
            -0.00004673083632074714
            -0.00004604246678263196
            -0.00004540799799158787
            -0.00004511455498531534
            -0.00004525268474929933
            -0.00004569586477061091
            -0.00004616508574059759
            -0.00004640841603403773
            -0.00004638637995540354
            -0.00004629352765581041
            -0.00004642065482881831
            -0.00004693443152507368
            -0.00004773333434170369
            -0.00004849257119842403
            -0.00004886256069541158
            -0.00004871321088615818
            -0.00004819802729275774
            -0.00004765617931011482
            -0.00004740732542325289
            -0.00004753778901531117
            -0.00004784204794009404
            -0.00004795982002104003
            -0.00004762473366513993
            -0.00004685530547397467
            -0.00004595444438523648
            -0.00004532857333425694
            -0.00004524199417970697
            -0.00004562989875831088
            -0.00004616526034462240
            -0.00004643154095815430
            -0.00004621004946825756
            -0.00004565393742836020
            -0.00004520265243869989
            -0.00004529357525675697
            -0.00004605691341050186
            -0.00004723371774730876
            -0.00004831295370091938
            -0.00004884514815527678
            -0.00004870082320309519
            -0.00004812701666513146
            -0.00004757714889263642
            -0.00004742622423345031
            -0.00004771254290182830
            -0.00004810461802130678
            -0.00004814069841562237
            -0.00004754408775785630
            -0.00004639765613864041
            -0.00004510547744253484
            -0.00004419709562653995
            -0.00004396935857779049
            -0.00004434367518824528
            -0.00004495583181963490
            -0.00004529614682901519
            -0.00004517922934030849
            -0.00004476028484223231
            -0.00004453363564331218
            -0.00004490173998004125
            -0.00004596096440798051
            -0.00004745186473553356
            -0.00004885964667803169
            -0.00004970547391943032
            -0.00004984998565194676
            -0.00004949795851433887
            -0.00004910968686372091
            -0.00004905827416695866
            -0.00004934413728167643
            -0.00004959857045607444
            -0.00004935849514837558
            -0.00004843765445397957
            -0.00004701906277978037
            -0.00004560128768509881
            -0.00004477890280955639
            -0.00004484204616277049
            -0.00004568064217022396
            -0.00004680135806768373
            -0.00004758196666036776
            -0.00004769773199379001
            -0.00004728649171833344
            -0.00004679294684303488
            -0.00004662265516396212
            -0.00004687209073269871
            -0.00004731645221915767
            -0.00004760494809299994
            -0.00004750462982669379
            -0.00004706331773412412
            -0.00004660074463852395
            -0.00004651668087484117
            -0.00004700064105841329
            -0.00004785021218778068
            -0.00004857983282682153
            -0.00004875268413475291
            -0.00004830550059989123
            -0.00004754090357219662
            -0.00004693321438106505
            -0.00004685865471417567
            -0.00004737811555871108
            -0.00004820329466315928
            -0.00004884261257308814
            -0.00004890616775242332
            -0.00004831265845100069
            -0.00004749386763957244
            -0.00004700182178733925
            -0.00004699401221906738
            -0.00004729433684204777
            -0.00004761133211512007
            -0.00004760300493692799
            -0.00004716630227818665
            -0.00004649540693198410
            -0.00004598487119063007
            -0.00004597880237854817
            -0.00004645826254794739
            -0.00004720236418295420
            -0.00004776642783851049
            -0.00004778259262156243
            -0.00004722930577107909
            -0.00004643143541478252
            -0.00004585121703411744
            -0.00004575890229760608
            -0.00004611993769268674
            -0.00004662478081753083
            -0.00004690161424156715
            -0.00004673934954900013
            -0.00004617898077211088
            -0.00004560745383822664
            -0.00004559202504416791
            -0.00004623304982970390
            -0.00004711887618748982
            -0.00004774854552658071
            -0.00004781330874923858
            -0.00004724910832518330
            -0.00004652677509153391
            -0.00004616689399443416
            -0.00004648465454733220
            -0.00004736918747263396
            -0.00004818566482895444
            -0.00004845381559372921
            -0.00004802917680205593
            -0.00004710960206991308
            -0.00004627079420353882
            -0.00004611110249442806
            -0.00004672589061594469
            -0.00004771255065762300
            -0.00004851973515187484
            -0.00004866305680584673
            -0.00004800791774413326
            -0.00004687608492506078
            -0.00004590171590741664
            -0.00004555196577170848
            -0.00004592365279219668
            -0.00004665096884123976
            -0.00004713024480503425
            -0.00004710637286982706
            -0.00004659294071351263
            -0.00004595450048739637
            -0.00004577638058942079
            -0.00004635606873000018
            -0.00004760705099182719
            -0.00004893640292525002
            -0.00004960952671097028
            -0.00004925882962214179
            -0.00004809930725123623
            -0.00004678257076196731
            -0.00004618461319017210
            -0.00004664262345591959
            -0.00004774160673144129
            -0.00004875840759393614
            -0.00004909591388307202
            -0.00004855612481676114
            -0.00004745982392934969
            -0.00004645124167875689
            -0.00004610021124356026
            -0.00004646687589194331
            -0.00004713876327937079
            -0.00004732062726437965
            -0.00004671446035880043
            -0.00004547861282709578
            -0.00004420091381828153
            -0.00004366638719708043
            -0.00004408965040361112
            -0.00004542923131514874
            -0.00004704563417432398
            -0.00004805173516395140
            -0.00004803036916685852
            -0.00004714835878097805
            -0.00004609092295421565
            -0.00004561203811950150
            -0.00004616094908426196
            -0.00004739104180013021
            -0.00004836889565778295
            -0.00004853117129470845
            -0.00004768815282696652
            -0.00004618898876258460
            -0.00004501742993699022
            -0.00004474509456530053
            -0.00004538533523767886
            -0.00004641973997988057
            -0.00004683362045104595
            -0.00004623515279358498
            -0.00004494340761181712
            -0.00004348116323486081
            -0.00004263648789704213
            -0.00004281697085393214
            -0.00004384630860660315
            -0.00004500265115444856
            -0.00004561890136041269
            -0.00004542562670261266
            -0.00004462912921887403
            -0.00004400703281254056
            -0.00004411177409008825
            -0.00004529871093216466
            -0.00004732394549102253
            -0.00004916493929177016
            -0.00005012802340679726
            -0.00005007824561394202
            -0.00004917982928734529
            -0.00004822261401324861
            -0.00004799937057881182
            -0.00004865911421062271
            -0.00004952252267739934
            -0.00004964611104788632
            -0.00004850784716097609
            -0.00004610436830137684
            -0.00004309512653614213
            -0.00004061914855223715
            -0.00003928403234617818
            -0.00003902259271316663
            -0.00003920981756899168
            -0.00003926038517697753
            -0.00003903049193183665
            -0.00003874298177376803
            -0.00003859423562057535
            -0.00003881133662998178
            -0.00004026177823248045
            -0.00004285002972565220
            -0.00004607968974152302
            -0.00004912989773418716
            -0.00005130931054258493
            -0.00005226489597389745
            -0.00005187808974114641
            -0.00005129118936291951
            -0.00005209544595168497
            -0.00005419856921255388
            -0.00005663643768780191
            -0.00005824030250492075
            -0.00005862513531869486
            -0.00005811148520844298
            -0.00005633541389810393
            -0.00005352197366553346
            -0.00005117455218868653
            -0.00005066833116203972
            -0.00005252628606960535
            -0.00005483468405960280
            -0.00005534911272569240
            -0.00005369519173668415
            -0.00005063903235300833
            -0.00004690649736742911
            -0.00004404853756838097
            -0.00004245518660265054
            -0.00004264829155088745
            -0.00004434957203644771
            -0.00004702821511883945
            -0.00004955751523047935
            -0.00005141908672243624
            -0.00005197180325717874
            -0.00005153685526988870
            -0.00005207341170046463
            -0.00005405712721599699
            -0.00005663369651607800
            -0.00005842763332792011
            -0.00005886462962648955
            -0.00005817621988843323
            -0.00005594459181065784
            -0.00005196419946341521
            -0.00004741808472131693
            -0.00004404746451061956
            -0.00004204426670658417
            -0.00003892592286790363
            -0.00003218161361584476
            -0.00002179935353110936
            -0.00000789884862277248
             0.00000856397465959760
             0.00002593898126490837
             0.00004249692794294118
             0.00005612202335952128
             0.00006560852079930963
             0.00007069839950820102
             0.00007155964141786340
             0.00006733840425031561
             0.00005752118308887302
             0.00004232837847121137
             0.00002313745103612886
             0.00000315024720170808
            -0.00001422580289005053
            -0.00002808736409623928
            -0.00003902012508651119
            -0.00004694779029894186
            -0.00005137208560215702
            -0.00005343388343560345
            -0.00005345436283846770
            -0.00005247634413866718
            -0.00005279424620866910
            -0.00005449573723312541
            -0.00005548342893837235
            -0.00005475770029479689
            -0.00005210938765564767
            -0.00004720023156805622
            -0.00004061735661288599
            -0.00003377384064024760
            -0.00002582365559322406
            -0.00001738576789354627
            -0.00001041189046018120
            -0.00000649092810130512
            -0.00000663440120275486
            -0.00001113964288096095
            -0.00001870358745984831
            -0.00002727503406044193
            -0.00003503864596274810
            -0.00004231350971099730
            -0.00004817066232545064
            -0.00005193104436823139
            -0.00005185127646435388
            -0.00004800471550571996
            -0.00004114223167125193
            -0.00003316798655233593
            -0.00002673283985819657
            -0.00002432901886273241
            -0.00002666659642377587
            -0.00003274861053607565
            -0.00003989512741349908
            -0.00004634192772867680
            -0.00005236740582331696
            -0.00005722392447740148
            -0.00005860541178659683
            -0.00005436277443748651
            -0.00004443285784112364
            -0.00002925815693130864
            -0.00000001118652662051
             0.00003853917799301580
             0.00007344408902564879
             0.00009879994309396157
             0.00011291275627749934
             0.00011593844073162657
             0.00010863986130557087
             0.00009122349459064299
             0.00006400695564883399
             0.00002899201615257554
            -0.00000624661753574321
            -0.00003124324303036093
            -0.00004772271111755955
            -0.00005690556904031871
            -0.00006062462540871457
            -0.00005852797972263747
            -0.00005423156082598101
            -0.00005316707506910942
            -0.00005570549089222106
            -0.00005865023834518120
            -0.00006022223744724369
            -0.00005991886125937648
            -0.00005741564379864335
            -0.00005324887098445425
            -0.00004457243865869190
            -0.00002956619760941346
            -0.00000962217033920250
             0.00001495148174040714
             0.00004149640096705242
             0.00006517463623170455
             0.00008230859132429175
             0.00009032895689336361
             0.00008856279795739944
             0.00007781996167989976
             0.00005969521831917816
             0.00003552838016430274
             0.00000770443191165935
            -0.00001796235156694816
            -0.00003902180015288514
            -0.00005034530405886950
            -0.00005786937042837571
            -0.00006008143377972959
            -0.00005749870795785529
            -0.00005091812404730794
            -0.00004303989167465790
            -0.00003867683663045095
            -0.00003974246325107420
            -0.00004387258163245705
            -0.00004810467816629725
            -0.00005070784005435974
            -0.00005221874969637478
            -0.00005373340204405585
            -0.00005325336947650152
            -0.00004633780648706393
            -0.00003624299316380311
            -0.00002312565588376128
            -0.00000658281678711726
             0.00001188648781460236
             0.00002689839901105846
             0.00003476996941585388
             0.00003383562241221524
             0.00002593601469249289
             0.00001371786662094830
            -0.00000112209750862694
            -0.00001534356177897756
            -0.00003210045451800066
            -0.00004415614038750905
            -0.00005163219908172716
            -0.00005815407485989874
            -0.00006035348743540701
            -0.00005948114649167604
            -0.00005540107595382168
            -0.00005054168993940199
            -0.00004967362249679715
            -0.00005209084924599624
            -0.00005442645483273315
            -0.00005524409024952527
            -0.00005442734841722355
            -0.00005227893843545505
            -0.00004886382712984839
            -0.00003994836130237290
            -0.00002546112923547646
            -0.00000998369690465942
             0.00000758630272545997
             0.00002389660516284283
             0.00003588281104475077
             0.00004136660671631290
             0.00003882829506231617
             0.00002933932726725716
             0.00001494506209356547
            -0.00000251715679649967
            -0.00001894427577272233
            -0.00003329891689981475
            -0.00004455778723367964
            -0.00005073212676087656
            -0.00005446811438331909
            -0.00005787477769066989
            -0.00005939304067968401
            -0.00005805245624187058
            -0.00005357297080976496
            -0.00004790735991350169
            -0.00004537104810841049
            -0.00004735022269452857
            -0.00005005532509022893
            -0.00005070147421619446
            -0.00004820728804668916
            -0.00004042187545176368
            -0.00002814530165162395
            -0.00001102230680249940
             0.00000541767287012667
             0.00001712675780086500
             0.00002341291177165466
             0.00002620637949647000
             0.00002480527609002065
             0.00001812840273262376
             0.00000628145448149448
            -0.00000985496547771411
            -0.00002549282139579657
            -0.00003652868634060962
            -0.00004228005065673508
            -0.00004566606237226020
            -0.00004847783897592242
            -0.00004909598037480012
            -0.00005109889060466868
            -0.00005481347526333801
            -0.00005625955109242443
            -0.00005508092919165483
            -0.00005301437917021424
            -0.00005223029498014404
            -0.00005560604709972819
            -0.00005700978985748296
            -0.00005326726184849006
            -0.00004707805580765664
            -0.00003545828944246776
            -0.00002292011608648656
            -0.00000762032787549961
             0.00000433708435763213
             0.00000855618146248906
             0.00001002576523702408
             0.00000749613991623109
             0.00000106692463441727
            -0.00000728902216433582
            -0.00001811093937518116
            -0.00003061399187436687
            -0.00003890279475861239
            -0.00004409077203830937
            -0.00004954818306853515
            -0.00005512812829315408
            -0.00005896514773805129
            -0.00005933196520694463
            -0.00005980379902053542
            -0.00005868178283870024
            -0.00005518490042759358
            -0.00005235051929161381
            -0.00005154455563116742
            -0.00005394399979598861
            -0.00005660264643234979
            -0.00005585813726704884
            -0.00005292671764214401
            -0.00004770898837743727
            -0.00004217822466190262
            -0.00003675619471226236
            -0.00003012945749586024
            -0.00002640089733990495
            -0.00002350478244987619
            -0.00002004142686741142
            -0.00001895350628781198
            -0.00002036417143384551
            -0.00002464667460442730
            -0.00003112557788947086
            -0.00003674049956483183
            -0.00004177575637641911
            -0.00004819565733951048
            -0.00005576568201767211
            -0.00006057099909237289
            -0.00006177568274851694
            -0.00006078450521696908
            -0.00005764357443318623
            -0.00005350611601069583
            -0.00005139227710542357
            -0.00005312290519244025
            -0.00005717152427290832
            -0.00005951410606699788
            -0.00005774056791664352
            -0.00005210767825118915
            -0.00004327775382709776
            -0.00003265153787738163
            -0.00001998723271042780
            -0.00000577387834199701
             0.00000680633719899602
             0.00001708963243989589
             0.00002243498060439707
             0.00002212078920582366
             0.00001652935998593156
             0.00000702067492080192
            -0.00000262646710144012
            -0.00001297196377923128
            -0.00002599451500949504
            -0.00003711066267094342
            -0.00004622586924251008
            -0.00005429649197153727
            -0.00005901663315759271
            -0.00005907418980485483
            -0.00005332864636305413
            -0.00004744462217202270
            -0.00004702037842599368
            -0.00005005154322535595
            -0.00005475426859009726
            -0.00005896724313065180
            -0.00005752527516929913
            -0.00005492663369262160
            -0.00004854479291238013
            -0.00003638272536517854
            -0.00002420693360108466
            -0.00001382144061462898
            -0.00000314715456737504
             0.00000783476567202014
             0.00001354163303956868
             0.00001099879465585473
             0.00000193108855528072
            -0.00001219107057478168
            -0.00002653996438179468
            -0.00003577916395145902
            -0.00004153992460822079
            -0.00005019502362253734
            -0.00005576199240551393
            -0.00005932548951988374
            -0.00006369356372731029
            -0.00006397159887794913
            -0.00005792722810802472
            -0.00004777611448144822
            -0.00003794253034200091
            -0.00003685949092819598
            -0.00004528163772444801
            -0.00005413186063488148
            -0.00006081352935100504
            -0.00006196878826963796
            -0.00005931280615159536
            -0.00005703855035042077
            -0.00004777732753944256
            -0.00003585512035445261
            -0.00003238127029413371
            -0.00002722665406218147
            -0.00001922522423550611
            -0.00001003356609055475
            -0.00000477242789715105
            -0.00000725325057106447
            -0.00001455630219081452
            -0.00002325942104634347
            -0.00002988259202707882
            -0.00003293270154251969
            -0.00004456137648146515
            -0.00005346907140945086
            -0.00005700385983892356
            -0.00006243368327150859
            -0.00006196398157987365
            -0.00005526415465976335
            -0.00004553328813638059
            -0.00003621589411162499
            -0.00004051525924287618
            -0.00005156246909114775
            -0.00006002741808064207
            -0.00006575060214513462
            -0.00006279835717701608
            -0.00005868925984869015
            -0.00005542784652422109
            -0.00004331773988820837
            -0.00003565925354069778
            -0.00003443141471473525
            -0.00002685654359020455
            -0.00001743017408628025
            -0.00000738370680526774
            -0.00000570386711555921
            -0.00000506976319608139
            -0.00000482624815421031
            -0.00000525196976490561
             0.00000206411982622195
             0.00000408566635264061
            -0.00000067487504344561
            -0.00000191005385054325
            -0.00000661502945338176
            -0.00001868440949634433
            -0.00002550871860821096
            -0.00002591765521570442
            -0.00002429675559398118
            -0.00002516712155480880
            -0.00003800161784370588
            -0.00005301771231496609
            -0.00006104084000847669
            -0.00006492889334274987
            -0.00005884142805518394
            -0.00005041065166472155
            -0.00004614242327892865
            -0.00003963561137461541
            -0.00003993042472976728
            -0.00004491673097232726
            -0.00004085563530580285
            -0.00003425241869803745
            -0.00002237058615054124
            -0.00000984263079280494
            -0.00000323029923616715
            -0.00000214554508594207
            -0.00000322865585970064
             0.00000006825783830911
             0.00000607933807714750
             0.00000391898972476300
            -0.00000055529459721010
            -0.00000145894408217784
            -0.00000893336296558569
            -0.00002058072433426341
            -0.00002871296942877656
            -0.00004100141873919931
            -0.00004690003268584689
            -0.00004955515396033224
            -0.00005594518518857293
            -0.00005686070736578419
            -0.00005689725562816624
            -0.00005123057625664618
            -0.00004817262727450256
            -0.00005338648849631754
            -0.00005209013650481050
            -0.00005317334142724647
            -0.00005405443252848544
            -0.00004812615497097426
            -0.00004002963344486226
            -0.00002893484906920665
            -0.00002022247755551195
            -0.00001802886401687380
            -0.00001388086344997962
            -0.00000786770234708965
             0.00000028760232481256
             0.00000640547408848400
             0.00000766749321920578
             0.00000454963867890786
            -0.00000342566858448487
            -0.00002030137081210535
            -0.00003591997833270055
            -0.00004413911340376958
            -0.00004893878011494232
            -0.00005051397089092328
            -0.00005117681375735668
            -0.00005060093356331496
            -0.00004860087226286846
            -0.00004323558857370642
