            -0.00000000000000000000
             0.00000002135368377607
             0.00000011422543554998
             0.00000031621801208630
             0.00000063290486815585
             0.00000105584224585531
             0.00000158405317720431
             0.00000222962019160565
             0.00000300046412066103
             0.00000388332791110410
             0.00000484108078183004
             0.00000581239435051560
             0.00000671355644579595
             0.00000748221653697065
             0.00000811879236857098
             0.00000860804653628692
             0.00000883039336297403
             0.00000866069170222227
             0.00000809630389618776
             0.00000723802089258051
             0.00000621385494757262
             0.00000509560667014840
             0.00000386762903315799
             0.00000252783238301942
             0.00000119530447157709
             0.00000008902588756936
            -0.00000057488246506612
            -0.00000070833722208284
            -0.00000038387252905811
             0.00000026178370787050
             0.00000109799898548353
             0.00000201200978859530
             0.00000291786934684500
             0.00000383773896022812
             0.00000493221290654547
             0.00000622947961727258
             0.00000741522950153992
             0.00000810842495848336
             0.00000822516349680419
             0.00000796456979164699
             0.00000755531587286301
             0.00000707253181182434
             0.00000642565964430239
             0.00000552442989429929
             0.00000444009602273471
             0.00000327883832703122
             0.00000201445887742919
             0.00000064928510793940
            -0.00000059349333011343
            -0.00000137646244634914
            -0.00000151503723342770
            -0.00000112485279413104
            -0.00000046844395348179
             0.00000030560058941431
             0.00000121920460675676
             0.00000233704121811400
             0.00000365488392128373
             0.00000510070849498068
             0.00000653515457955766
             0.00000773177367042640
             0.00000843097620897759
             0.00000846492581458595
             0.00000789907528743428
             0.00000699533877312831
             0.00000597190413109023
             0.00000485949080383778
             0.00000358631918929703
             0.00000215088339090207
             0.00000066372945248254
            -0.00000071457691726509
            -0.00000174504025390406
            -0.00000217942217153278
            -0.00000195706946370011
            -0.00000128343748878008
            -0.00000055993913028404
            -0.00000004251852501722
             0.00000043463831384691
             0.00000109607034703427
             0.00000174370550645237
             0.00000191020013096233
             0.00000133223544015653
             0.00000013835487050861
            -0.00000135072122398504
            -0.00000293886308736503
            -0.00000460498171278606
            -0.00000628467474314706
            -0.00000777758146633772
            -0.00000896207189914760
            -0.00000994612649651828
            -0.00001082229342870802
            -0.00001140155724294571
            -0.00001135875945913066
            -0.00001059624211983532
            -0.00000941391744307858
            -0.00000828754747007860
            -0.00000742617064277176
            -0.00000665796673183394
            -0.00000571559367814849
            -0.00000440030947683762
            -0.00000255449180650153
            -0.00000008828091005169
             0.00000274333424956799
             0.00000521999937950432
             0.00000672723033776322
             0.00000727968161598655
             0.00000737845600853135
             0.00000750293807251180
             0.00000764897601009371
             0.00000738678577129598
             0.00000624495187985761
             0.00000395523466058726
             0.00000061762481778618
            -0.00000325868723489432
            -0.00000688392113785283
            -0.00000951818398583234
            -0.00001101863133469124
            -0.00001198887400662880
            -0.00001317211056950179
            -0.00001470630481630608
            -0.00001595996950801867
            -0.00001601297685712793
            -0.00001430623735853593
            -0.00001092536346509346
            -0.00000648297214087655
            -0.00000183992119046809
             0.00000220327719482153
             0.00000526024103384489
             0.00000757166149301312
             0.00000971281669229290
             0.00001199171252007885
             0.00001408288455359056
             0.00001518553085940083
             0.00001455366842138531
             0.00001195601287084047
             0.00000775725651468910
             0.00000277467069596498
            -0.00000200597670438670
            -0.00000589212397102266
            -0.00000889189935157471
            -0.00001163105725317043
            -0.00001472656614577870
            -0.00001812116997879560
            -0.00002104493151469734
            -0.00002249783417483848
            -0.00002197232934021599
            -0.00001961166232562595
            -0.00001589745473802024
            -0.00001155649902061604
            -0.00000721156555662808
            -0.00000319645676909415
             0.00000056255544021709
             0.00000442298390681032
             0.00000852275916177326
             0.00001241880013050406
             0.00001531607107839873
             0.00001649853916648814
             0.00001568453346466965
             0.00001309186373342365
             0.00000930081331434673
             0.00000506169335350312
             0.00000101823955043643
            -0.00000262141018699908
            -0.00000617472348737817
            -0.00001009711730418482
            -0.00001437827832710267
            -0.00001840935818957653
            -0.00002139275034420283
            -0.00002283091188378610
            -0.00002251748347506551
            -0.00002041304323211298
            -0.00001683355553969861
            -0.00001252248153976269
            -0.00000816311657750689
            -0.00000394974500541796
             0.00000045991059613284
             0.00000536755506139414
             0.00001046990549746132
             0.00001490296306192026
             0.00001783362629627310
             0.00001892557615189082
             0.00001832628683525503
             0.00001628353022368985
             0.00001309806142379185
             0.00000931439105965050
             0.00000564752617045160
             0.00000230056638722163
            -0.00000112061728743263
            -0.00000497352595071188
            -0.00000907404324506642
            -0.00001278215727074953
            -0.00001542719906861150
            -0.00001656421012182644
            -0.00001602747886386660
            -0.00001403209198823113
            -0.00001121092676665378
            -0.00000836478131422643
            -0.00000595223064198573
            -0.00000376234982731709
            -0.00000127264930844432
             0.00000172947998911002
             0.00000490084487334289
             0.00000762100811377912
             0.00000941582941346994
             0.00000999109004008680
             0.00000917661891337940
             0.00000720807329780972
             0.00000482892585722699
             0.00000285484224739000
             0.00000157935915350897
             0.00000052812341950217
            -0.00000111766892190421
            -0.00000376028892710270
            -0.00000709041321143387
            -0.00001026122459155396
            -0.00001223659091053060
            -0.00001235446562984264
            -0.00001075764992772928
            -0.00000836243760475864
            -0.00000633143346854428
            -0.00000520858831362434
            -0.00000451116991008350
            -0.00000324609201674137
            -0.00000082596336201675
             0.00000250725220239303
             0.00000598422523347088
             0.00000865322073917371
             0.00000962511974625080
             0.00000854559464933972
             0.00000594045095855439
             0.00000311953037816949
             0.00000144413711317822
             0.00000122343021911645
             0.00000151936180581796
             0.00000098946526306948
            -0.00000114547222237084
            -0.00000453261263544573
            -0.00000796020046831637
            -0.00001010113926841256
            -0.00001018528442538621
            -0.00000863482431425942
            -0.00000713639042776915
            -0.00000735985385426369
            -0.00000932412574178727
            -0.00001153358695117236
            -0.00001259663108074769
            -0.00001198332939149894
            -0.00000979356858565878
            -0.00000663871545028074
            -0.00000352586813039738
            -0.00000161316069769056
            -0.00000172191736223893
            -0.00000338703473367179
            -0.00000459469979166136
            -0.00000339849009375572
             0.00000005004975257953
             0.00000372598610806380
             0.00000570189526105372
             0.00000575751280408191
             0.00000506727129464520
             0.00000489998262827617
             0.00000591921263752371
             0.00000822639115669386
             0.00001114197726979861
             0.00001297727425179064
             0.00001173733429944020
             0.00000676803048127981
            -0.00000034559539439736
            -0.00000679101480229526
            -0.00001043764347153630
            -0.00001109580407102058
            -0.00000996705034081804
            -0.00000835487958691308
            -0.00000699890589713647
            -0.00000582393740284557
            -0.00000405971144324458
            -0.00000050702194148278
             0.00000529852018261215
             0.00001187462587613107
             0.00001629220538911426
             0.00001637202071166338
             0.00001242552139387559
             0.00000669480337918524
             0.00000160967640350729
            -0.00000151547409406373
            -0.00000280180985474744
            -0.00000330268268228783
            -0.00000446074370169882
            -0.00000732358517938914
            -0.00001151654810623301
            -0.00001513351258044088
            -0.00001614481396683777
            -0.00001395826182602741
            -0.00000958981406441971
            -0.00000456221103247754
             0.00000015311061894228
             0.00000440159923379007
             0.00000841815229993008
             0.00001279193650540200
             0.00001831224408333004
             0.00002499818992137060
             0.00003120310936877466
             0.00003435165657535339
             0.00003257719200986371
             0.00002612068813713749
             0.00001721164430179109
             0.00000836877677728405
             0.00000095961998436810
            -0.00000492317041669386
            -0.00000987264230622146
            -0.00001483167527972449
            -0.00002064921286787224
            -0.00002705650406200528
            -0.00003245828459768757
            -0.00003472741097032742
            -0.00003300616236244224
            -0.00002849986972881779
            -0.00002337972559331184
            -0.00001916056544649078
            -0.00001596641218366935
            -0.00001280655195658658
            -0.00000810862191084779
            -0.00000055071479810021
             0.00000995821761206582
             0.00002150060119416505
             0.00003078061152696955
             0.00003521959692846535
             0.00003441935562539401
             0.00003009504804028136
             0.00002476504753528697
             0.00001990668168951808
             0.00001525366781385610
             0.00000956645524829764
             0.00000153741476983079
            -0.00000906846682023169
            -0.00002082463232054657
            -0.00003081610413156319
            -0.00003673988510019541
            -0.00003786639960342149
            -0.00003515513914656254
            -0.00003074722024532123
            -0.00002664975104325528
            -0.00002352096013327241
            -0.00002065030689901673
            -0.00001657612039179138
            -0.00000971937756515954
             0.00000023014751031997
             0.00001157598321994236
             0.00002134125095231381
             0.00002717154895500952
             0.00002893320976604873
             0.00002815543494362209
             0.00002683531327238906
             0.00002633841415149987
             0.00002651919424378407
             0.00002593768049758308
             0.00002263456476598603
             0.00001504321292744754
             0.00000348610701416743
            -0.00000949918108765243
            -0.00002036908132169846
            -0.00002658601080550755
            -0.00002824428518779405
            -0.00002738970396969071
            -0.00002639236887835998
            -0.00002631822555551408
            -0.00002634655649291352
            -0.00002433171871033775
            -0.00001822981323454484
            -0.00000753052605581966
             0.00000549343931915775
             0.00001689217098860311
             0.00002336937356730973
             0.00002429126572936060
             0.00002180057621470481
             0.00001895400364438499
             0.00001785301631365154
             0.00001842277108779484
             0.00001860337242213330
             0.00001583309235420489
             0.00000848279921936047
            -0.00000265630461124749
            -0.00001435155138654888
            -0.00002292762908939129
            -0.00002686052311218796
            -0.00002737607924894752
            -0.00002706976205384948
            -0.00002802696866807990
            -0.00003081445220397616
            -0.00003414172222780860
            -0.00003550237607735174
            -0.00003281750313369610
            -0.00002525735376412267
            -0.00001410098990425904
            -0.00000284890154684144
             0.00000549450323549750
             0.00001007629042388726
             0.00001210559301753042
             0.00001373265177655537
             0.00001634464745535976
             0.00001993731594322462
             0.00002257320009335957
             0.00002149627866162970
             0.00001475998924980618
             0.00000239809891202675
            -0.00001249587656746840
            -0.00002506508056164057
            -0.00003233277134980749
            -0.00003459171834619686
            -0.00003471820429172612
            -0.00003520297254863997
            -0.00003720885604249347
            -0.00003971318241043053
            -0.00004023037819805636
            -0.00003642380265615398
            -0.00002735942679624791
            -0.00001425376566383257
            -0.00000054944071389532
             0.00001015944261958114
             0.00001610913907712333
             0.00001850294712152711
             0.00002012426566063886
             0.00002278108411859003
             0.00002647944765581600
             0.00002956163399282505
             0.00002890697119913132
             0.00002202302823794895
             0.00000876523828779074
            -0.00000831154521570220
            -0.00002485598973769937
            -0.00003772025127316795
            -0.00004609538541486325
            -0.00005051367038067203
            -0.00005243469431317579
            -0.00005366718031810834
            -0.00005430639506091532
            -0.00005276323914905411
            -0.00004676779018768417
            -0.00003401071229447826
            -0.00001468410574502642
             0.00000827300131703808
             0.00003094477157539785
             0.00005078536162999548
             0.00006757635710044153
             0.00008199830522877160
             0.00009462124936039937
             0.00010631257567399255
             0.00011737229852960993
             0.00012650628503160623
             0.00013190199653348209
             0.00013200043542341839
             0.00012529310878608665
             0.00011081126589957136
             0.00008905559584896581
             0.00006256151028215906
             0.00003555275185273813
             0.00001196086311635019
            -0.00000642579071741206
            -0.00002125685185662962
            -0.00003332698562002281
            -0.00004375111964647060
            -0.00005104026591380254
            -0.00005229834858030386
            -0.00004412618071996612
            -0.00002576478445649188
            -0.00000024267625858296
             0.00002745140341464550
             0.00005309419090262301
             0.00007510905146776172
             0.00009355526393115405
             0.00010870288066190561
             0.00012156700652426236
             0.00013306921776640670
             0.00014263571948362625
             0.00014840559983363659
             0.00014800665193770440
             0.00013937934498976882
             0.00012035913911456290
             0.00009119389496273266
             0.00005670637335450546
             0.00002269337112900299
            -0.00000813398445190562
            -0.00003596983574526030
            -0.00006126104212857460
            -0.00008484724353552453
            -0.00010747038242438746
            -0.00012819912690411326
            -0.00014540476221853470
            -0.00015709499069092362
            -0.00016099452061188116
            -0.00015586068750488095
            -0.00014238862135869992
            -0.00012294952868409058
            -0.00010116710961542918
            -0.00007988069396955168
            -0.00005992229909026640
            -0.00004042277154764654
            -0.00001748319995817027
             0.00001077216021344486
             0.00004151967207255601
             0.00006816567366820276
             0.00008534978360636458
             0.00009144355339753037
             0.00008681160838604293
             0.00007277674213450807
             0.00005292265548497930
             0.00003090207905833010
             0.00000906598981745295
            -0.00001137855115678948
            -0.00003289275156889408
            -0.00005756143947766661
            -0.00008326546255511278
            -0.00010588196983184058
            -0.00012128474646158007
            -0.00012661614878949873
            -0.00012249752010413571
            -0.00011068925555363660
            -0.00009179397089219830
            -0.00006558841961380226
            -0.00003756099206420004
            -0.00000811962586973724
             0.00001896259091619815
             0.00004754695932587994
             0.00008073076292368959
             0.00011826771434226176
             0.00015586604417131461
             0.00018772638041415630
             0.00020947452150306382
             0.00022021829144490884
             0.00022047486649540312
             0.00021028380385276074
             0.00018939817177618298
             0.00015962031910846314
             0.00012322009985348223
             0.00008180797110068061
             0.00003557789210521494
            -0.00001720065142412780
            -0.00007383726346789959
            -0.00012320879308706735
            -0.00016587035439712781
            -0.00019926012091276969
            -0.00022053721867146460
            -0.00022967484375354872
            -0.00022891012359682860
            -0.00022020224557200283
            -0.00020403101741960514
            -0.00018002931982817307
            -0.00014854238430009504
            -0.00011365018908992078
            -0.00007252404446526505
            -0.00002581672042537926
             0.00002629656151498776
             0.00007530417031009071
             0.00011477850616990767
             0.00014151095471117765
             0.00015384111954859034
             0.00015189029117548727
             0.00013823379985201321
             0.00011598685056505995
             0.00008711413707960916
             0.00005169924250650347
             0.00001111889312487279
            -0.00003466671697859417
            -0.00007437867354327019
            -0.00010835172449311170
            -0.00013716459062790512
            -0.00016156776243468816
            -0.00018153880713902613
            -0.00019430249196258502
            -0.00019769340191800713
            -0.00019189817793497941
            -0.00017918207182737649
            -0.00016177420196646165
            -0.00013894242363318097
            -0.00010847268867746275
            -0.00006916924194423407
            -0.00002156392182832028
             0.00003343582298963263
             0.00008421514253279928
             0.00013057309598239357
             0.00017438789195257408
             0.00021455490383914466
             0.00024705272219154278
             0.00026830967036859250
             0.00027602620206768899
             0.00027056150946128468
             0.00025405255428255437
             0.00022787244099361085
             0.00019400020360165086
             0.00015520099952737792
             0.00011096717959030379
             0.00006089327567315270
             0.00001348043909138247
            -0.00002904269372241601
            -0.00006638635739698971
            -0.00009862832408963930
            -0.00012302106360563309
            -0.00013584057893648412
            -0.00013568231384981604
            -0.00012535189394954284
            -0.00010976898472588919
            -0.00009170153183781924
            -0.00006892234672960122
            -0.00004112748621549208
            -0.00000620380841302518
             0.00003038494554583805
             0.00006215486864696366
             0.00008880836149080901
             0.00011334467390227013
             0.00013212302361693303
             0.00014012323636788417
             0.00013565549575431481
             0.00011960084932640434
             0.00009578175388534578
             0.00006843658851230972
             0.00003764224362322691
             0.00000161427740396160
            -0.00003873419880923422
            -0.00007857587451558508
            -0.00010967442829635430
            -0.00013286304187175730
            -0.00014796590179941361
            -0.00015830648887461645
            -0.00016241148565066969
            -0.00015584698108765682
            -0.00013830043280362185
            -0.00011307474604684802
            -0.00008482956969479809
            -0.00005616792046739626
            -0.00002481800574616995
             0.00001264880462885609
             0.00005416714975646439
             0.00009280890986785486
             0.00012099980369541100
             0.00013776770506787175
             0.00014678365742342347
             0.00014790264280063127
             0.00014027924745896989
             0.00012360448033644044
             0.00009891253109758790
             0.00006821134542503200
             0.00003412903544928015
            -0.00000187752995535478
            -0.00004069643906660635
            -0.00008097545506335031
            -0.00011653458711684122
            -0.00014126719474451811
            -0.00015518153301108037
            -0.00015942158271256741
            -0.00015682192897208320
            -0.00014897876914592777
            -0.00013402655000193455
            -0.00011006081572539691
            -0.00007764191068804009
            -0.00003822378469246000
             0.00000590289401451312
             0.00005070885423044097
             0.00009366166191088672
             0.00013134224093629894
             0.00016237447689041102
             0.00018103364799973759
             0.00018924067573528709
             0.00018903367058197617
             0.00018081219738822241
             0.00016568608506456500
             0.00014482626317505179
             0.00011771143747775657
             0.00008357934268878907
             0.00004198344377162424
            -0.00000409334703223341
            -0.00004699376631706596
            -0.00008006988684947836
            -0.00010643386348842170
            -0.00012229697717416519
            -0.00013106661582585225
            -0.00013343198494477203
            -0.00013002192996997190
            -0.00012311759527422686
            -0.00011352797932989534
            -0.00010124708924767795
            -0.00008215445824345115
            -0.00005414027346635791
            -0.00002032090775829356
             0.00001116152223185814
             0.00003290261954700345
             0.00004534901193204371
             0.00005184731092869601
             0.00005364774414930708
             0.00005568091389732106
             0.00005741196621310261
             0.00005729767742853975
             0.00005733991073751953
             0.00005299801118255048
             0.00003805629042320723
             0.00001349790977712765
            -0.00001327890780211392
            -0.00003308336409229744
            -0.00004243824387208851
            -0.00004814020798086624
            -0.00005369611914840067
            -0.00006037015921681454
            -0.00007272670680380026
            -0.00008624689572653645
            -0.00009683737580477601
            -0.00010317170399565907
            -0.00009896207783833656
            -0.00008078736907257801
            -0.00005248980024367785
            -0.00002181172974785291
             0.00000395958070451789
             0.00002143527603094196
             0.00003564157782743985
             0.00005368512079106485
             0.00007597664131180256
             0.00010114157104017866
             0.00012164778212096273
             0.00013146188175337995
             0.00012732210120592282
             0.00010841332248383355
             0.00007621175405538955
             0.00003557146803983818
            -0.00000476580659354152
            -0.00003798103929421820
            -0.00006016050605346750
            -0.00007657747275970578
            -0.00009390740824905307
            -0.00011548321669244951
            -0.00013919887547443331
            -0.00015832800263138700
            -0.00016722275687108235
            -0.00016383453409588199
            -0.00014953137261323199
            -0.00012673707398488522
            -0.00009439003132921766
            -0.00005758063573339120
            -0.00002250496245642004
             0.00000837412656133776
             0.00003615590883741414
             0.00006431284047811212
             0.00009738128487392645
             0.00013181672963812275
             0.00015981462542531306
             0.00017542054392047593
             0.00017548646136097528
             0.00015957096988440279
             0.00013418942333274893
             0.00010386068109096886
             0.00006474495514837236
             0.00002621017458397310
            -0.00000993755967344403
            -0.00003419565431179320
            -0.00005148657733895851
            -0.00006894332052789174
            -0.00008756971395477624
            -0.00010514534255554953
            -0.00011583013704778288
            -0.00011341511025602899
            -0.00009674463215006723
            -0.00007288957632487164
            -0.00004837449297966096
            -0.00001854501772869460
             0.00001043116659549069
             0.00003789051416306536
             0.00005521748310506991
             0.00006618256310108971
             0.00007910523066133992
             0.00009556435392482500
             0.00011441460567785041
             0.00013077469277451002
             0.00013945602635133831
             0.00013821147454108577
             0.00012976465622970934
             0.00011965455206686078
             0.00010835005924485633
             0.00009603927380709955
             0.00008448684511370062
             0.00007680243465129400
             0.00006555515327446871
             0.00005450852246844668
             0.00004031380709478156
             0.00002161830634927380
             0.00000281558930224088
            -0.00001188724156418468
            -0.00001857529046481951
            -0.00001665597258587710
            -0.00001020552050368385
            -0.00000308739299630567
             0.00000752583608910479
             0.00001427257696378449
             0.00001687738071292427
             0.00001875385895606886
             0.00002373212546179527
             0.00003980110944920209
             0.00006177666114112206
             0.00008490469187386098
             0.00010378752399092572
             0.00011541280673178730
             0.00011921109801354823
             0.00011785008740217627
             0.00011083007974960705
             0.00009848574836838904
             0.00008632911195202857
             0.00007537685240369909
             0.00006510357138609682
             0.00004158431345652603
             0.00001171112134010300
            -0.00002516661613258192
            -0.00005727407843396427
            -0.00007963908977437352
            -0.00009647436864123192
            -0.00010963400617972439
            -0.00011924738811045543
            -0.00012717983549749147
            -0.00013614183691960114
            -0.00014516662992340010
            -0.00016010684557793355
            -0.00017384964543798247
            -0.00017813292659236415
            -0.00016953594918908956
            -0.00014969836575780509
            -0.00012197587714406225
            -0.00009060681363146028
            -0.00005991511718312244
            -0.00003331376271863770
            -0.00000921624442545923
             0.00001995305606188410
             0.00005252238777636189
             0.00008505555767583757
             0.00011432329032519001
             0.00013548534987910648
             0.00014629753526544071
             0.00013658037682023818
             0.00011916984543503224
             0.00010228131194181605
             0.00008476194477396557
             0.00007501550152061967
             0.00007110364614240741
             0.00007171701592045329
             0.00006789881022793411
             0.00005566154805194591
             0.00003489942890850249
             0.00000814427350764796
            -0.00001443543391117780
            -0.00002256997982501817
            -0.00001741986822909698
            -0.00000692267367632089
             0.00000328937990553591
             0.00000848127803941512
             0.00000150490478702674
            -0.00001452973579456406
            -0.00002246774639891675
            -0.00002103598112015429
            -0.00000777106472996294
             0.00001122385003441047
             0.00002979943053432360
             0.00003848222825633126
             0.00003225910424989172
             0.00001674106876447578
             0.00000753552521597805
             0.00000998025140795561
             0.00002661023521977394
             0.00004924563261379640
             0.00006710976009115051
             0.00007395574559327787
             0.00007312854230956066
             0.00006542151118343066
             0.00005640566547435475
             0.00004852169246945694
             0.00004827209888466578
             0.00005830222038638089
             0.00007165274738247451
             0.00008188828926968465
             0.00008209356742174959
             0.00007204689620316777
             0.00005619557505950262
             0.00003211278425009741
             0.00001183160992015873
            -0.00000669736383347976
            -0.00001769565235374354
            -0.00002291035778929953
            -0.00003123200992833304
            -0.00004898994410835907
