             0.00000000000000000000
            -0.00000123015418441438
            -0.00000510066667697174
            -0.00001003149690548947
            -0.00001352103451335886
            -0.00001523397056013470
            -0.00001614524269992421
            -0.00001696115477686422
            -0.00001791810314287790
            -0.00001876790723387475
            -0.00001807906965959489
            -0.00001437792243138074
            -0.00000790777874851443
            -0.00000017299525748921
             0.00000679518158992785
             0.00001156306737578979
             0.00001494582801209073
             0.00001903504516863730
             0.00002487696952481104
             0.00003108810088108160
             0.00003453833514497853
             0.00003347619990717986
             0.00002887334192814973
             0.00002287396753999278
             0.00001744672259909940
             0.00001365548456413318
             0.00001137791404659255
             0.00000905522652804759
             0.00000410567614781960
            -0.00000445935994097876
            -0.00001410502821831634
            -0.00002054989707394155
            -0.00002121776126695667
            -0.00001717289910256608
            -0.00001200940099712010
            -0.00000875085730248375
            -0.00000812060496824262
            -0.00000920468697612111
            -0.00001022979121460861
            -0.00000865597257796690
            -0.00000252074276878651
             0.00000693949605660702
             0.00001527784895287654
             0.00001863102660523872
             0.00001699104029101890
             0.00001318773036636252
             0.00000962709133796589
             0.00000741896824086669
             0.00000700349498288637
             0.00000735326239939327
             0.00000553069628468244
            -0.00000110013844513842
            -0.00001191912613458825
            -0.00002322882798789980
            -0.00003121446021788069
            -0.00003404208049300179
            -0.00003222673672904671
            -0.00002819795959155102
            -0.00002485798374587537
            -0.00002360495735592902
            -0.00002357573718928409
            -0.00002233577579685527
            -0.00001726590669315992
            -0.00000743887310255870
             0.00000517556805820696
             0.00001627961996554259
             0.00002168360563593378
             0.00002096553211640215
             0.00001824214702573903
             0.00001765710678630240
             0.00001974744541462105
             0.00002241938976995875
             0.00002269495421998316
             0.00001845380257863221
             0.00001013527181147499
             0.00000033389442491273
            -0.00000731819008916348
            -0.00001011595897582573
            -0.00000896923849652466
            -0.00000755113310486818
            -0.00000863964817390308
            -0.00001213131037368977
            -0.00001583791943610991
            -0.00001745093134082125
            -0.00001586754381569423
            -0.00001148635051322375
            -0.00000584942252216966
            -0.00000123530183934427
             0.00000014607252512872
            -0.00000212493739224144
            -0.00000584451920366683
            -0.00000770129294980924
            -0.00000603310202527368
            -0.00000224763353474068
             0.00000064934839483804
             0.00000055962745282162
            -0.00000262020030453163
            -0.00000735758971702012
            -0.00001120453103470152
            -0.00001139523725202859
            -0.00000611559511276734
             0.00000327748414473033
             0.00001229290906325352
             0.00001689001815796825
             0.00001648921210219113
             0.00001414530527498968
             0.00001404189852139758
             0.00001795876394193332
             0.00002436678720749271
             0.00002969350903069827
             0.00002968294199211127
             0.00002167197001206664
             0.00000684356631979979
            -0.00000936738319816242
            -0.00002013396408389534
            -0.00002237975856157806
            -0.00001868961923399343
            -0.00001537306357118639
            -0.00001842835896352871
            -0.00002799766205107552
            -0.00003787354658047287
            -0.00004083928051118049
            -0.00003269115216249773
            -0.00001402242070000370
             0.00000928344732280684
             0.00002800135875104375
             0.00003479455784993080
             0.00003092574405877073
             0.00002624925140208017
             0.00003013704637546875
             0.00004354835334424735
             0.00005958130043714644
             0.00006936325351384388
             0.00006644571164926658
             0.00004863031053620020
             0.00002108806812648356
            -0.00000367793987976659
            -0.00001516167556254864
            -0.00001400671025458897
            -0.00001016297958248853
            -0.00001413787699501683
            -0.00002962563445223135
            -0.00005149113557109960
            -0.00006968975703524268
            -0.00007554177982421655
            -0.00006566566462596265
            -0.00004352520006662704
            -0.00001896839006900085
            -0.00000272297651700001
             0.00000179665046515379
             0.00000126314192332426
             0.00000631080716155786
             0.00002263798582640784
             0.00004772250127270047
             0.00007325801254982092
             0.00008938281229925927
             0.00008921499772475854
             0.00007273585244487157
             0.00004768680928497581
             0.00002546718661177253
             0.00001346874445722624
             0.00000959953433353397
             0.00000462500723305615
            -0.00001000385883577328
            -0.00003595295020754559
            -0.00006692007065297008
            -0.00009243852034918870
            -0.00010312362337479270
            -0.00009475196097179347
            -0.00007194410994254197
            -0.00004736735850418650
            -0.00003266077976404199
            -0.00002931338708464057
            -0.00002853925651299151
            -0.00001886205870624445
             0.00000528275976576479
             0.00004004136765220404
             0.00007441521096038725
             0.00009569933430840110
             0.00009719809257927549
             0.00008341043597211383
             0.00006607642107177652
             0.00005539597360802049
             0.00005399745016883583
             0.00005528738031444748
             0.00004855521849047734
             0.00002767486574108843
            -0.00000507131977805696
            -0.00004070410124796101
            -0.00006812648229924159
            -0.00007991304322369468
            -0.00007615142988648391
            -0.00006400950077097498
            -0.00005349030070458748
            -0.00005118375288364587
            -0.00005471919004366936
            -0.00005401403457647411
            -0.00003997865880134573
            -0.00001141986174809360
             0.00002478473717218835
             0.00005761545207136157
             0.00007725971741988809
             0.00008024369184805456
             0.00007209611595353225
             0.00006422882217689050
             0.00006538874183676165
             0.00007467265928412071
             0.00008182947931862118
             0.00007456433983711837
             0.00004848564623241715
             0.00001053312198289573
            -0.00002695097355537401
            -0.00005297559510104997
            -0.00006216337150264226
            -0.00005779242460258578
            -0.00005086744198782123
            -0.00005293867811592277
            -0.00006571183199587134
            -0.00007814233416197519
            -0.00007659459334229307
            -0.00005650451123557810
            -0.00002327942733695534
             0.00001342109125444677
             0.00004304052805434124
             0.00005712174473535946
             0.00005543174124965122
             0.00004814828971937759
             0.00004869066282142400
             0.00006291225214455476
             0.00008359922133785271
             0.00009602823332576073
             0.00008989822160132138
             0.00006564412522733093
             0.00003165618821392266
            -0.00000121225074179851
            -0.00002295403991783398
            -0.00002879745388243781
            -0.00002484488979204405
            -0.00002554432015981347
            -0.00004113597566338562
            -0.00006761205530545634
            -0.00009038613552113335
            -0.00009656887660451072
            -0.00008214817487889714
            -0.00005123339582518918
            -0.00001375742567254067
             0.00001759550827939329
             0.00003414501895129448
             0.00003790524927307328
             0.00004037555433637639
             0.00005279119568887078
             0.00007738187129350334
             0.00010610087653783115
             0.00012540072281956452
             0.00012484125292500426
             0.00010378479239395001
             0.00007076220783813362
             0.00003822748245587528
             0.00001675852861287957
             0.00000980256975716774
             0.00001100335512667641
             0.00000678958452274363
            -0.00001422573934795947
            -0.00005019393011995003
            -0.00008601477582947658
            -0.00010531742777859459
            -0.00010144055400015580
            -0.00007888290029655205
            -0.00004795927698008491
            -0.00002157635174142098
            -0.00001102002553132170
            -0.00001602562417506461
            -0.00002268134628518033
            -0.00001482304236578414
             0.00001260550287300231
             0.00004922745678103275
             0.00007685083381888130
             0.00008237268223907383
             0.00006572331707849631
             0.00003738278067883033
             0.00001193699207191518
             0.00000207826091412232
             0.00001045461584511745
             0.00002521032466371526
             0.00002687477541615442
             0.00000516397592756385
            -0.00003105116064556516
            -0.00006352033077617795
            -0.00007948428774126830
            -0.00007649938913731363
            -0.00006043978194901554
            -0.00004204705192484695
            -0.00003224685984148798
            -0.00003520698588342598
            -0.00004297016298758673
            -0.00004029313324338132
            -0.00001791161606825657
             0.00001958442921463294
             0.00005758058129878401
             0.00008216754611016776
             0.00008842157767444083
             0.00007977469044048456
             0.00006362588296279777
             0.00004897855290062885
             0.00004254887027705532
             0.00004268452627895860
             0.00003865282569236985
             0.00001964320505961724
            -0.00001474688778948755
            -0.00005405086039904006
            -0.00008502211070016633
            -0.00010033532063061462
            -0.00010169754596998215
            -0.00009478204111645235
            -0.00008460881490028630
            -0.00007600837298384769
            -0.00007116705778685311
            -0.00006505035455794483
            -0.00004828642467934927
            -0.00001678400131765856
             0.00002331450291512138
             0.00006126157039034139
             0.00009018372102297845
             0.00010874650813283436
             0.00011772556409432002
             0.00011919782111980270
             0.00011777224932458354
             0.00011713233516603669
             0.00011431939587434313
             0.00010054848073948594
             0.00006890178050525379
             0.00002281017649072645
            -0.00002462892100700637
            -0.00006202515466464072
            -0.00008627488269521250
            -0.00010106470455464850
            -0.00011335046381946851
            -0.00012699051698377114
            -0.00014017871638377798
            -0.00014818618826847372
            -0.00014454459941164489
            -0.00012326594192060397
            -0.00008514104034776143
            -0.00004110867005574716
            -0.00000517838490127974
             0.00001734237729416542
             0.00003312661628456848
             0.00005274724570005935
             0.00008088966257810565
             0.00011301126737677070
             0.00013926568319444157
             0.00015179685522053428
             0.00014742347200488918
             0.00012501246132289118
             0.00008671815735940297
             0.00004323282817810106
             0.00000877113781796319
            -0.00001375170650171697
            -0.00003530342047485130
            -0.00006602182639971390
            -0.00010295391571866156
            -0.00013507826296887501
            -0.00015513347179653536
            -0.00016102101855731713
            -0.00015122471420496312
            -0.00012464446635496572
            -0.00008549226779702276
            -0.00004676458543683120
            -0.00002159121191435577
            -0.00000787284578507918
             0.00001029178699898972
             0.00004290108979886651
             0.00008394745716658364
             0.00012074546914393668
             0.00014519268089428587
             0.00015395684877350099
             0.00014376847341664926
             0.00011527538875580021
             0.00007957947472096679
             0.00005221441814513542
             0.00003821293721488646
             0.00002626289897956198
             0.00000119792684873884
            -0.00004026718354601281
            -0.00008811253087680252
            -0.00012772907577176932
            -0.00014780538928220029
            -0.00014456537819857655
            -0.00012230725854505027
            -0.00009103280395018611
            -0.00006332440628144834
            -0.00004744072704990396
            -0.00003885923612631914
            -0.00002199355621282692
             0.00001626729295573483
             0.00007244027415991957
             0.00012734882695747822
             0.00016319441722752252
             0.00017538079213030893
             0.00016920759299389468
             0.00015343315904905346
             0.00013729284711816510
             0.00012725197018360003
             0.00012200816707943663
             0.00011088367950922450
             0.00008051262827757182
             0.00002633105800577764
            -0.00004092772992948153
            -0.00010121300086569559
            -0.00013869705969181669
            -0.00015079576182268063
            -0.00014757052303462909
            -0.00014300978020525426
            -0.00014498442979592413
            -0.00015181901324025642
            -0.00015457575680577658
            -0.00014077100988071220
            -0.00010049664816111837
            -0.00003468996180380819
             0.00004126414957612596
             0.00010505044302794229
             0.00014315226812503667
             0.00016099664202665648
             0.00017564521147580317
             0.00019923550487594614
             0.00022997343001125825
             0.00025545902090347002
             0.00026325647919037078
             0.00024699640308559803
             0.00020388420219708673
             0.00013474238783749615
             0.00005029036491845059
            -0.00002914422804669339
            -0.00008805364565937443
            -0.00013013184135738241
            -0.00017339452147122886
            -0.00023007443398489086
            -0.00029557881694153456
            -0.00035688506235456637
            -0.00040503715381539295
            -0.00043715692848535692
            -0.00045025856454766061
            -0.00043922669991400162
            -0.00040334459234618196
            -0.00035256216209709286
            -0.00030606894959848144
            -0.00027910178905930625
            -0.00026741973484891200
            -0.00025130173077636325
            -0.00021681614867617632
            -0.00016813398851052986
            -0.00011851368575881717
            -0.00007505843703084729
            -0.00003946410588143938
            -0.00002067597008462528
            -0.00003260505239093479
            -0.00007406984863645581
            -0.00012161176481804769
            -0.00015108465418887495
            -0.00016197546508157158
            -0.00017494158586212852
            -0.00020821302372331360
            -0.00026098427166632439
            -0.00031948321393340215
            -0.00037192814686888716
            -0.00041236313847102079
            -0.00043417669673143707
            -0.00042756004825421492
            -0.00038745736053597988
            -0.00032349183420097237
            -0.00025722287638129413
            -0.00020398292787143139
            -0.00015733243173174979
            -0.00009510844578467938
            -0.00000154684119405281
             0.00011853415620588716
             0.00024761503850328278
             0.00037297803410017640
             0.00049162375335722009
             0.00060059135720089412
             0.00069132072855245007
             0.00075754550968096029
             0.00080457633464776598
             0.00084693827867317719
             0.00089606676747165193
             0.00094809615380022163
             0.00098284925191358271
             0.00097752829987032830
             0.00092316343868849890
             0.00083058617604612518
             0.00072133562696833546
             0.00061207927596156802
             0.00050749413481791285
             0.00040565158308740267
             0.00030945759188314207
             0.00022798465813260441
             0.00016198193096042277
             0.00009617430762634979
             0.00001936399059411262
            -0.00005175837204830138
            -0.00008623049252091205
            -0.00007266547122348827
            -0.00002759155904252802
             0.00002458530136316443
             0.00007095418933236401
             0.00011125737915126383
             0.00014807216326453090
             0.00018041555604817581
             0.00020978535642714766
             0.00024665269409075870
             0.00029915501246956477
             0.00035376083179242465
             0.00037688438491162017
             0.00034314491803434026
             0.00025344754409595510
             0.00012415265071501422
            -0.00002814856169255393
            -0.00018802153340250670
            -0.00034381882254629618
            -0.00049669166311725615
            -0.00065510129891556868
            -0.00082407240714731675
            -0.00100303495456561848
            -0.00118282035594223208
            -0.00134246014297544026
            -0.00145537106749790419
            -0.00150117136620667646
            -0.00147213661063549483
            -0.00137474453653410708
            -0.00122758746276367572
            -0.00105390311992501146
            -0.00087250093053571761
            -0.00069233261593553764
            -0.00051190002771473082
            -0.00032098852847790491
            -0.00010690136514065014
             0.00012587566211366661
             0.00034807908930105619
             0.00053221462567204936
             0.00067172455328867438
             0.00077193079104518616
             0.00083376831582495574
             0.00084810171948648176
             0.00080704584959297924
             0.00071780692780882877
             0.00060286859544292186
             0.00048506788874479141
             0.00036964158617370390
             0.00024002577915688912
             0.00007676607572837284
            -0.00010647510152594794
            -0.00026305998236166359
            -0.00036541490592738172
            -0.00042765070852481088
            -0.00047505193670852204
            -0.00051130729593544522
            -0.00051417257895706157
            -0.00045883438660612611
            -0.00034656148685707511
            -0.00021087715325908917
            -0.00008770907624383013
             0.00002479124888742355
             0.00015666141586028639
             0.00031551491335412961
             0.00047519126775318965
             0.00060678281994774213
             0.00070442579689914591
             0.00078209165030241126
             0.00084640143531304276
             0.00088067592994205905
             0.00085593101638559274
             0.00075745606216904985
             0.00060529302752098529
             0.00044484201461855450
             0.00031268124750355035
             0.00020725164253814667
             0.00009216160234673159
            -0.00005727956073064981
            -0.00021933326305999059
            -0.00035497030601906249
            -0.00044902870475474276
            -0.00051357782326244680
            -0.00056329686378521720
            -0.00058872522172374485
            -0.00055963739554511986
            -0.00046077126169332956
            -0.00031646266668384636
            -0.00017460050729938226
            -0.00006705719310525400
             0.00001806464280551913
             0.00012104722728912289
             0.00025754247837522922
             0.00039722341126361695
             0.00050642610910936025
             0.00058265784455131234
             0.00064133367530837368
             0.00068871991894292226
             0.00070983237769411923
             0.00068220984047157821
             0.00059782674058272024
             0.00046986343102465558
             0.00032739577176911321
             0.00019828614454328746
             0.00008362019188882864
            -0.00004402673365809737
            -0.00019913230255787050
            -0.00035771928304668586
            -0.00049050333703019443
            -0.00059271670493321583
            -0.00067556601751866930
            -0.00074651762854370377
            -0.00079642020394179926
            -0.00080157817429941220
            -0.00073913736918204394
            -0.00060811185350884676
            -0.00044167591278453414
            -0.00028734882555734930
            -0.00016217489485723316
            -0.00004034741924304157
             0.00010417670295052740
             0.00026188157072109435
             0.00040167004607354322
             0.00050563153871384728
             0.00058254152252020441
             0.00064905418730623165
             0.00070093191841503219
             0.00070589725717718150
             0.00062954577814062931
             0.00047359467181924854
             0.00028755511570656867
             0.00013141561138942830
             0.00001622352890020497
            -0.00010330961284975442
            -0.00026531720701889405
            -0.00045385372782972530
            -0.00062036312021840280
            -0.00073341978348713879
            -0.00080156296547982209
            -0.00084879774620693824
            -0.00087420293940053688
            -0.00084216702563589738
            -0.00071948036100318708
            -0.00052307429526879357
            -0.00032151787156478422
            -0.00017822205964072296
            -0.00008933638595428923
             0.00000651191098440429
             0.00015590125321368790
             0.00034291739078600516
             0.00050591780300801061
             0.00059546028608397673
             0.00061503353574478173
             0.00059964268877982566
             0.00056496197453432195
             0.00049118192496491850
             0.00035936560472375371
             0.00020237958054305691
             0.00009196740023272117
             0.00005744696842323173
             0.00004705756993868648
            -0.00001717550505256213
            -0.00015698449560288600
            -0.00031270480605809085
            -0.00040138602494787330
            -0.00039425723571660755
            -0.00032997048696392726
            -0.00025922617251247912
            -0.00018923835729153346
            -0.00009371329435609263
             0.00002256633644617765
             0.00010669215344707859
             0.00012935990279444945
             0.00013632065539983477
             0.00019970255068242290
             0.00033399609277856091
             0.00047715953803679871
             0.00054998121015396688
             0.00052463997426775645
             0.00043655996829835398
             0.00033913246236850960
             0.00025507093804178800
             0.00016984426457851030
             0.00007204541314313284
            -0.00001224256503873998
            -0.00005524399597672795
            -0.00008369154366177502
            -0.00015302305162133279
            -0.00027363479049255919
            -0.00039545601378387403
            -0.00045711714698353157
            -0.00043646286040605639
            -0.00036311691643828417
            -0.00028771802576497063
            -0.00023358065961601033
            -0.00018422738779307282
            -0.00012336606692033852
            -0.00006487777369318703
            -0.00002466193730003099
             0.00001679433981224949
             0.00009286492491957678
             0.00019991888241077438
             0.00029556367152534579
             0.00034119545663474047
             0.00033104770806895737
             0.00028716631872175748
             0.00023509738980314227
             0.00018423253281879383
             0.00012703783286630347
             0.00005578003761374702
            -0.00002002588461984807
            -0.00008335563160387396
            -0.00013639664099811768
            -0.00019847036805192031
            -0.00027828757033678306
            -0.00036203079301759696
            -0.00042431813123131225
            -0.00044465541245459621
            -0.00041862199936870133
            -0.00035522273626343226
            -0.00026694518424312503
            -0.00016862883592074664
            -0.00007539504177287149
             0.00000514472464539295
             0.00007101713945023013
             0.00012489639469643685
             0.00018084976873853305
             0.00025671706119795214
             0.00035514915930815090
             0.00045784114747150176
             0.00053529605425747936
             0.00056204517366058282
             0.00052840929587139366
             0.00044421128223369417
             0.00033845071980650716
             0.00024975042048425264
             0.00020025915257407322
             0.00017652027641858415
             0.00014792582259977831
             0.00009765397246025233
             0.00002697001926882412
            -0.00005700176420136001
            -0.00014837269430891204
            -0.00023411930729555749
            -0.00028366494494718526
            -0.00026207321644611774
            -0.00016111883678064681
            -0.00002035447503593486
             0.00009321591388556769
             0.00014914633940283796
             0.00018232807256047075
             0.00023901021179249565
             0.00032648019672495949
             0.00042239994559766832
             0.00050251861135413613
             0.00055699638990085404
             0.00058852549602259280
             0.00058988258357796862
             0.00052710906760271791
             0.00036337264116429060
             0.00011808626797118831
            -0.00011142350343039682
            -0.00023788602210830624
            -0.00028295555232150477
            -0.00033883681623612781
            -0.00045901529521410171
            -0.00061874156633680852
            -0.00075759438682368029
            -0.00083895826427574571
            -0.00087122712096381516
            -0.00087677243268251184
            -0.00084627985064011533
            -0.00073456810916621210
            -0.00051452634628021702
            -0.00024091486862644137
            -0.00003472498335820485
             0.00003090624842140510
             0.00002065208628941143
             0.00006921572056183927
             0.00022863677664039828
             0.00042659846255665410
             0.00056630408705030631
             0.00062807794935906716
             0.00065807083493617995
             0.00067884018307574510
             0.00064252012804899160
             0.00048698803847420634
             0.00023541941089681232
             0.00001493209344494560
            -0.00005951746735452623
            -0.00002829309662350685
            -0.00005187800476434678
            -0.00021632750311665044
            -0.00045195429908237911
            -0.00064101943273215268
            -0.00074117490725326702
            -0.00079149046948361577
            -0.00082742774289784279
            -0.00081833919524347391
            -0.00069731055155459348
            -0.00045781301058272551
            -0.00020601425668599019
            -0.00008246531327328205
            -0.00011365099681800876
            -0.00016422660557584255
            -0.00008066522785833752
             0.00013126879746712026
             0.00033065248464643265
             0.00042359748432537180
             0.00044448715070431196
             0.00045586893822167858
             0.00043740339703148289
             0.00030933893019772319
             0.00005539267447956878
            -0.00021493629310010383
            -0.00036202498767819901
            -0.00035925132840228344
            -0.00031543073073596182
            -0.00036196573890458401
            -0.00052775366881959568
            -0.00072506324443940716
            -0.00084730977729950739
            -0.00086549570825756976
            -0.00082992050050791988
            -0.00079132258817142672
            -0.00073441357174209437
            -0.00059607710016439911
            -0.00035991871364984428
            -0.00012439415545631888
            -0.00002377815589220362
            -0.00006979617855752885
            -0.00012303022623521439
            -0.00003735588877769689
             0.00019018194244765495
             0.00042805959276406922
             0.00056560312720035423
             0.00062104096908158137
             0.00067683173376243365
             0.00075492421758369523
             0.00079093182924221800
             0.00072907390894243586
             0.00061520295956000071
             0.00056412984014746973
             0.00064013973205067362
             0.00078415285337488582
             0.00085291843060516061
             0.00073806218193973243
             0.00046685532236159707
             0.00018397221224107044
             0.00002069280079704582
            -0.00003159357555216256
            -0.00008458853736292168
            -0.00017792908198619511
            -0.00023034164639834984
            -0.00019322328092675643
            -0.00015379203080012789
            -0.00022017837994550959
            -0.00036358796207962583
            -0.00043549289466754989
            -0.00031932498544465096
            -0.00004825427982028157
             0.00022188305495636628
             0.00037444238184546215
             0.00044040988640584071
             0.00050993831482343092
             0.00060067167753188606
             0.00066075047328100324
             0.00065848614972714573
             0.00063614008807216967
             0.00067306540383344979
             0.00078863155413440658
             0.00089391411309133046
             0.00086201788179373013
             0.00064527426633319957
             0.00032288153871714106
             0.00003931466479250328
            -0.00012272523337509482
            -0.00021114329244610982
            -0.00031557895614322743
            -0.00044402667680030469
            -0.00054107315650714740
            -0.00058895344838358018
