             0.00000000000000000000
             0.00000000056841309413
            -0.00000010099221597739
            -0.00000057868208147943
            -0.00000161989166025255
            -0.00000306483607064428
            -0.00000450283032718278
            -0.00000552935507058030
            -0.00000588884028914736
            -0.00000551324106601375
            -0.00000454126037162691
            -0.00000323258668734291
            -0.00000180422094987266
            -0.00000033837496877586
             0.00000119851615660418
             0.00000280359851981157
             0.00000428288235529880
             0.00000535505996681374
             0.00000593297349583300
             0.00000625539752490992
             0.00000667588243090923
             0.00000727071872415731
             0.00000770948951542112
             0.00000750607520985235
             0.00000634721110358380
             0.00000427842905400203
             0.00000172465963053539
            -0.00000062537185200802
            -0.00000211527144380541
            -0.00000255340814880880
            -0.00000240443403733546
            -0.00000244182873900677
            -0.00000312037422546915
            -0.00000422101034040074
            -0.00000505369229849182
            -0.00000499168114286522
            -0.00000386369155670407
            -0.00000200327781401978
            -0.00000008708826980054
             0.00000115277085680147
             0.00000135610857026960
             0.00000087422415432000
             0.00000059292687767707
             0.00000124175541371287
             0.00000280773356017258
             0.00000458442389723781
             0.00000569028185141819
             0.00000552508312710461
             0.00000398623652775876
             0.00000153680512704671
            -0.00000096372150565992
            -0.00000274720712245056
            -0.00000364187138340895
            -0.00000412316021937510
            -0.00000485751502719829
            -0.00000616040258938925
            -0.00000776008816915386
            -0.00000896033952685477
            -0.00000907134639365229
            -0.00000783721710958009
            -0.00000559526103328441
            -0.00000309976379764908
            -0.00000111706430652862
             0.00000001588327657053
             0.00000059795237301908
             0.00000133865033529000
             0.00000278695562167993
             0.00000481200292076050
             0.00000663786331598509
             0.00000745813182768157
             0.00000699535420727901
             0.00000555893458159224
             0.00000377907608594009
             0.00000225332160050735
             0.00000124290164910459
             0.00000057154042988531
            -0.00000021507047678179
            -0.00000144117757205246
            -0.00000291456895357722
            -0.00000401859647687929
            -0.00000424180477164457
            -0.00000360452280415889
            -0.00000261656867586179
            -0.00000188623128754583
            -0.00000174514273589222
            -0.00000211026463447951
            -0.00000256737550265913
            -0.00000258306039968006
            -0.00000180952113051571
            -0.00000038715636942642
             0.00000102335555018659
             0.00000163215409839757
             0.00000108448695893802
            -0.00000027825115837822
            -0.00000168521123864009
            -0.00000245848621558356
            -0.00000236744208634421
            -0.00000166323201875873
            -0.00000088979802644882
            -0.00000057620670357990
            -0.00000086958319844181
            -0.00000130230550251084
            -0.00000102374558408472
             0.00000053531926444464
             0.00000313320682794320
             0.00000579317902112428
             0.00000742699160205404
             0.00000751306991740021
             0.00000632971305877677
             0.00000470720529032328
             0.00000353963491904982
             0.00000323418742734882
             0.00000335872822937955
             0.00000281025818467968
             0.00000058440167754112
            -0.00000331865945534080
            -0.00000765111509404230
            -0.00001059615058522039
            -0.00001093515324729656
            -0.00000884743118283288
            -0.00000576691142494075
            -0.00000339991038052213
            -0.00000270352486231093
            -0.00000335687159472671
            -0.00000386665167466329
            -0.00000238960873998229
             0.00000196606160917566
             0.00000818675099310771
             0.00001375769422342697
             0.00001637385643138351
             0.00001553434328183335
             0.00001250531607197544
             0.00000944246911849258
             0.00000801509729965207
             0.00000850277607295218
             0.00000953599854135955
             0.00000881349321687609
             0.00000477437684687076
            -0.00000202260231335804
            -0.00000911237386231584
            -0.00001373155033755382
            -0.00001464986850969552
            -0.00001266679036523166
            -0.00000998711548591966
            -0.00000879414719328893
            -0.00000991776943756491
            -0.00001232611227758419
            -0.00001361040394982225
            -0.00001152860848761211
            -0.00000558735806317825
             0.00000244046632324977
             0.00000969450798461298
             0.00001404321637214560
             0.00001521611591505826
             0.00001456439150885431
             0.00001407079426264962
             0.00001503474340554239
             0.00001716162074016038
             0.00001857030268709569
             0.00001696014828719060
             0.00001125244009330768
             0.00000257821426606317
            -0.00000626415577318765
            -0.00001256128784843139
            -0.00001525157935567236
            -0.00001530506717397658
            -0.00001484680898909349
            -0.00001577454229516805
            -0.00001852598974353071
            -0.00002160694233990623
            -0.00002236069117028679
            -0.00001879798343227602
            -0.00001108689152721994
            -0.00000163665106533042
             0.00000630120501714438
             0.00001073392704954926
             0.00001189203385682411
             0.00001180446151073464
             0.00001289882599530427
             0.00001630540889908267
             0.00002100028833986592
             0.00002443192391165540
             0.00002418791444287582
             0.00001962158901327658
             0.00001206310238576476
             0.00000425770887723738
            -0.00000155703419088053
            -0.00000486731276180852
            -0.00000685516562522129
            -0.00000935249041499352
            -0.00001344433900108829
            -0.00001857140003174253
            -0.00002269139969523632
            -0.00002352364810944816
            -0.00002005338224037390
            -0.00001332724352071225
            -0.00000592629708947603
            -0.00000034733114549947
             0.00000254104928317599
             0.00000378154280966581
             0.00000547389961326256
             0.00000935028160437578
             0.00001551527510220956
             0.00002208758301971507
             0.00002616225562633349
             0.00002577903835032468
             0.00002118600195818712
             0.00001463243651344899
             0.00000889505891469114
             0.00000535843027921034
             0.00000333333198020177
             0.00000089090722187442
            -0.00000369147654957376
            -0.00001070131001010784
            -0.00001847075150638058
            -0.00002400798023794797
            -0.00002485487165799242
            -0.00002084839029606682
            -0.00001434309836180813
            -0.00000851293409733579
            -0.00000520890186640138
            -0.00000405872793993147
            -0.00000313392189867884
            -0.00000022733099929432
             0.00000578396410547323
             0.00001391341704246228
             0.00002123405632497675
             0.00002459767739155747
             0.00002290076322304473
             0.00001782970162053288
             0.00001266542098170026
             0.00001002708181273197
             0.00001027305729638611
             0.00001159312576403871
             0.00001121377253401790
             0.00000696039068619619
            -0.00000139034030498661
            -0.00001143007684923466
            -0.00001930020293273405
            -0.00002220217094572206
            -0.00002032420155478191
            -0.00001634111341705033
            -0.00001321997930530440
            -0.00001234865379651134
            -0.00001295457124145616
            -0.00001272172530915570
            -0.00000913678377601859
            -0.00000113940595068605
             0.00000978521705480384
             0.00002005945077447328
             0.00002625258333615332
             0.00002715512344383925
             0.00002417149534795519
             0.00002050170448084090
             0.00001872198927496545
             0.00001934445380316629
             0.00002062739934492604
             0.00001987900579098461
             0.00001510789937555059
             0.00000631579134020874
            -0.00000400897090243234
            -0.00001215149735975687
            -0.00001555585321108485
            -0.00001453697190217371
            -0.00001214545337005547
            -0.00001180313847237302
            -0.00001489164161173145
            -0.00001997380406310594
            -0.00002372368976236984
            -0.00002269047146762407
            -0.00001543395172983429
            -0.00000363580116021551
             0.00000828425734705627
             0.00001566694777191695
             0.00001651107837040301
             0.00001252063985471229
             0.00000772741689789357
             0.00000569116572025174
             0.00000747297462176609
             0.00001137622916336406
             0.00001415743093105293
             0.00001299578307152519
             0.00000746965276797265
             0.00000000301921434658
            -0.00000565693251428581
            -0.00000739388029858892
            -0.00000626794606350657
            -0.00000532128359907541
            -0.00000708216907633464
            -0.00001194897896953549
            -0.00001808122917662264
            -0.00002234927760276035
            -0.00002197426293902796
            -0.00001632447099268456
            -0.00000740106191316819
             0.00000106888162478241
             0.00000621887385088928
             0.00000790137270887531
             0.00000832066838716844
             0.00001003974326856541
             0.00001399628237669015
             0.00001925403031426256
             0.00002353930466877581
             0.00002421939660314565
             0.00002008055267592041
             0.00001202853511072754
             0.00000270621834997949
            -0.00000476465892292520
            -0.00000914391921521147
            -0.00001144810451087975
            -0.00001374949764216773
            -0.00001730677403431201
            -0.00002183878332152892
            -0.00002595636430348757
            -0.00002786692158881906
            -0.00002615765950386632
            -0.00002074276372095790
            -0.00001323566128389226
            -0.00000581931449765263
             0.00000008552963974378
             0.00000478834839702316
             0.00000965178445020734
             0.00001562328354312346
             0.00002249366277184717
             0.00002903481584562810
             0.00003383062516013115
             0.00003532380561475021
             0.00003302428345078831
             0.00002784579052919470
             0.00002134044112850443
             0.00001453450092584862
             0.00000748816908514632
            -0.00000067073502820771
            -0.00001047457630932758
            -0.00002098013504115648
            -0.00003006800655777279
            -0.00003575977717420852
            -0.00003727747016954612
            -0.00003494215296402988
            -0.00003041408593167118
            -0.00002588636959626108
            -0.00002268580577413200
            -0.00002045913616260969
            -0.00001730045528192596
            -0.00001097976307025424
            -0.00000107807536911674
             0.00001042373422938809
             0.00002051470254738718
             0.00002712989083928356
             0.00003030406234963062
             0.00003092404387413739
             0.00003063163935846936
             0.00003047823982711852
             0.00003035314100067792
             0.00002876095496969736
             0.00002330244249384577
             0.00001263004637086993
            -0.00000205949746034304
            -0.00001695756027130114
            -0.00002813284283886654
            -0.00003430373295168672
            -0.00003601235697007392
            -0.00003484027361172185
            -0.00003274612558306123
            -0.00003078371027734716
            -0.00002909971929018427
            -0.00002626194488491181
            -0.00002039954436865066
            -0.00001062760276694556
             0.00000145853232374804
             0.00001226769329702855
             0.00001925642996835297
             0.00002277046960890486
             0.00002460446244886856
             0.00002657756080811814
             0.00002953157823822355
             0.00003322349999478467
             0.00003558163219887808
             0.00003390046834669297
             0.00002646407930119418
             0.00001327661266903332
            -0.00000199537906343397
            -0.00001442298321605389
            -0.00002166953395196870
            -0.00002431944377270966
            -0.00002492810567167106
            -0.00002602308385049752
            -0.00002844086104428476
            -0.00003131507858999054
            -0.00003194892846439785
            -0.00002810546920847396
            -0.00001909711291253953
            -0.00000655632026530259
             0.00000546462248572569
             0.00001397671703396289
             0.00001893238931709614
             0.00002253276473449536
             0.00002737781683298666
             0.00003407651856039030
             0.00004142200301299428
             0.00004641272593471164
             0.00004642327498067630
             0.00004075124253350460
             0.00003005900870288877
             0.00001702303824751916
             0.00000594320125750553
            -0.00000141269886833745
            -0.00000632849154510299
            -0.00001204558715978728
            -0.00002065648446843240
            -0.00003177775250894793
            -0.00004275537664442341
            -0.00004914267427183919
            -0.00004888175675976006
            -0.00004264214312178547
            -0.00003210711853225089
            -0.00002106069726261829
            -0.00001247979614734808
            -0.00000674967275509594
            -0.00000131408544139031
             0.00000768882148077904
             0.00002128298969240076
             0.00003750850847632538
             0.00005195586535047548
             0.00006041773185271703
             0.00006269182973672627
             0.00006006017892639284
             0.00005388727704551781
             0.00004651536736948589
             0.00003959784555824967
             0.00003220964565224554
             0.00002260072096354563
             0.00000932274961060302
            -0.00000892617708132410
            -0.00003041664150624555
            -0.00005071160050979164
            -0.00006509404296642181
            -0.00007322103561630619
            -0.00007693207231548865
            -0.00007757092774021969
            -0.00007712526382102128
            -0.00007818285170483978
            -0.00007981449497750571
            -0.00008077520520818100
            -0.00007954586566662124
            -0.00007408548387583889
            -0.00006344231091299665
            -0.00004898689624952926
            -0.00003423941401816103
            -0.00002233796278799352
            -0.00001487892200784621
            -0.00001203185801391715
            -0.00001160937880638355
            -0.00001161617769773207
            -0.00001130331450253970
            -0.00000898920043783079
            -0.00000515855024818425
            -0.00000502877897799112
            -0.00001195960306103457
            -0.00002538041866292574
            -0.00004133572476778401
            -0.00005546520446992612
            -0.00006464840228071871
            -0.00007033816755037626
            -0.00007318581073041309
            -0.00007412966830731737
            -0.00007614095224558563
            -0.00007856855445948836
            -0.00007978575697127373
            -0.00007800615458972229
            -0.00007079061603836057
            -0.00005664211465562443
            -0.00003669102712366726
            -0.00001434309233459571
             0.00000740813747689854
             0.00002714238280093303
             0.00004481918415242732
             0.00006234681973178373
             0.00008025426437391536
             0.00009902013142929947
             0.00011800972374518495
             0.00013422050284772526
             0.00014754985506430990
             0.00015671708094125011
             0.00016073579068327036
             0.00015995530309721647
             0.00015601864533497760
             0.00015110772730439720
             0.00014603967635603885
             0.00013977315333985353
             0.00013050979104010360
             0.00011707683386246840
             0.00009949223546786312
             0.00007893421044958427
             0.00005617663945414734
             0.00003112133340739261
             0.00000882831322759195
            -0.00000682499649005778
            -0.00001278859462982849
            -0.00001232467429640124
            -0.00001103395159813234
            -0.00001155097084768682
            -0.00001264427241542881
            -0.00001064608714198467
            -0.00000303491195952625
             0.00000983881287099927
             0.00002631682002335298
             0.00004440197755628796
             0.00005828844316108821
             0.00006731125248975018
             0.00007012763428018568
             0.00006870026925574748
             0.00006554205152664271
             0.00006209355571508765
             0.00005709676816390823
             0.00004719676786142475
             0.00002863128311251208
            -0.00000121189612827776
            -0.00004339816595392770
            -0.00009176201778378929
            -0.00013825156009376571
            -0.00017593761745355704
            -0.00020517076398351264
            -0.00022510991709921493
            -0.00023708912646692990
            -0.00024389064777230446
            -0.00024746233371499780
            -0.00024803187758492835
            -0.00024406726959079039
            -0.00023306126333213462
            -0.00021312440162867287
            -0.00018350117638088053
            -0.00014496186383440330
            -0.00009922134207845792
            -0.00004857700355990792
             0.00000298943222193914
             0.00004408793033437367
             0.00007546763644986295
             0.00010198251340912480
             0.00012411914990821630
             0.00014097156932951112
             0.00015173991298883689
             0.00015607080252712948
             0.00015395869506325564
             0.00014489351055673821
             0.00012815161830897269
             0.00010316076155400078
             0.00007133989668458105
             0.00003531691879673435
            -0.00000267147324460002
            -0.00003357163920972354
            -0.00005974559658430986
            -0.00008273315869633383
            -0.00010006544166372957
            -0.00011023690796606863
            -0.00011214330634531653
            -0.00010655064903126793
            -0.00009693729251493859
            -0.00008401764741547834
            -0.00006457029845601750
            -0.00003639330672377323
             0.00000196226768465773
             0.00003779408867726164
             0.00006806827169124185
             0.00009254646068232950
             0.00011397232634374434
             0.00013172089504336781
             0.00014389002910516517
             0.00014967622603836804
             0.00014996194633684520
             0.00014658275875026368
             0.00014000463390852726
             0.00012874971000160912
             0.00011017295337164242
             0.00008234812433215772
             0.00004473821349497377
             0.00000005495158748522
            -0.00003576708211139762
            -0.00006033815044492252
            -0.00007940693245451276
            -0.00009366531536777189
            -0.00010176286109818179
            -0.00010425056095973643
            -0.00010265997358574973
            -0.00009851813368312546
            -0.00009279352384008167
            -0.00008261616236957727
            -0.00006336585746557543
            -0.00003344559571373468
             0.00000425826653103994
             0.00004397029488058046
             0.00007395137134361714
             0.00009279774858309403
             0.00010723802583169784
             0.00011676656297184918
             0.00012089649359826581
             0.00012075268570572049
             0.00011802077056607893
             0.00011462061968786028
             0.00011047411526234357
             0.00010316427295951917
             0.00009025932115678009
             0.00006814722686179822
             0.00003414658955268682
            -0.00000820873246931605
            -0.00004938712669551551
            -0.00008453824934836231
            -0.00011339690314377187
            -0.00013448457204592385
            -0.00014659495542327267
            -0.00015043542388109638
            -0.00014851804313805917
            -0.00014282139247584141
            -0.00013546565317875908
            -0.00012685419083850654
            -0.00011212076411312465
            -0.00008802700567193326
            -0.00005064880535390437
            -0.00000920571190999532
             0.00003036338018978935
             0.00006327859226989665
             0.00008991925840591891
             0.00011087559824584036
             0.00012447436291141811
             0.00012948236309345392
             0.00012776669488610471
             0.00012200644419403603
             0.00011408602064644853
             0.00010493781665720252
             0.00008922381485101626
             0.00006153893348286491
             0.00001909004941347468
            -0.00002720331941986828
            -0.00006940468556301464
            -0.00010203204302815327
            -0.00012828724305723516
            -0.00015057325986399483
            -0.00016505481711036836
            -0.00017083115569344011
            -0.00017055577178717635
            -0.00016324230504226005
            -0.00015016710692048523
            -0.00013179949093772750
            -0.00010145646617038775
            -0.00005601449727068309
            -0.00000451977519792031
             0.00004162246165598178
             0.00007318309215208576
             0.00008998481184491697
             0.00009913846835345496
             0.00010638494661344458
             0.00010954291154696069
             0.00011011677309853249
             0.00010964145195439621
             0.00010147448215555406
             0.00008924241972526245
             0.00007312255108408889
             0.00004392216994958847
             0.00000458398107122894
            -0.00003298100276108350
            -0.00005768812532222336
            -0.00006524718128957594
            -0.00006148066362258756
            -0.00005710315059226336
            -0.00005591058000434265
            -0.00005692810568877174
            -0.00005940611570663774
            -0.00005523258658950642
            -0.00004198668348068274
            -0.00002831852050864199
            -0.00000132117783087164
             0.00003235851247684061
             0.00006291504706925395
             0.00008048948204030777
             0.00008408990243924815
             0.00008060729416501484
             0.00007859517732218177
             0.00008021666655678430
             0.00008241401518066124
             0.00008272043565533449
             0.00007480316091373750
             0.00005667695773982248
             0.00003449341294827500
             0.00000509274048677296
            -0.00002864196393727952
            -0.00005809536344556336
            -0.00007253468438422600
            -0.00007321664650347731
            -0.00006844795472496416
            -0.00006608002114015404
            -0.00006797584046419139
            -0.00007175187233991815
            -0.00007467814864104643
            -0.00007101295909030945
            -0.00005709364086585238
            -0.00004042746608733724
            -0.00001879385259846820
             0.00000675880430900816
             0.00002924116065576831
             0.00004213698499154572
             0.00004710369262782211
             0.00004988466392798170
             0.00005380192950887836
             0.00005828497860883560
             0.00006147433408994495
             0.00006165710773192673
             0.00005517174139326638
             0.00004243698244512804
             0.00002574227584377547
             0.00000465462260022975
            -0.00002069819006564618
            -0.00004419690597309881
            -0.00006179332025996473
            -0.00007225157364621427
            -0.00007744173270565031
            -0.00007867335633095653
            -0.00007777074411352137
            -0.00007566186848448294
            -0.00007246394091596254
            -0.00006708029810639424
            -0.00005599612303343317
            -0.00003769599096710502
            -0.00001348617986865196
             0.00001569797739902009
             0.00004236307930089118
             0.00006326325552606471
             0.00007540720281008300
             0.00007942252656550793
             0.00007704775324971049
             0.00007328987654390095
             0.00007246777129963604
             0.00007663700320636236
             0.00008347429952738284
             0.00008931978415306697
             0.00008873503082059813
             0.00007557968389360581
             0.00005139486379550210
             0.00002181757564042580
            -0.00000394114618121924
            -0.00002498140709166704
            -0.00003818395699886756
            -0.00004071732511304294
            -0.00003792748109016013
            -0.00003597837168421647
            -0.00003623098166222186
            -0.00003899444043059678
            -0.00003953793299916196
            -0.00002809320819030430
             0.00000160954186433738
             0.00003777550914013891
             0.00007214181836691534
             0.00009543537383056521
             0.00010888751327862512
             0.00011489673132513936
             0.00011453427232098850
             0.00010608335394961321
             0.00009556359294771234
             0.00008514441961129120
             0.00007327365233404552
             0.00006112696533438545
             0.00003793935383426318
            -0.00000930511047393583
            -0.00006700120656388722
            -0.00011844028566588695
            -0.00015160757526886716
            -0.00016517039665754553
            -0.00016608440593764119
            -0.00016034189873599777
            -0.00014526533548633045
            -0.00012921405909068195
            -0.00011975578491558349
            -0.00011173999177410354
            -0.00010611271008880249
            -0.00010055933843337476
            -0.00007787150346066313
            -0.00002990094173746365
             0.00003172544359707056
             0.00007977532831466776
             0.00010050951149987484
             0.00010758774988600034
             0.00011129906436301286
             0.00010879699241819352
             0.00010177281187315542
             0.00010024021311335605
             0.00010159434219870239
             0.00009990508986149516
             0.00009929196305679679
             0.00008544349499301395
             0.00004208623054908344
            -0.00002707873638237937
            -0.00008496238095734595
            -0.00011460173263243032
            -0.00012061101733819552
            -0.00012353034371407443
            -0.00012338073736104527
            -0.00011689649019347979
            -0.00011771122765415754
            -0.00012387708811597087
            -0.00012747728503619200
            -0.00013524793735939663
            -0.00013252794603320532
            -0.00009949601909717048
            -0.00003685773935395072
             0.00003348365427877797
             0.00007563191693193748
             0.00008221872185569197
             0.00008071805480217179
             0.00008129765065893284
             0.00006776603425521309
             0.00005832499549509289
             0.00005299517836684411
             0.00004936648387762493
             0.00005159539200324881
             0.00004611053655743325
             0.00001321384423113799
            -0.00004397694455772118
            -0.00010561339504196014
            -0.00015150663674181410
            -0.00016810370619159843
            -0.00016421139711571536
            -0.00015627262910918345
            -0.00014489869888901705
            -0.00012808723748146660
            -0.00011702312630925355
            -0.00011146552256577419
            -0.00010178424496057996
            -0.00010052876582133524
            -0.00009319253183695264
            -0.00005872959932383824
            -0.00000657423904627400
             0.00004335027511476184
             0.00007177892236733212
             0.00007193507420856113
             0.00006538901950315169
             0.00006960504201700036
             0.00007378489851347107
             0.00008652219434169249
             0.00010946570020905234
             0.00012801305249746136
             0.00014702213474344211
             0.00016110134946549132
             0.00016243358537535284
             0.00014445548298229542
             0.00011705181913985863
             0.00008985364348629881
             0.00007465336908181195
             0.00007323980505396234
             0.00007379550446414623
             0.00006464652190661881
             0.00002217373515585911
            -0.00001494477449018305
            -0.00004966149716811121
            -0.00007418427414154831
            -0.00010421092940643282
            -0.00011914365148728789
            -0.00010083853248321083
            -0.00006316742026333760
            -0.00002514379071894141
            -0.00000438459630296185
            -0.00000620772120202854
            -0.00000421397494186756
             0.00001404728448556978
             0.00004622064468952591
             0.00008284507336695106
             0.00011921649302418013
             0.00014431279765311311
             0.00016380809463876890
             0.00017229083748555762
             0.00016408931814616948
             0.00014056584227326667
             0.00011187807842401526
             0.00008905412578530000
             0.00008036677957506137
             0.00007708518434226802
             0.00006920567148386773
             0.00003527973087585365
            -0.00001563650399117459
            -0.00006645263417730332
            -0.00011597501494182564
            -0.00015207781874974197
            -0.00018299507617596235
