             0.00000000000000000000
            -0.00000149066223504360
            -0.00000695370086877695
            -0.00001617045048938685
            -0.00002632253038694039
            -0.00003464196969331367
            -0.00004008548269163460
            -0.00004366384796718823
            -0.00004665588874879083
            -0.00004811473459460163
            -0.00004455976145162362
            -0.00003372951321485268
            -0.00001763640311553619
            -0.00000047678173587155
             0.00001458782373134042
             0.00002672899374418703
             0.00003714479138495489
             0.00004723439698410588
             0.00005762397509453755
             0.00006775329744155083
             0.00007515584330976618
             0.00007677216482893051
             0.00007123872833067844
             0.00006008158439916708
             0.00004697358803426534
             0.00003476585670113001
             0.00002362341762871396
             0.00001200406397164267
            -0.00000137446342216346
            -0.00001597930149851961
            -0.00002956783850568789
            -0.00003948281667336732
            -0.00004360586200670033
            -0.00004151006852822084
            -0.00003546593412232569
            -0.00002915760157848555
            -0.00002475081093401637
            -0.00002143705245959689
            -0.00001678559552110786
            -0.00000909687385134563
             0.00000151321581564086
             0.00001343476484905045
             0.00002446117464609925
             0.00003254228758429690
             0.00003643972463554574
             0.00003631408888659761
             0.00003350543827020088
             0.00002959181264497903
             0.00002489392931023133
             0.00001766764080402125
             0.00000568771785359227
            -0.00001124919579335514
            -0.00003066280671977638
            -0.00004911826108189121
            -0.00006393625977736847
            -0.00007323697671574875
            -0.00007607196723009984
            -0.00007345479150917586
            -0.00006808802953299270
            -0.00006205979471219682
            -0.00005509804519479455
            -0.00004513730521336214
            -0.00003037284922098227
            -0.00001110238851034267
             0.00001011684965564610
             0.00002946909682029040
             0.00004305932057696458
             0.00004927072209997184
             0.00005055947420589799
             0.00005110414759532007
             0.00005281688277744799
             0.00005373230453917622
             0.00004926729570466244
             0.00003667193681045007
             0.00001861691748219015
             0.00000083680877877566
            -0.00001231717593000641
            -0.00001985584099296407
            -0.00002360108902522822
            -0.00002579446120507392
            -0.00002769572944011320
            -0.00002994076909718635
            -0.00003236407859094496
            -0.00003339785202869405
            -0.00003097199598949115
            -0.00002473623708815735
            -0.00001679482431662204
            -0.00001003229819902208
            -0.00000607786262284643
            -0.00000471350105892131
            -0.00000484861271285029
            -0.00000540682218460055
            -0.00000550055070678563
            -0.00000491419567124233
            -0.00000467311233039320
            -0.00000657474822434215
            -0.00001140208558604828
            -0.00001741855242868954
            -0.00002117654430527532
            -0.00001978798116182692
            -0.00001229762377884253
             0.00000003868515460209
             0.00001437142521311417
             0.00002747894559872429
             0.00003676556602833906
             0.00004195935558538137
             0.00004586146008475468
             0.00005146768778251397
             0.00005845221945198562
             0.00006260270338678234
             0.00005862878116462790
             0.00004430877013333522
             0.00002176272056654271
            -0.00000423086113705856
            -0.00002827694240733326
            -0.00004622956165315468
            -0.00005620795220459158
            -0.00006014681389439418
            -0.00006379005923272434
            -0.00007079171616404309
            -0.00007766655364487711
            -0.00007636974667476630
            -0.00006092134337038965
            -0.00003242148910890203
             0.00000195144053660276
             0.00003412748062675033
             0.00005887872290977852
             0.00007557561253266941
             0.00008788209033500681
             0.00010077689565508585
             0.00011672443165995157
             0.00013259591137176663
             0.00014010900977255413
             0.00013102123849297715
             0.00010315075480826953
             0.00006325357786685636
             0.00002356267902327829
            -0.00000712011567238494
            -0.00002862576232657126
            -0.00004662339144870702
            -0.00006736903413529344
            -0.00009347537781535491
            -0.00012120826816384087
            -0.00014169932082226791
            -0.00014666008923505514
            -0.00013375501022772269
            -0.00010731730243753697
            -0.00007516590501570615
            -0.00004404465040105374
            -0.00001633092052570185
             0.00001056262288102100
             0.00004175364060449931
             0.00008031548952544816
             0.00012357896009333513
             0.00016266440991265474
             0.00018642811915519934
             0.00018805456352291155
             0.00016878929954630603
             0.00013577544794697965
             0.00009721733218715005
             0.00005889648471882230
             0.00002241501950740381
            -0.00001470128319612834
            -0.00005660102998179995
            -0.00010476351312101074
            -0.00015397448638483234
            -0.00019334197752325345
            -0.00021244315289272182
            -0.00020730298309737329
            -0.00018258454697311243
            -0.00014832276351630784
            -0.00011335300727355450
            -0.00008105526055081107
            -0.00004854622227531824
            -0.00000895495932494660
             0.00004224922275248860
             0.00010121373556780035
             0.00015575407152479783
             0.00019199890225785954
             0.00020383122156777280
             0.00019698188940169619
             0.00018230191298992360
             0.00016648277221112065
             0.00014944086237253819
             0.00012591906952208991
             0.00008950923400963444
             0.00003805005184091373
            -0.00002397842604588641
            -0.00008646186335832782
            -0.00013747728980338187
            -0.00016889895321389368
            -0.00017972852306522561
            -0.00017487224489071081
            -0.00016150309321051137
            -0.00014551987790230211
            -0.00012777787430927321
            -0.00010293089090987485
            -0.00006426886260682607
            -0.00001050465894576549
             0.00005121137645418964
             0.00010841242541523790
             0.00015057420434473373
             0.00017454711923792760
             0.00018441918964909893
             0.00018703684053524773
             0.00018708528170768531
             0.00018463272486040651
             0.00017418674563050566
             0.00014631239099741278
             0.00009549313752783568
             0.00002780652701411308
            -0.00004127705333096435
            -0.00009642679188525393
            -0.00013121863477888826
            -0.00014953168733917034
            -0.00015937293957315798
            -0.00016639261322367601
            -0.00017071291069128405
            -0.00016676956337887175
            -0.00014685853598093610
            -0.00010689175712277276
            -0.00005036929298190433
             0.00001204383729741826
             0.00006724178475709003
             0.00010668060590027205
             0.00013071474431283579
             0.00014584976447693134
             0.00015870631746588967
             0.00017262149045292298
             0.00018555238411896834
             0.00018933663299307242
             0.00017427832651895810
             0.00013731055296909499
             0.00008596457702938327
             0.00003321417401295706
            -0.00001138303844685299
            -0.00004624795119475800
            -0.00007605119933719682
            -0.00010628106605808531
            -0.00013882169256945964
            -0.00017030951493504361
            -0.00019255830438055584
            -0.00019527136264321481
            -0.00017132742316754214
            -0.00012275470546865879
            -0.00006172077557199702
            -0.00000286472319097242
             0.00004664341327801300
             0.00008919531932352402
             0.00013013974900153959
             0.00017106042527579909
             0.00020974707009322071
             0.00024208887310616368
             0.00026066585396696879
             0.00025644234401562790
             0.00022609949135904159
             0.00017678727479387960
             0.00012256665765532492
             0.00007517647440612924
             0.00003727908522634068
             0.00000388090478270367
            -0.00003198729010155246
            -0.00007495617598601685
            -0.00012393929933172547
            -0.00017067783606477559
            -0.00020249023682792800
            -0.00020910284654487651
            -0.00018956324761590685
            -0.00015214396247809531
            -0.00010899730435111949
            -0.00006987963055252544
            -0.00003675348408221616
            -0.00000487452286469427
             0.00003158483345651818
             0.00007440289948739510
             0.00011721782576619021
             0.00014620765999209191
             0.00014905193904059231
             0.00012623547592701756
             0.00009170965107706678
             0.00006243811438842606
             0.00004738144449200500
             0.00004330314937202408
             0.00003894901620519208
             0.00002178322657440886
            -0.00001472788125366521
            -0.00006542653729884538
            -0.00011573891554179103
            -0.00014979849681886288
            -0.00015980263559609099
            -0.00015118944444713812
            -0.00013673067589118037
            -0.00012447882016474663
            -0.00011232035767046719
            -0.00009208995107753264
            -0.00005702856283923156
            -0.00000632880801321929
             0.00005474080361043604
             0.00011546355326199629
             0.00016224558691694234
             0.00018584849612210579
             0.00018702298570546626
             0.00017436906524853469
             0.00015647813189499678
             0.00013553953816281523
             0.00010776339134908608
             0.00006797036084914879
             0.00001374934667235583
            -0.00005192927096656111
            -0.00012023436481884540
            -0.00017823199873632305
            -0.00021499403844963948
            -0.00022941854167650414
            -0.00022910659499368702
            -0.00022120544454522090
            -0.00020674209003925710
            -0.00018205259274025926
            -0.00014369197405988344
            -0.00009130403595087943
            -0.00002642458899649210
             0.00004797251154361727
             0.00012499752788141909
             0.00019377807166803164
             0.00024498704231212944
             0.00027673391777449451
             0.00029390027253830712
             0.00030089279120742058
             0.00029562144988142409
             0.00027175089333444382
             0.00022499687354641531
             0.00015472621367772446
             0.00006412212733185446
            -0.00003717769030572433
            -0.00013350513621432857
            -0.00020898953548709759
            -0.00025812366211518448
            -0.00028998048103321729
            -0.00031544488889905680
            -0.00033385740819774228
            -0.00033504670464010622
            -0.00031050874702003803
            -0.00026124801040756034
            -0.00019590472820156621
            -0.00012333752467209736
            -0.00004873427654909408
             0.00002383750557767343
             0.00009020976930716134
             0.00015056767079780543
             0.00021038621543480507
             0.00027100109716707711
             0.00032115801761862497
             0.00034409749676281249
             0.00033218127912964667
             0.00029029345259105958
             0.00022731995457663965
             0.00014964579626956765
             0.00006195020927338144
            -0.00002970161558566264
            -0.00011780041907830735
            -0.00019758818636978533
            -0.00026795018176212497
            -0.00032581398229983245
            -0.00036194067866445915
            -0.00036558159321732777
            -0.00033536212432677188
            -0.00028168910630812160
            -0.00021653926742637940
            -0.00014579963020872093
            -0.00007265013995835287
            -0.00000178082890954450
             0.00006393261771895991
             0.00012790077321569784
             0.00019618158148584314
             0.00026570010424328475
             0.00032013719572256713
             0.00034261149502060284
             0.00032952731321359376
             0.00029086979732293231
             0.00023817264226482345
             0.00017574099534317997
             0.00010469621733300938
             0.00002810463425201431
            -0.00005069193862557927
            -0.00013121539060334503
            -0.00021207851259580780
            -0.00028214799333594091
            -0.00032265481937798920
            -0.00032269495368892807
            -0.00028944145974164675
            -0.00024099407638558998
            -0.00019114682567625377
            -0.00014130189296271791
            -0.00008419587512048457
            -0.00001323129801055920
             0.00007297013234870277
             0.00017030259699824806
             0.00026711350086724110
             0.00034557838980039409
             0.00039094756234887037
             0.00040137428987195681
             0.00038803064665462078
             0.00036409460808877885
             0.00033383021713159305
             0.00029156572600537781
             0.00022859204728604962
             0.00014118552234677206
             0.00003400667517225338
            -0.00008198333422710607
            -0.00019296048298140988
            -0.00028450913184581455
            -0.00034536249099889849
            -0.00037449441610775557
            -0.00038256688588559896
            -0.00038167267577070025
            -0.00037421947715901316
            -0.00034975617752814692
            -0.00029227110797113288
            -0.00019584805859401515
            -0.00007219111642015638
             0.00005889479489977861
             0.00018208291566847452
             0.00028925665930592534
             0.00037751568077748157
             0.00044931670221690068
             0.00051040295276112745
             0.00056260024832699299
             0.00059716224702343593
             0.00059653680470984764
             0.00054547806406257638
             0.00044356022305811003
             0.00030690097884962530
             0.00015469930321367441
            -0.00000294226337994562
            -0.00016091312695426429
            -0.00031101705268998721
            -0.00044648103172542468
            -0.00056992101437336213
            -0.00068803215161679528
            -0.00079899928514950752
            -0.00088865734409563767
            -0.00094022478403226514
            -0.00094838911400157066
            -0.00092338993628951146
            -0.00088003999266628706
            -0.00082348668557023178
            -0.00075018254763505477
            -0.00066093410515746949
            -0.00056646463922349914
            -0.00047930473580834839
            -0.00040095862216485775
            -0.00032029775034842363
            -0.00022985872379370969
            -0.00014146173957147893
            -0.00008047928348970685
            -0.00006400094301164446
            -0.00008700598941236784
            -0.00013200636233705613
            -0.00018885419596569291
            -0.00025798250677617834
            -0.00033717746461454120
            -0.00041920046573405137
            -0.00050443963906993757
            -0.00060200825373215271
            -0.00071308888325545962
            -0.00082039554579917606
            -0.00089688576829667047
            -0.00092465751390527050
            -0.00090579467645906370
            -0.00085383685669474364
            -0.00077684564813243072
            -0.00067176376442516534
            -0.00053390195301385754
            -0.00036707111834895386
            -0.00018049216941440956
             0.00002394779415147359
             0.00025524956369835935
             0.00051774480072932279
             0.00079449161902530382
             0.00105438534052503603
             0.00127661998057734555
             0.00146332290958772933
             0.00162877066957902426
             0.00178054436042504789
             0.00191187148353406250
             0.00200889858515188686
             0.00206187247716347645
             0.00206916421498867277
             0.00203269460298715612
             0.00194989941228758575
             0.00181288635403476536
             0.00161824058690921107
             0.00137823051358240429
             0.00112130472304083927
             0.00087705251097621860
             0.00065877123736788788
             0.00046014816417288694
             0.00027228064525310530
             0.00010300175996061822
            -0.00003031288153660521
            -0.00011931589201800348
            -0.00016375550615560622
            -0.00016077143652135510
            -0.00010697494856384680
            -0.00001056293811760203
             0.00010512785477720054
             0.00021490937719463875
             0.00031107339580141322
             0.00040683435073014356
             0.00051465745714627501
             0.00062723597444157156
             0.00072652931066081875
             0.00079520058820155683
             0.00081316200071097813
             0.00075843969119783212
             0.00061497978943506591
             0.00038062774092603621
             0.00007092924174399538
            -0.00028717546693684507
            -0.00066737437099641283
            -0.00105650003315309261
            -0.00145670418625179162
            -0.00186800700344808631
            -0.00227238634782327576
            -0.00263715973081282565
            -0.00292640770097505427
            -0.00311264609845426400
            -0.00318372854799898845
            -0.00313982425218606006
            -0.00298827835759860180
            -0.00274135181527046697
            -0.00241456377989747147
            -0.00202520013918129236
            -0.00159020178254628652
            -0.00112326763255098257
            -0.00063585548557197960
            -0.00014141638944227663
             0.00034400378031919002
             0.00080236179796991120
             0.00121033676970038612
             0.00153834819768498940
             0.00176117058515050319
             0.00187165938991723903
             0.00188197994116688747
             0.00181161771823639198
             0.00167180120669704478
             0.00146063066812859876
             0.00117467337049068045
             0.00082580272517489121
             0.00044747027562365568
             0.00007858410630441825
            -0.00026270247582364873
            -0.00057811122538027929
            -0.00086011021019876625
            -0.00107739195687946957
            -0.00119510817876812645
            -0.00120571085915527126
            -0.00113474535968554648
            -0.00101316034109855883
            -0.00084596682836394869
            -0.00061133146094273559
            -0.00029402025827718217
             0.00007430225040986090
             0.00042870320309612071
             0.00073769644709357845
             0.00102280867966092048
             0.00130954810554583011
             0.00158644503031694787
             0.00180811610255146972
             0.00192677670101436467
             0.00192591564815420744
             0.00182572078264909145
             0.00165724606704420398
             0.00143624790168158560
             0.00115956096580479575
             0.00082459552710996734
             0.00045299033033282610
             0.00009136214927009921
            -0.00022832199383136312
            -0.00051756773402546370
            -0.00079502761410752245
            -0.00104468598956397552
            -0.00122426865304231633
            -0.00130154994739828042
            -0.00127729480399922657
            -0.00117629971619728096
            -0.00102256865632014814
            -0.00082071964416754594
            -0.00056226456730589869
            -0.00025278429724181605
             0.00007434333548567796
             0.00037752264496678721
             0.00064406337976159397
             0.00089485466901760753
             0.00114107942161959745
             0.00135672124690478543
             0.00149987239380229434
             0.00154828662417749339
             0.00151288339221758699
             0.00142272912582332525
             0.00129627454914344755
             0.00112497534653943957
             0.00088902830923053683
             0.00058362896651749244
             0.00023075443046550445
            -0.00013137832403128214
            -0.00047805325269678357
            -0.00080730633013591203
            -0.00111951719972713782
            -0.00140111865934954200
            -0.00162187806703413626
            -0.00174837221745088108
            -0.00176723972956303204
            -0.00169442197856733089
            -0.00155776001648125629
            -0.00137010796463016694
            -0.00112167574227542703
            -0.00079990798324831912
            -0.00042346094303187987
            -0.00004394676619466479
             0.00029948639792059666
             0.00060887588975910031
             0.00090538752328217259
             0.00119007642388947602
             0.00142788287092824825
             0.00156887747650647966
             0.00158560093274309147
             0.00149138519803868508
             0.00132327335823270373
             0.00110574459525165838
             0.00083022856267860013
             0.00047909154862997355
             0.00007406714259084548
            -0.00032562222666413572
            -0.00068307149370810092
            -0.00101241134384017504
            -0.00134120616734745486
            -0.00165960618158345627
            -0.00191074715752853792
            -0.00202820796010825524
            -0.00198451919519648540
            -0.00180686044431325847
            -0.00155005578003998101
            -0.00125356276985700383
            -0.00091831945663684565
            -0.00053346582787023992
            -0.00012319543512472658
             0.00025596062464386935
             0.00056811426506224113
             0.00082938500530457978
             0.00107404925529868984
             0.00129751275803975251
             0.00144195303023425211
             0.00144132094862558765
             0.00128703478231882522
             0.00104477086323939879
             0.00079901748597603042
             0.00058515077790246195
             0.00037733945536709687
             0.00014193121288543024
            -0.00010935571201821971
            -0.00033329810875958472
            -0.00050634823736687908
            -0.00064140776108815136
            -0.00075548414760372975
            -0.00082849292943551164
            -0.00080620862512295545
            -0.00065961459270782107
            -0.00043434907431076804
            -0.00021924328763257565
            -0.00005973939578455120
             0.00008200782021860919
             0.00026415070953580413
             0.00048595784950306622
             0.00069722898155731973
             0.00085979389131395426
             0.00097579091071989959
             0.00105983570375609427
             0.00109679100754046755
             0.00104360546559236693
             0.00087851541790096835
             0.00063818513522638813
             0.00039620145585429382
             0.00020300342847251972
             0.00004208958478980191
            -0.00013918815277581925
            -0.00035149263263225362
            -0.00055244281545999661
            -0.00070485870742243730
            -0.00080770051684232193
            -0.00087298470207055733
            -0.00089382978055766273
            -0.00084821639683922169
            -0.00073312465429459727
            -0.00058069751063541896
            -0.00043456601466835355
            -0.00031344470757097882
            -0.00019462578081420182
            -0.00004155151527727685
             0.00014713911771437673
             0.00033487664355659296
             0.00048897057576799657
             0.00060269102932053800
             0.00068031804064280646
             0.00071593009343914448
             0.00069343371553450938
             0.00060697757210512291
             0.00047405439236567225
             0.00032231355653004152
             0.00016643897148324225
             0.00000184237484051938
            -0.00017946004151094474
            -0.00037047055084926179
            -0.00055117296126631953
            -0.00070484211837557596
            -0.00082577755439600272
            -0.00091131195947757014
            -0.00094971543587411866
            -0.00092236522512090778
            -0.00081912661109887494
            -0.00064962266638831051
            -0.00044214573976497548
            -0.00023020658680788378
            -0.00003356254291817798
             0.00015091770387184780
             0.00033536681750996557
             0.00052129162865611860
             0.00069838852577951008
             0.00085402046109891755
             0.00097890227811548575
             0.00106441259656731924
             0.00110004762096667396
             0.00107858546142774602
             0.00100108991229166944
             0.00087710095714651625
             0.00072309191236762343
             0.00056266844435592554
             0.00042040570952295970
             0.00029670767143674746
             0.00015758210825225945
            -0.00002591786903369755
            -0.00023842609651766479
            -0.00042801263240681227
            -0.00054063628884136374
            -0.00055437640950674891
            -0.00048818538977787759
            -0.00037159024734874916
            -0.00021250840782556873
            -0.00000510594581446961
             0.00023539646495599435
             0.00046628774582957504
             0.00065801942587367121
             0.00082401887200070443
             0.00099805710097799799
             0.00118596828491023855
             0.00134140097046081194
             0.00139160697845831728
             0.00129100354688424751
             0.00105564769173975320
             0.00074467819479007949
             0.00040451845987326819
             0.00003923022887269911
            -0.00035287075028650965
            -0.00073290335739312955
            -0.00104663033788144743
            -0.00128142441857066508
            -0.00147405704168800415
            -0.00166568207322214073
            -0.00184832208450112778
            -0.00195533727332241952
            -0.00191150914880783133
            -0.00170340514086448659
            -0.00139781348890745828
            -0.00107903089657240695
            -0.00077459543324424852
            -0.00045282065839695273
            -0.00009562619374681263
             0.00024314735585719184
             0.00049911152764844707
             0.00069622433147015792
             0.00091621496760555877
             0.00118879800692616930
             0.00144338676500873784
             0.00156196427157530228
             0.00148100039959239596
             0.00124706667350390002
             0.00096947380116433853
             0.00071390273695000849
             0.00045556196094168023
             0.00014364129627287520
            -0.00020313764208108599
            -0.00050881613345591455
            -0.00075101032117051041
            -0.00099125439289700422
            -0.00128483568754966890
            -0.00159450447717162432
            -0.00180056457602975790
            -0.00180525696385137381
            -0.00162707423846266850
            -0.00137456568179602470
            -0.00113409810552001227
            -0.00090156222083705270
            -0.00062388591539785042
            -0.00029708739516159601
             0.00000750332608278675
             0.00023510563508382908
             0.00042617712856678490
             0.00065786610424966869
             0.00092246253776474927
             0.00109922367105852047
             0.00106456862987092116
             0.00082408493211837369
             0.00050521701405457692
             0.00021802487399908216
            -0.00003944753001265477
            -0.00033269039103399405
            -0.00068013760347794127
            -0.00101673146637835314
            -0.00126819124344430757
            -0.00143125202729732569
            -0.00156824473918495706
            -0.00172932549793018264
            -0.00187860732933383128
            -0.00190970878411371534
            -0.00174741805962191129
            -0.00143366515002957989
            -0.00109820774452414581
            -0.00083577637208833648
            -0.00062962574865708671
            -0.00040330013117700734
            -0.00013006736297546711
             0.00013264030729286200
             0.00032845417821652069
             0.00049250194691778052
             0.00071837059332555142
             0.00103529421941266249
             0.00134703609830205727
             0.00152402901417166003
             0.00154251523643076792
             0.00149978176653645101
             0.00150859121077067944
             0.00159618799803788996
             0.00169039181011166792
             0.00169560794659385692
             0.00158625619028805579
             0.00141817917636098971
             0.00124482790721605185
             0.00104048834228628591
             0.00073329685042645000
             0.00031841055142296657
            -0.00008598850322142864
            -0.00033554432855053586
            -0.00041867620403056831
            -0.00046449656368816489
            -0.00058318477764443370
            -0.00075462813033221618
            -0.00086766874091109868
            -0.00082613225909891608
            -0.00063798773442857309
            -0.00039471813344952374
            -0.00013708900794598696
             0.00018405285254493629
             0.00057803964939603155
             0.00094712685178782101
             0.00119276145578966044
             0.00132381536587644340
             0.00143055958743099933
             0.00157611238186803867
             0.00173716499496975288
             0.00183997821331116618
             0.00182507830920630265
             0.00168570873022079394
             0.00146428681341425281
             0.00119849901704715406
             0.00086975486107732265
             0.00043945034317563242
            -0.00005846629978793438
            -0.00050660338867308048
            -0.00081553158860044788
            -0.00101964669093816771
            -0.00122858305554977018
            -0.00149995762297052814
