             0.00000000000000000001
            -0.00000015429320667560
            -0.00000083820696203577
            -0.00000236711753364960
            -0.00000484154326391992
            -0.00000824271085489886
            -0.00001257483455682813
            -0.00001791444153261835
            -0.00002429123614621770
            -0.00003156211247444110
            -0.00003940517777953983
            -0.00004734526648922803
            -0.00005476373916805869
            -0.00006116871714971827
            -0.00006648161916025188
            -0.00007053050321943008
            -0.00007243030601726136
            -0.00007121840131758734
            -0.00006676052654522882
            -0.00005972664078005124
            -0.00005111770679048169
            -0.00004161293735434836
            -0.00003125698966407203
            -0.00002016282130384987
            -0.00000930031120924937
            -0.00000032759670565154
             0.00000517331654972745
             0.00000654234007113176
             0.00000419706132153092
            -0.00000101733525032619
            -0.00000818185235197720
            -0.00001628905408344312
            -0.00002437165861409892
            -0.00003225164454161614
            -0.00004093686111152532
            -0.00005077432418299329
            -0.00005981804693654175
            -0.00006550863625694276
            -0.00006714376142704589
            -0.00006589730437083909
            -0.00006313064966477472
            -0.00005913195178409440
            -0.00005317230250217738
            -0.00004486974007259904
            -0.00003527303122110455
            -0.00002560796932914109
            -0.00001575582490441285
            -0.00000541855697231957
             0.00000415883660795928
             0.00001065060049518764
             0.00001256934843524491
             0.00001046025165553004
             0.00000585514844794925
            -0.00000052274131265838
            -0.00000891118094369028
            -0.00001936272381411140
            -0.00003111067531557832
            -0.00004308437808563279
            -0.00005424388736262230
            -0.00006325950915495511
            -0.00006851504245678290
            -0.00006887670256667561
            -0.00006479663564917966
            -0.00005806245889609863
            -0.00005002102734306970
            -0.00004066796728364005
            -0.00002954012277368348
            -0.00001704192083681706
            -0.00000445900245796378
             0.00000682637305073202
             0.00001513241418682759
             0.00001868170384174180
             0.00001690554423133839
             0.00001124959076399476
             0.00000484705660906701
            -0.00000007582590927739
            -0.00000444952780571156
            -0.00000984541729678521
            -0.00001484686717647390
            -0.00001599682652301717
            -0.00001133220720988948
            -0.00000188243198105537
             0.00000994881598143563
             0.00002288702596824047
             0.00003695607942960478
             0.00005149587251742159
             0.00006446771710918241
             0.00007447297506547969
             0.00008224263964648833
             0.00008874302268833214
             0.00009285539942551731
             0.00009228513524550211
             0.00008636553876448607
             0.00007732298526508933
             0.00006849201249834309
             0.00006115682103048810
             0.00005407255737509505
             0.00004569433804896812
             0.00003503285985265721
             0.00002093561129315069
             0.00000217922877815789
            -0.00002008017688961632
            -0.00004085364005684755
            -0.00005518339208748571
            -0.00006218863658456651
            -0.00006452715979754332
            -0.00006509081689794175
            -0.00006396186442921529
            -0.00005894767654729149
            -0.00004798593553060295
            -0.00003003138010975012
            -0.00000549227951529074
             0.00002328271583688837
             0.00005185494896332827
             0.00007509253033322738
             0.00009097412555597938
             0.00010228902504619191
             0.00011306428101691009
             0.00012381014787953733
             0.00013054204938110249
             0.00012803591591157331
             0.00011367359300594327
             0.00008843423185962921
             0.00005568738025305905
             0.00002000907175052988
            -0.00001370887567598059
            -0.00004210133638712696
            -0.00006523549768774691
            -0.00008544391341406098
            -0.00010380420355912252
            -0.00011797092459762655
            -0.00012323571800784569
            -0.00011586711757773956
            -0.00009534776772872548
            -0.00006410265629954634
            -0.00002663838591869560
             0.00001133799824925078
             0.00004508117853442204
             0.00007353122192471894
             0.00009944772558158872
             0.00012580417133579644
             0.00015175557840628646
             0.00017223327555595654
             0.00018147538607005093
             0.00017691788152075674
             0.00015972155328383266
             0.00013280935862548601
             0.00009964528251545642
             0.00006374915925479624
             0.00002793510666282785
            -0.00000678717531306036
            -0.00004120933234571421
            -0.00007506275691442065
            -0.00010483824302645427
            -0.00012543902200299231
            -0.00013301209093469267
            -0.00012655983177605151
            -0.00010768949720964595
            -0.00007950618378803825
            -0.00004615104880189751
            -0.00001189419586637786
             0.00002096610180647727
             0.00005327240351342936
             0.00008695092133527921
             0.00012117036192125515
             0.00015160945874501447
             0.00017372768208857636
             0.00018481793825946927
             0.00018336777555789537
             0.00016885950453535920
             0.00014255510343065913
             0.00010823332253944833
             0.00007073101187277393
             0.00003245104520955898
            -0.00000739782098619973
            -0.00004940285625069721
            -0.00009026431765469908
            -0.00012367873759079850
            -0.00014485636395479204
            -0.00015276798888613118
            -0.00014891551325045156
            -0.00013471902170488319
            -0.00011099771729617898
            -0.00008084504244401231
            -0.00004931533842976269
            -0.00001868091380085540
             0.00001253222289357220
             0.00004545417145007551
             0.00007786892965382024
             0.00010539187693836933
             0.00012443235227093172
             0.00013303122556551712
             0.00013026642734753488
             0.00011684205140794774
             0.00009604219176244955
             0.00007286377149758874
             0.00005075602162287319
             0.00002923912296205347
             0.00000604206651524409
            -0.00001899145041611256
            -0.00004288769624872907
            -0.00006194621607669537
            -0.00007427230560043699
            -0.00007889176944823404
            -0.00007450113610497374
            -0.00006163558339020676
            -0.00004429475615119816
            -0.00002766704528999077
            -0.00001423257895127829
            -0.00000179951831160476
             0.00001394788402543809
             0.00003478857126023017
             0.00005862907744994098
             0.00008081005058108397
             0.00009557705553076146
             0.00009868068875507920
             0.00009000251718800410
             0.00007422343328788533
             0.00005827789945331632
             0.00004600127574416162
             0.00003521951914575486
             0.00002083460750087779
             0.00000046576796226620
            -0.00002359520440470154
            -0.00004706457095596101
            -0.00006540438855943526
            -0.00007383474192573690
            -0.00006935782245293413
            -0.00005359835698825296
            -0.00003368501065806622
            -0.00001841550218731048
            -0.00001090926137393105
            -0.00000673617530901590
             0.00000104745909192951
             0.00001638637953538363
             0.00003746899229181720
             0.00005850496846382488
             0.00007318604436392405
             0.00007713067653490664
             0.00007164805763687940
             0.00006569366061690567
             0.00006891776402645611
             0.00008103561148702228
             0.00009264446599966930
             0.00009604569220445922
             0.00008991207976331136
             0.00007609811499977015
             0.00005729625577367670
             0.00003708060339381835
             0.00002120837423296489
             0.00001643097240677582
             0.00002256321205144882
             0.00002793050338551401
             0.00001969207881276839
            -0.00000195710158835227
            -0.00002430134746442917
            -0.00003636943912589009
            -0.00003893081101282480
            -0.00004026150886170689
            -0.00004620812026126951
            -0.00005749365412348440
            -0.00007340465894867688
            -0.00009105415789649805
            -0.00010117757239399358
            -0.00009077619982772800
            -0.00005459736778678890
            -0.00000264268606962963
             0.00004649147380546071
             0.00007878494219006683
             0.00009218373960183080
             0.00009212235918750158
             0.00008341039257847764
             0.00006876308500633542
             0.00004992671968332560
             0.00002602199496850566
            -0.00000752539403346576
            -0.00005249160600285124
            -0.00009915445331185141
            -0.00012865829404303813
            -0.00012765750207423439
            -0.00009958312608313648
            -0.00005954304599929306
            -0.00002218822007361564
             0.00000528197378205608
             0.00002287914013442623
             0.00003452222287855836
             0.00004702269811517965
             0.00006703331556086046
             0.00009376030340411334
             0.00011645538845143113
             0.00012280627624609622
             0.00010938926699240249
             0.00008209578872647123
             0.00004861148696307649
             0.00001203920224253933
            -0.00002778360739292551
            -0.00006984859063827815
            -0.00011356644748773990
            -0.00016095219444574075
            -0.00021164289331693258
            -0.00025589568498847774
            -0.00027669722156435346
            -0.00026193115376453412
            -0.00021431022138672086
            -0.00014863523765327433
            -0.00007995896942386078
            -0.00001607144928986533
             0.00004088140694689453
             0.00009058259694028967
             0.00013507616414545434
             0.00017911948224569641
             0.00022358690202065664
             0.00025990807298377196
             0.00027519336805332970
             0.00026436596208404342
             0.00023554418610554229
             0.00020174562956583816
             0.00017002361625255885
             0.00013919081297266025
             0.00010390864670274636
             0.00005770296777165564
            -0.00000524529970641320
            -0.00008541745465396130
            -0.00017204020423152057
            -0.00024434729275467051
            -0.00028393255693862329
            -0.00028624005900797878
            -0.00026076281423407523
            -0.00022176977624889155
            -0.00017770903984269334
            -0.00012844995757339738
            -0.00006955539641295934
             0.00000244062386144841
             0.00008629247437539074
             0.00017308888915011772
             0.00024700718858411863
             0.00029367246561787350
             0.00030828116146116170
             0.00029645943112049353
             0.00026952362432344394
             0.00023719669071813545
             0.00020364666077685230
             0.00016793329640145803
             0.00012443256451103295
             0.00006577196520285116
            -0.00000958683886643778
            -0.00009185456970038321
            -0.00016355089415772309
            -0.00021128616880639674
            -0.00023392979484485399
            -0.00023952476977595001
            -0.00023738997151078660
            -0.00023260413785983146
            -0.00022460744411039615
            -0.00020802254463917662
            -0.00017370767845685401
            -0.00011316257161556465
            -0.00002745563139600586
             0.00006855152866348879
             0.00015306384251456790
             0.00020995807046973069
             0.00023756148310290646
             0.00024524495443443289
             0.00024286279878717008
             0.00023499777264884692
             0.00021980799901016559
             0.00018922496221506451
             0.00013361446140432452
             0.00005150516013212575
            -0.00004348965427615549
            -0.00012709427123337510
            -0.00017900758850563899
            -0.00019532844995191751
            -0.00018804185387046325
            -0.00017413439415835336
            -0.00016398308011188160
            -0.00015716480175430772
            -0.00014488145839322694
            -0.00011453607155752172
            -0.00005731592395874637
             0.00002262639028068231
             0.00010630245228377341
             0.00017169947872975680
             0.00020953570071394358
             0.00022716299395584294
             0.00023866616928448826
             0.00025269311846098572
             0.00026907823904480209
             0.00028168279893026494
             0.00028038032747252072
             0.00025443996526406418
             0.00019896897691700391
             0.00012103462744216385
             0.00003923451416751696
            -0.00002824515563037332
            -0.00007536246138430572
            -0.00010733590316820617
            -0.00013295159869240064
            -0.00015716717433496353
            -0.00017739022813313105
            -0.00018437107290060251
            -0.00016530233593751152
            -0.00010933125932352277
            -0.00001701631340244010
             0.00009248799383705872
             0.00018932486404222201
             0.00025305105435129719
             0.00028520876452586895
             0.00030176855280165900
             0.00031562240343193840
             0.00032894640107838881
             0.00033587966899781258
             0.00032590429962004694
             0.00028780245390398914
             0.00021650600996508807
             0.00012000178341388908
             0.00001866095387706971
            -0.00006565492295278717
            -0.00012269092707089757
            -0.00015795147248254742
            -0.00018400142620611648
            -0.00020906006882858433
            -0.00023285445123038805
            -0.00024582840563429874
            -0.00023110932687799392
            -0.00017364517792012559
            -0.00007113756740319048
             0.00006019913831418226
             0.00019193016995874566
             0.00030075965681014761
             0.00037977113477339204
             0.00043358194241446384
             0.00046688901026559876
             0.00048114118921956751
             0.00047700342125688125
             0.00045070289988851552
             0.00038955912726004841
             0.00027943218011029401
             0.00012034154867407086
            -0.00006771747163423841
            -0.00025701531714800207
            -0.00042928779950982237
            -0.00058108836005614755
            -0.00071614018190396421
            -0.00083712951480461489
            -0.00094362760984734563
            -0.00103275141318549227
            -0.00109967342837426272
            -0.00113629534539893824
            -0.00112960208265057340
            -0.00106513554181977355
            -0.00093643839268891691
            -0.00075222442821189022
            -0.00053537096451755216
            -0.00031439160665116584
            -0.00011281095370463059
             0.00005840790935079317
             0.00020051193155508994
             0.00031590725665269501
             0.00040152719164960763
             0.00044957609253561522
             0.00044442333340260018
             0.00036716073974210275
             0.00021342743163941131
             0.00000376207657866153
            -0.00022668391123432599
            -0.00044760557132424736
            -0.00064426633522377257
            -0.00081423086637117845
            -0.00095883038658199312
            -0.00107890034400025844
            -0.00117445671916614628
            -0.00124414427541098631
            -0.00128131986044730428
            -0.00127011192211238903
            -0.00119025455375097126
            -0.00103031816925660082
            -0.00079905335965360224
            -0.00052285851838705872
            -0.00023128210736672741
             0.00005605057907746615
             0.00033257466353069266
             0.00059750397104336430
             0.00084861048301059807
             0.00108125270391552872
             0.00128792329403814264
             0.00145637305941016338
             0.00156823216032036107
             0.00160219240828108158
             0.00154582996559116115
             0.00140604292198193820
             0.00120670650054471905
             0.00097871320686561468
             0.00074956686514640765
             0.00053502478183406672
             0.00033143279681446906
             0.00011832735063298970
            -0.00011593747405142619
            -0.00035418557119202301
            -0.00056032288173764745
            -0.00070020753804621804
            -0.00075621786262894137
            -0.00072942092591594000
            -0.00063166215562438584
            -0.00047860303713275756
            -0.00029083804521511683
            -0.00009342932138833374
             0.00010182909726095639
             0.00030823096927232689
             0.00053990890997412640
             0.00078132518842575279
             0.00099033925876635168
             0.00112484266284519499
             0.00116540533999056326
             0.00111981052972522370
             0.00100672287923153484
             0.00083735390833587157
             0.00061633559355667926
             0.00035748763978476946
             0.00008769179309162602
            -0.00017926163994229295
            -0.00046082830856618794
            -0.00078162921207451403
            -0.00113868374940408711
            -0.00149326039750848831
            -0.00179150898743802873
            -0.00199453590849967260
            -0.00209324222389146823
            -0.00209649201892881222
            -0.00200940571118421321
            -0.00182614340703673669
            -0.00154276968987661443
            -0.00117356926499609360
            -0.00075119282789897792
            -0.00030551712168621156
             0.00016242408920099017
             0.00066619099696012696
             0.00118939204748869098
             0.00167745671119997491
             0.00206791115243758986
             0.00232261135375093396
             0.00244060007222366825
             0.00244429404834679495
             0.00235238897882170377
             0.00216524136119223198
             0.00187775342463724531
             0.00150170856181663253
             0.00107108697294959932
             0.00062595348829994242
             0.00018717518806085715
            -0.00024642907369715758
            -0.00066624135755843342
            -0.00103182420460945935
            -0.00128876304232004792
            -0.00140264689280168524
            -0.00137787635338138936
            -0.00124862737703455916
            -0.00104953219036832217
            -0.00079361242267832969
            -0.00047764861923914684
            -0.00010558779697800660
             0.00029257743452126389
             0.00067556693123720123
             0.00102438782704487885
             0.00134166830859179065
             0.00162604621755046150
             0.00185819417471564047
             0.00200667587686418616
             0.00204898606394552513
             0.00198721539136684265
             0.00184424396013380359
             0.00164340269886104821
             0.00138701580498468624
             0.00105988768300898468
             0.00065421662141324399
             0.00019063523229761206
            -0.00028188670647919732
            -0.00072471634810549986
            -0.00114163701168051922
            -0.00154900745045686021
            -0.00193491589228349833
            -0.00225608814493314606
            -0.00246124542451808034
            -0.00252357664169930223
            -0.00245555083491423316
            -0.00229128984991210137
            -0.00205598332878596021
            -0.00175348667701607456
            -0.00138073450647217735
            -0.00095012589729668456
            -0.00050303144947967085
            -0.00008823352609301913
             0.00028287497890248079
             0.00063057332174978366
             0.00095476268368478354
             0.00121214229600072245
             0.00134684567874365042
             0.00133965543327923728
             0.00122551855146861284
             0.00106134701248945503
             0.00087697539272011467
             0.00065666507882787973
             0.00037344225208880315
             0.00004409594986057119
            -0.00027240827458381014
            -0.00054128780587942970
            -0.00078127431713611239
            -0.00101324464294732814
            -0.00121045046048287911
            -0.00131266296960836455
            -0.00127925542518488944
            -0.00112451640293035194
            -0.00090066441219441610
            -0.00064863916990894944
            -0.00036805014645245837
            -0.00003512565410292377
             0.00034648413129752763
             0.00072227821039540891
             0.00103229925830149410
             0.00126460516910449064
             0.00144185585083941078
             0.00157185485811865222
             0.00162613421613708197
             0.00156453458957498586
             0.00137932897973354405
             0.00111021715388423341
             0.00081542659644963118
             0.00052654973108646954
             0.00022836248111936778
            -0.00010915939014633050
            -0.00047568941965246529
            -0.00081066284489745004
            -0.00105859565292674724
            -0.00121583721243546114
            -0.00130858071240912382
            -0.00134704597242499952
            -0.00131242143171651023
            -0.00117930431149352601
            -0.00094774419933895911
            -0.00064993971088670702
            -0.00032435336174982193
             0.00001183084858820891
             0.00036410430871822885
             0.00073386702613365820
             0.00108771007361204352
             0.00136631028019192405
             0.00153137260296449564
             0.00158996245285978233
             0.00157109113819221802
             0.00148933476581843225
             0.00133263338052695907
             0.00108227379883248445
             0.00074202841453732595
             0.00034599878697717616
            -0.00005993095021735719
            -0.00044550979696187471
            -0.00080669217942770188
            -0.00114266847728155098
            -0.00142754687865835595
            -0.00162050039373482359
            -0.00170129349721383129
            -0.00168471858087078505
            -0.00160190476499335027
            -0.00147213162417389270
            -0.00129130251144535615
            -0.00104275685514438059
            -0.00072039559637596920
            -0.00034690244917733981
             0.00003308649420236118
             0.00038331812513912986
             0.00069356511681534054
             0.00095984919547817285
             0.00116456507829948040
             0.00128702765071517450
             0.00132006498020841522
             0.00127710108194680708
             0.00118649441722202664
             0.00107007137161697278
             0.00092334286531419352
             0.00072130814274214410
             0.00045573199985478617
             0.00016636336779259379
            -0.00008143260987949538
            -0.00025411642002807686
            -0.00036926870911134784
            -0.00045427342321703801
            -0.00051173491455134461
            -0.00053283467641378299
            -0.00052378180738795604
            -0.00050681794817808348
            -0.00048927446699005897
            -0.00043917757888144854
            -0.00031455741620105455
            -0.00011974976359417032
             0.00008501334796713512
             0.00023687613298476972
             0.00032716076510437374
             0.00039764825460720615
             0.00048409095673219104
             0.00058417394401590896
             0.00068230841258947426
             0.00077443165973643390
             0.00085658887879330953
             0.00090226495151409436
             0.00086552669456773604
             0.00071904660529853665
             0.00048615194668543245
             0.00023014360548739908
             0.00001156049984539558
            -0.00015613163535803075
            -0.00031384950231890722
            -0.00050422801959424518
            -0.00072149367585511398
            -0.00092639702481014615
            -0.00107841590571542377
            -0.00114494489637059229
            -0.00110248338791895653
            -0.00094222203994268061
            -0.00067876988112017614
            -0.00035076136185844398
            -0.00001343503691111105
             0.00027837122513065909
             0.00050438354924024905
             0.00069621874917419888
             0.00090178897388775564
             0.00113636086379694814
             0.00137004203792111972
             0.00154869182887934953
             0.00162537271304064729
             0.00158390105214348156
             0.00143976999692488989
             0.00121811091682682811
             0.00093425367019155808
             0.00060181850299325941
             0.00025427244490853416
            -0.00006134465972768637
            -0.00032792965126835405
            -0.00058063745384852924
            -0.00086232810024244237
            -0.00116478697122707631
            -0.00142186077112987572
            -0.00155534429896135367
            -0.00153198905410007304
            -0.00138149587578447917
            -0.00116131354356652943
            -0.00090511564080449211
            -0.00060827000475883997
            -0.00026841616994640894
             0.00006650265291782207
             0.00032850326738348277
             0.00051123834005549777
             0.00067089977733786701
             0.00084864819621957230
             0.00101964730732147625
             0.00110994061432383205
             0.00106152117751236131
             0.00088887028322507105
             0.00066267040686032827
             0.00043559433370926853
             0.00020384547908046524
            -0.00005218537117145033
            -0.00030751599934847215
            -0.00050721348432610305
            -0.00064015063030660989
            -0.00075326674912886966
            -0.00089376269971336048
            -0.00106059284387028871
            -0.00120564238102773458
            -0.00127559930545718850
            -0.00125607224736847011
            -0.00117819500913929581
            -0.00108299556858187213
            -0.00098711983432717360
            -0.00088574685289883465
            -0.00077361021978033856
            -0.00065562715538343289
            -0.00054249298316098654
            -0.00043428927962335233
            -0.00031503049880899259
            -0.00017323967783164511
            -0.00002297610542379190
             0.00009621405034740276
             0.00014999997368821699
             0.00014143616818691103
             0.00009960888991015567
             0.00004562165557910985
            -0.00001748065829448731
            -0.00008556262865867097
            -0.00014186036335473283
            -0.00018293855538939008
            -0.00024315599674514031
            -0.00036390134692496084
            -0.00054706461975400538
            -0.00075157123466368977
            -0.00092601313358355605
            -0.00104182622265898048
            -0.00109675629626769977
            -0.00109512822932668601
            -0.00103673194464307659
            -0.00093021905884191976
            -0.00080384225253595258
            -0.00067916632325083651
            -0.00053719806115289494
            -0.00033559400406750213
            -0.00006545984021200728
             0.00022931847266428505
             0.00049216623146858469
             0.00070198425080621359
             0.00087458082349603668
             0.00102083406055710597
             0.00113209857284385504
             0.00121090733855561345
             0.00129040707166674690
             0.00140914865873858499
             0.00156731451665707172
             0.00170991096491786309
             0.00176077082473455088
             0.00168221245960234857
             0.00148944951466993482
             0.00122152474558274255
             0.00092039142112802677
             0.00061843135329139127
             0.00033088345626752108
             0.00005354632410926269
            -0.00022669778645989565
            -0.00050876298045649069
            -0.00077541868765916967
            -0.00100836042607529595
            -0.00118076526683569705
            -0.00124825486790601688
            -0.00118923306005001925
            -0.00104505601583315590
            -0.00088765783354842400
            -0.00076361762233675252
            -0.00068536835875581618
            -0.00064628369703501162
            -0.00062376288059245218
            -0.00058102996428200976
            -0.00047938557498315818
            -0.00030833535629702592
            -0.00010499475458090073
             0.00006865229999619135
             0.00015988770226730781
             0.00015097616612931252
             0.00007518514055634025
             0.00000034479978965109
            -0.00001626139934616626
             0.00003271724009446946
             0.00010105352967431593
             0.00013353783720054319
             0.00010888957758849337
             0.00003074325858053702
            -0.00008568701608161634
            -0.00020190643681851044
            -0.00026297329816325825
            -0.00023804260875399014
            -0.00015830920868604767
            -0.00010188044669405962
            -0.00013282215319918104
            -0.00025658098836746818
            -0.00041891449273865705
            -0.00054647795143495845
            -0.00060529556228278787
            -0.00061071322397421486
            -0.00058630710138841957
            -0.00054493992178651044
            -0.00050510187336033001
            -0.00049914793331065914
            -0.00055074099250385414
            -0.00064255019892019952
            -0.00071554275824369396
            -0.00071097223245146198
            -0.00062063688625983628
            -0.00048834677019362390
            -0.00034855940362462458
            -0.00019267968112852973
            -0.00001826057715898684
             0.00013616240524950746
             0.00024273023880141999
             0.00034201510210321991
             0.00051411191489515902
