             0.00000000000000000000
            -0.00000000005899681636
             0.00000001040740474815
             0.00000006786728956884
             0.00000022312328655305
             0.00000051240219944136
             0.00000094555056853556
             0.00000151313331375825
             0.00000219115726037284
             0.00000293966700693014
             0.00000371422308872646
             0.00000448796746788554
             0.00000524886435226956
             0.00000596250591463043
             0.00000656090545457327
             0.00000699193302624899
             0.00000723747729974691
             0.00000724883282910456
             0.00000693008910010702
             0.00000623132667510892
             0.00000521443922304895
             0.00000401300776683368
             0.00000276221588051089
             0.00000157267572753434
             0.00000053614992762306
            -0.00000028646265740521
            -0.00000087973140295672
            -0.00000122252723839380
            -0.00000122319133453699
            -0.00000076113714435957
             0.00000018461068782616
             0.00000145259257520245
             0.00000275004122871707
             0.00000379109741161580
             0.00000444466368957562
             0.00000483053987203191
             0.00000522466601126636
             0.00000579584356428509
             0.00000646702269505031
             0.00000701102082956368
             0.00000717468414301326
             0.00000674166990766524
             0.00000565431450177078
             0.00000414450162281411
             0.00000266058276619456
             0.00000158620092653524
             0.00000098267170519155
             0.00000058880480819007
             0.00000009325189823801
            -0.00000060637709275215
            -0.00000138515668841260
            -0.00000199261009438169
            -0.00000211228370743724
            -0.00000144748331091358
             0.00000006324412154488
             0.00000206635269919746
             0.00000394233065723908
             0.00000522939921988302
             0.00000589682119424482
             0.00000620056864454264
             0.00000636491704933179
             0.00000646354576804373
             0.00000647784769705089
             0.00000631135195183518
             0.00000576621183048114
             0.00000465527639136455
             0.00000302992662547968
             0.00000123921847678154
            -0.00000030921811864942
            -0.00000142751577000575
            -0.00000214983953394152
            -0.00000249123351749462
            -0.00000234801014711118
            -0.00000168796220256247
            -0.00000070053442092509
             0.00000030190342248491
             0.00000108913919423452
             0.00000160870878699863
             0.00000187192753471674
             0.00000182147566632234
             0.00000141417632819189
             0.00000072917610524585
            -0.00000017091646343620
            -0.00000140614901887129
            -0.00000311805674401502
            -0.00000513873827937436
            -0.00000697633867665741
            -0.00000819821680216186
            -0.00000875587952866370
            -0.00000889246271012352
            -0.00000881930972209347
            -0.00000859589193846410
            -0.00000825825000290198
            -0.00000784614252240441
            -0.00000726344324513462
            -0.00000632191313446318
            -0.00000502670245901499
            -0.00000370581897577847
            -0.00000273197969333934
            -0.00000209331217293398
            -0.00000131047484173031
             0.00000019468115300182
             0.00000261317977631778
             0.00000551805859191029
             0.00000807395720447474
             0.00000945304801278483
             0.00000916470239127503
             0.00000730866245841871
             0.00000466713474470741
             0.00000237884742461243
             0.00000119625325819195
             0.00000085207711564639
             0.00000022370711796122
            -0.00000176407854692991
            -0.00000530565529421708
            -0.00000957051358217720
            -0.00001321637631121373
            -0.00001509416377252011
            -0.00001479110723028779
            -0.00001280541417450110
            -0.00001035408336381903
            -0.00000864635574060271
            -0.00000797726558344381
            -0.00000744966590646779
            -0.00000567235804575257
            -0.00000188413741845651
             0.00000343973283777196
             0.00000888259300468470
             0.00001288351705124759
             0.00001446747736609795
             0.00001364879598752795
             0.00001134444216019645
             0.00000897233039073661
             0.00000750591460819342
             0.00000675859909617636
             0.00000554639814577129
             0.00000266772098684621
            -0.00000210605256342060
            -0.00000783346971856091
            -0.00001301460785522049
            -0.00001637721045134836
            -0.00001755592064665781
            -0.00001698309128057396
            -0.00001579492382206754
            -0.00001509701138144521
            -0.00001514744111885530
            -0.00001511308523905061
            -0.00001361251709662896
            -0.00000982729016775228
            -0.00000408783082387232
             0.00000230219004444873
             0.00000781679780619654
             0.00001137523018456525
             0.00001272448901191994
             0.00001242445162128509
             0.00001157895693329003
             0.00001110665167914710
             0.00001101390070899304
             0.00001036195301994612
             0.00000808026556444722
             0.00000383718402409063
            -0.00000170459122599783
            -0.00000731068230837487
            -0.00001181258330243730
            -0.00001456672225612573
            -0.00001565219298565780
            -0.00001581750460457365
            -0.00001608738116898414
            -0.00001699364780542314
            -0.00001795705377813788
            -0.00001762377291440098
            -0.00001496915520053334
            -0.00000991111285162052
            -0.00000328772394194449
             0.00000346275019836131
             0.00000897673831721281
             0.00001232312715268697
             0.00001346940267400229
             0.00001339206777159336
             0.00001335365441009400
             0.00001386300154631302
             0.00001435357118505897
             0.00001377631016761671
             0.00001142362451596187
             0.00000717986080719621
             0.00000172609094731181
            -0.00000376029255455504
            -0.00000804127899442574
            -0.00001037417204744713
            -0.00001097312991922118
            -0.00001088852323531478
            -0.00001120570280502722
            -0.00001216146674681210
            -0.00001301305675068896
            -0.00001268338292916793
            -0.00001049043585046917
            -0.00000653821506745149
            -0.00000171965281902816
             0.00000267863125075615
             0.00000548744287470483
             0.00000629998265926697
             0.00000578387343052332
             0.00000523301403932925
             0.00000562016088898138
             0.00000688582599299729
             0.00000804820628565086
             0.00000794377780116770
             0.00000595772861031303
             0.00000238506706276429
            -0.00000171352460117582
            -0.00000497035964906922
            -0.00000643097188903517
            -0.00000622420848832239
            -0.00000559062460982182
            -0.00000599656072534733
            -0.00000789836497346222
            -0.00001032982020828959
            -0.00001164550715794887
            -0.00001058885026527064
            -0.00000706335843774875
            -0.00000219325549993279
             0.00000224388491855635
             0.00000466596177152551
             0.00000462426997944166
             0.00000320789892880283
             0.00000239533983279934
             0.00000357744202028096
             0.00000639173718969799
             0.00000900566272178316
             0.00000943377577068099
             0.00000677006449151691
             0.00000175401363817914
            -0.00000360341993866024
            -0.00000694886863221893
            -0.00000685728360487489
            -0.00000396529779138031
            -0.00000078965936331691
            -0.00000010732742505226
            -0.00000292772447946056
            -0.00000778274214722669
            -0.00001193218525231146
            -0.00001330429051963197
            -0.00001152487240171935
            -0.00000780503718032664
            -0.00000417548307830387
            -0.00000275415398335155
            -0.00000447104987783933
            -0.00000785587775546003
            -0.00000979445051376148
            -0.00000808212386075936
            -0.00000338297711814822
             0.00000163586277595876
             0.00000452201799073690
             0.00000422724166232832
             0.00000136601983490877
            -0.00000224524128573800
            -0.00000411131508708564
            -0.00000225958177281252
             0.00000309278014357777
             0.00000913584878861750
             0.00001244935338699822
             0.00001180897551939088
             0.00000890383491146349
             0.00000620631914547942
             0.00000496419972749371
             0.00000477412730794716
             0.00000437218179270489
             0.00000224015301887646
            -0.00000279662449938322
            -0.00001012338582854706
            -0.00001697662615288314
            -0.00001946147948157816
            -0.00001537322622544912
            -0.00000662490628219311
             0.00000282566044715610
             0.00000949965441937081
             0.00001202435188700457
             0.00001124091343923830
             0.00000915353176670169
             0.00000782900143552577
             0.00000824671701018980
             0.00000943855311403493
             0.00000893614465297231
             0.00000480778577915111
            -0.00000220816533250505
            -0.00000900056158397057
            -0.00001251103291746586
            -0.00001193563712576670
            -0.00000887693501621726
            -0.00000591018939524797
            -0.00000510501783716177
            -0.00000715296783037988
            -0.00001080528537987390
            -0.00001322997026256541
            -0.00001112341275268470
            -0.00000342186098022658
             0.00000759265917657944
             0.00001783416482825903
             0.00002416970725838520
             0.00002611946163635074
             0.00002515460484582355
             0.00002327725815537529
             0.00002201757941928387
             0.00002150647000025473
             0.00002044653662488014
             0.00001643850046745688
             0.00000770108647571179
            -0.00000449595739594300
            -0.00001626765579371826
            -0.00002359059577950175
            -0.00002521231955036751
            -0.00002281513548436991
            -0.00001961943284325122
            -0.00001842038925821355
            -0.00002031501634699098
            -0.00002425454127581923
            -0.00002745071776011556
            -0.00002665026580339015
            -0.00002009616951153380
            -0.00000957553381901486
             0.00000078608083348618
             0.00000782512807413425
             0.00001136655386757267
             0.00001362538555863829
             0.00001697829758531118
             0.00002259839497874653
             0.00002947727362594982
             0.00003482352208345441
             0.00003523454150080649
             0.00002851067556589599
             0.00001532732318062025
             0.00000027754555557765
            -0.00001153019213737542
            -0.00001759112887468451
            -0.00001890560099507759
            -0.00001866865795776586
            -0.00002030820272371353
            -0.00002487373759074686
            -0.00003107718020185999
            -0.00003541406509646391
            -0.00003456886272597699
            -0.00002741608753926342
            -0.00001559477789807957
            -0.00000387295188847420
             0.00000382563122989084
             0.00000670918124694914
             0.00000687395794426653
             0.00000777369290297138
             0.00001210004006169207
             0.00001998024676975044
             0.00002883631462371152
             0.00003443936702939061
             0.00003383016949211750
             0.00002695859625673075
             0.00001704103526700914
             0.00000846327734540682
             0.00000366464924576674
             0.00000187335207765348
             0.00000012017407870892
            -0.00000479096095804670
            -0.00001386025236189146
            -0.00002541430887658303
            -0.00003511660567440371
            -0.00003858177905443164
            -0.00003423739692368321
            -0.00002336037180076405
            -0.00001069834959443439
            -0.00000149957980545533
             0.00000251291175303629
             0.00000317200984624046
             0.00000414211214459862
             0.00000844676882794881
             0.00001648616476483149
             0.00002547086665077460
             0.00003046684792344595
             0.00002840654890743617
             0.00001961099871567307
             0.00000833579397179837
            -0.00000005530924109530
            -0.00000344545205201209
            -0.00000290966198430796
            -0.00000211577899171573
            -0.00000496874011874678
            -0.00001284903940617558
            -0.00002411514020404835
            -0.00003397321073911226
            -0.00003797039001389847
            -0.00003491073663420294
            -0.00002650268529242481
            -0.00001787781460692842
            -0.00001339300562852204
            -0.00001375348874539906
            -0.00001614509209028502
            -0.00001581266890656296
            -0.00000976084610605463
             0.00000210933431564638
             0.00001669719897466490
             0.00002787242586266036
             0.00003107283778220989
             0.00002586208290000187
             0.00001588388294236849
             0.00000676908080699411
             0.00000145708617651227
            -0.00000029499500181585
            -0.00000154419145101447
            -0.00000618398336404755
            -0.00001592903674707834
            -0.00002929785701746990
            -0.00004094046407342809
            -0.00004615017398674362
            -0.00004329321433938427
            -0.00003379821826106736
            -0.00002282736612957956
            -0.00001526896319222625
            -0.00001252896566108119
            -0.00001317845270744825
            -0.00001264404111091005
            -0.00000679659248864410
             0.00000526203439955291
             0.00002047678763446422
             0.00003259014574882728
             0.00003688672360658828
             0.00003240853675542080
             0.00002245791147565440
             0.00001291583195182539
             0.00000674430798043456
             0.00000391601196909076
             0.00000218290626913270
            -0.00000301745335767929
            -0.00001496504124452903
            -0.00003266356428148388
            -0.00005067338305284310
            -0.00006279241788551461
            -0.00006529714211442186
            -0.00005773957152936750
            -0.00004299667369850920
            -0.00002706096819913683
            -0.00001408867181436874
            -0.00000469163034682284
             0.00000192700552818621
             0.00000940279268772242
             0.00002220034819198962
             0.00004113349375607024
             0.00006341151403526484
             0.00008416544612963760
             0.00009893520358177825
             0.00010573429404474259
             0.00010511964794474564
             0.00009939145786824573
             0.00009202694148393895
             0.00008540611885613154
             0.00008104905558939038
             0.00007569940984774626
             0.00006561000149052976
             0.00004781118739033379
             0.00002169116633601567
            -0.00001071435637585180
            -0.00003937895246406649
            -0.00005621153781742959
            -0.00006005491188670314
            -0.00005302712521176261
            -0.00003916910136140774
            -0.00002479384209431420
            -0.00001235901194241036
            -0.00000245648058085297
             0.00000746967554629858
             0.00002245328217315044
             0.00004422346106376025
             0.00007004809446431279
             0.00009488081348946668
             0.00011363262315824679
             0.00012330138245230656
             0.00012360028870421239
             0.00011622428736749483
             0.00010529300542221289
             0.00009427220039257365
             0.00008533705069382273
             0.00007547622488502017
             0.00006132045562000082
             0.00004024703843037142
             0.00001024251162522543
            -0.00002500237787273466
            -0.00005938784559011742
            -0.00008725720527582731
            -0.00010570656028764834
            -0.00011488422794842680
            -0.00011737796162522372
            -0.00011641172612013279
            -0.00011489761932642422
            -0.00011436099740377285
            -0.00011352416378699291
            -0.00010948795294847049
            -0.00009926997537823463
            -0.00008094544671102561
            -0.00005444154809266280
            -0.00002074250761949851
             0.00001033304713869579
             0.00003260904561640582
             0.00004485574692693132
             0.00004975183507659488
             0.00005399286535556702
             0.00006154576679063382
             0.00007136551636463767
             0.00007763054357246063
             0.00007403805262876751
             0.00005569333579658810
             0.00002407917989151466
            -0.00001468089086943258
            -0.00004770898029557515
            -0.00007107776666749372
            -0.00008562802318047914
            -0.00009096591597607985
            -0.00008932884842961753
            -0.00008695304663262184
            -0.00008685667879332976
            -0.00008873274612187746
            -0.00008835362870894856
            -0.00007969580933907075
            -0.00005611606950122816
            -0.00002067967657196139
             0.00001846486053601065
             0.00005298922212394400
             0.00008182447728470442
             0.00010471894685001683
             0.00012119089029908761
             0.00013264178827934151
             0.00014238173232460443
             0.00015340751591744081
             0.00016606648509294499
             0.00017676493292450429
             0.00017816010838114563
             0.00016322499603211763
             0.00012968275587412452
             0.00008155232498144358
             0.00002443447968547337
            -0.00003457764052441259
            -0.00008108022552885735
            -0.00011596151380627540
            -0.00014236939592976070
            -0.00016136604879222758
            -0.00017420891300791804
            -0.00018328938605769127
            -0.00018987069892105953
            -0.00019235337085906127
            -0.00018683130855026931
            -0.00016956082230291117
            -0.00013972494342286691
            -0.00009957226472504512
            -0.00005163576906412924
             0.00000181344823214600
             0.00004472027292508391
             0.00007896414594540554
             0.00010335246477659716
             0.00011755342551105486
             0.00012492883205818443
             0.00012599731134414646
             0.00012051461078350597
             0.00010888537633435325
             0.00008922069531791593
             0.00005822208067958968
             0.00001601852225618574
            -0.00003312094594269431
            -0.00007261597841410047
            -0.00010061452460365629
            -0.00012062027820988150
            -0.00013580649537252694
            -0.00014694011489747004
            -0.00015429253238860317
            -0.00015727505413637302
            -0.00015560368591141765
            -0.00014990605752239467
            -0.00013998371133687251
            -0.00012476005771862506
            -0.00010226270879884274
            -0.00006960260891456451
            -0.00002485796780452205
             0.00002881100020920129
             0.00007602459270202880
             0.00011427838262354737
             0.00014625109546681018
             0.00017241812841772472
             0.00019180159431998490
             0.00020366633694343653
             0.00020904332524302510
             0.00020790219135433533
             0.00020109149039565209
             0.00018863726194024718
             0.00016831652216630160
             0.00013589579837621583
             0.00009203906016236376
             0.00003921870451324173
            -0.00000862007625437163
            -0.00004238436943600176
            -0.00006749716876262881
            -0.00008882550787084045
            -0.00010451042834808817
            -0.00011216475146394422
            -0.00011299486504125908
            -0.00010682234421105094
            -0.00009737203096819975
            -0.00008595445979272898
            -0.00006717811064228890
            -0.00003850746168904623
            -0.00000077045664211854
             0.00003476344058257590
             0.00005940333166972265
             0.00007563602891537679
             0.00009154206254874087
             0.00010654997006971980
             0.00011554473093807578
             0.00011653720417062080
             0.00010790692947238666
             0.00009136929699237705
             0.00007052242311889982
             0.00004273541236091621
             0.00000555198242925536
            -0.00003709693516314393
            -0.00007656282460515270
            -0.00010301861989517045
            -0.00011779161892333927
            -0.00012648247111283806
            -0.00013253031103591017
            -0.00013460718960063393
            -0.00013064794002714389
            -0.00011895881874077535
            -0.00009904175960405304
            -0.00007457127782355190
            -0.00004842052797038999
            -0.00001894710428551677
             0.00001510964263651232
             0.00005150128928418102
             0.00008302015421032123
             0.00010358474389328253
             0.00011577792208285190
             0.00012170421366041441
             0.00012501701169873158
             0.00012187717000489983
             0.00010956388584934854
             0.00008814889198805061
             0.00005954849182859806
             0.00002834826761885364
            -0.00000179423554482457
            -0.00003198861897180914
            -0.00006486620099901593
            -0.00009688726774834893
            -0.00012097191287877934
            -0.00013539628622532703
            -0.00014131800842450201
            -0.00014166924052720010
            -0.00013569397533066591
            -0.00012155321588769674
            -0.00009760307736532170
            -0.00006390896718407336
            -0.00002549026946759662
             0.00001254087517699000
             0.00004582816522932513
             0.00007583523814185774
             0.00010593724461684487
             0.00013138905897652948
             0.00014909768611660000
             0.00015848438153813176
             0.00015872117584921351
             0.00015206627652951125
             0.00013944247533861855
             0.00011845926556008221
             0.00009018054969698309
             0.00005950077810213635
             0.00002729051658409138
            -0.00000497445654792821
            -0.00003254088792292541
            -0.00006118757060844317
            -0.00008741429807131452
            -0.00010918285292243279
            -0.00012337589478878384
            -0.00012806384759775981
            -0.00012252835792164315
            -0.00010808640299652808
            -0.00008831054097718208
            -0.00006465262095705489
            -0.00004375894846432974
            -0.00002919991246965746
            -0.00001382474004184608
            -0.00000153517094258457
             0.00001050172937102302
             0.00003006736347726385
             0.00005345974791192367
             0.00007136324033723380
             0.00007566863595501953
             0.00006468228728155478
             0.00004501564596378379
             0.00002560014161662617
             0.00001360364697098237
             0.00001100608049071608
             0.00001181193176580194
             0.00000873661232117557
             0.00000346016016567119
            -0.00001122760513818868
            -0.00003804864254686656
            -0.00006525499338199695
            -0.00008152108829651557
            -0.00008306503214698698
            -0.00007348602933632503
            -0.00006036622368243217
            -0.00005174357745882978
            -0.00005282399597468273
            -0.00006133952270014891
            -0.00006579197188522153
            -0.00005632556470051228
            -0.00003540048871987466
            -0.00000155766561869205
             0.00004458660110306858
             0.00008323819071960053
             0.00010707979049191857
             0.00011147566647771157
             0.00010022623910957335
             0.00008320576773607368
             0.00007036117573179463
             0.00006593618489827959
             0.00006604230674714845
             0.00005968445611656604
             0.00003656841610405230
            -0.00000152902631242481
            -0.00004766641033011669
            -0.00008762830065661795
            -0.00011438060836419294
            -0.00012822920297663739
            -0.00012974491749244893
            -0.00012173388154146844
            -0.00010903884035021100
            -0.00010147411920118213
            -0.00010132757208915215
            -0.00010439115334759405
            -0.00010330709630335333
            -0.00008899296511698750
            -0.00005489589783333992
            -0.00000505517069379848
             0.00004731484594329304
             0.00008823782830320168
             0.00011619112599676975
             0.00013420677410139778
             0.00013566659590589836
             0.00012557190222494961
             0.00011453362451137302
             0.00010625407795458151
             0.00010160014690546802
             0.00009740232024090155
             0.00008497830655129266
             0.00005460003430645043
             0.00000444646775936237
            -0.00004354408189083228
            -0.00007596942870312145
            -0.00009136966287640161
            -0.00009907148316377195
            -0.00009799423462818031
            -0.00008561554210636933
            -0.00006873188458311684
            -0.00005638195391935783
            -0.00004891094011395897
            -0.00004663886639791654
            -0.00004161969659820538
            -0.00002097296784206149
             0.00001666605146338093
             0.00005396205032215836
             0.00008120010141458410
             0.00009361216156447943
             0.00009803072789972272
             0.00009601007691018243
             0.00008730339973731257
             0.00007662872594812258
             0.00007452012410022037
             0.00008167006586406108
             0.00009349963894901760
             0.00010341986127847431
             0.00010292302265021118
             0.00009079343112274683
             0.00006862035289313506
             0.00003944955274352475
             0.00001558990539787616
             0.00000624457078966150
             0.00000262721689769342
             0.00000133492078338131
             0.00000525134391428068
             0.00000453746278254596
            -0.00000182899763608244
            -0.00001244526685600382
            -0.00002176499288455878
            -0.00002309916806398850
            -0.00001195687005626077
             0.00000965989000972966
             0.00003214204450591225
             0.00004323378176692617
             0.00004588355095718062
             0.00004839088377338533
             0.00004891862984915511
             0.00004906027961857916
             0.00006032618525451649
             0.00008108522339172612
             0.00010379981741208301
             0.00011768466031606988
             0.00011489165139618339
             0.00009679871236783583
             0.00007163644722187489
             0.00004104479337284680
             0.00000782181715865148
            -0.00001580037891005330
            -0.00003149744334003965
            -0.00003903814994723638
            -0.00004426812778944280
            -0.00005691474912878815
            -0.00007715951736138817
            -0.00009890133199330662
            -0.00011126928031740574
            -0.00011704759500211819
            -0.00011972642303168623
            -0.00012319705684480506
            -0.00012296036088356129
            -0.00012214414616845153
            -0.00012456914792402193
            -0.00012708485551691259
            -0.00012551871029416211
            -0.00011200790229426617
            -0.00008273242226212572
            -0.00003863902579141993
             0.00001500502132438147
             0.00005947132062922734
             0.00008716058719929499
             0.00009561071243341328
             0.00009264790612754547
             0.00008682116122079662
             0.00008358292063689197
             0.00008599172507942389
             0.00009169669093923054
             0.00009561825932595644
             0.00009522521459185447
             0.00008294447502679848
             0.00005523151731460389
             0.00002812856468076053
             0.00001054259457671391
             0.00001067971663913398
             0.00001795356082105976
             0.00002663718193638182
             0.00002956631951468940
             0.00001938330253908619
            -0.00000290459175703253
            -0.00002735216805519019
            -0.00004066259853018243
            -0.00004068402054441159
            -0.00002450606637773651
             0.00000433984674622152
             0.00002571137728170637
             0.00003261266384212583
             0.00002057367389202850
            -0.00000278297946297506
            -0.00001842097202320188
            -0.00002161501107630773
            -0.00000881276134263807
             0.00001981322010598930
             0.00004274540914857824
             0.00005267146827958542
             0.00005041152659940394
             0.00003349147535229221
             0.00001501078464454672
             0.00000744207411405410
             0.00001913278053506117
             0.00004754274832526287
             0.00007375782212122420
             0.00008461122704565456
             0.00007768834894222717
             0.00005963521999247849
             0.00003626018612506567
             0.00001964694936200542
             0.00001514016304585206
             0.00002248573764134486
             0.00004540281099648249
             0.00006891826060260841
             0.00007540363890988020
             0.00004848588089736405
             0.00000379140082033455
            -0.00004595034247066408
            -0.00007440139083277007
            -0.00008652524486833865
