             0.00000000000000000000
            -0.00000020629655604978
            -0.00000094514804352956
            -0.00000214110049166619
            -0.00000337385495735513
            -0.00000428771554806303
            -0.00000480599548375900
            -0.00000513372732145862
            -0.00000548847945356068
            -0.00000575060651900083
            -0.00000541719470006562
            -0.00000413369928708129
            -0.00000214254423899470
            -0.00000000963668330530
             0.00000182261834294669
             0.00000323951467423309
             0.00000443801435485267
             0.00000565784264375479
             0.00000700008200452932
             0.00000834787881863901
             0.00000930221142648054
             0.00000942789615360315
             0.00000859113124128004
             0.00000708228675752280
             0.00000545938306307077
             0.00000410863252400883
             0.00000298407011046807
             0.00000176090376336214
             0.00000015453911903366
            -0.00000179332915785810
            -0.00000369679967390810
            -0.00000506140177032688
            -0.00000552036275323046
            -0.00000505085088273941
            -0.00000407979139813185
            -0.00000321825896922741
            -0.00000279274524251043
            -0.00000263733654647505
            -0.00000230660542543896
            -0.00000144630609452316
            -0.00000001273596497402
             0.00000171468711341595
             0.00000328554837696134
             0.00000429666252587637
             0.00000457952244946656
             0.00000427248054511954
             0.00000370430090508305
             0.00000319011498967716
             0.00000279101019646319
             0.00000219115697764880
             0.00000094301795397955
            -0.00000110743821361347
            -0.00000364576918600740
            -0.00000611908008158990
            -0.00000804749646616150
            -0.00000912041667463102
            -0.00000925108429962139
            -0.00000869350263708223
            -0.00000793364552993034
            -0.00000730136435625010
            -0.00000670411629169751
            -0.00000573376739719886
            -0.00000401593682460593
            -0.00000153651177673896
             0.00000130245791816192
             0.00000385745633858798
             0.00000550004305572628
             0.00000602828782142933
             0.00000590892238526281
             0.00000585104814755427
             0.00000616324770050443
             0.00000652318351837335
             0.00000619555862152459
             0.00000470341922655063
             0.00000237282711233371
             0.00000002422441120260
            -0.00000166682133020909
            -0.00000250959927119518
            -0.00000278682242253744
            -0.00000290967117515018
            -0.00000313640394422320
            -0.00000355125505374987
            -0.00000404741526891398
            -0.00000430884516970054
            -0.00000399615078398815
            -0.00000307474714029896
            -0.00000190256838597878
            -0.00000096499331739343
            -0.00000054415742963311
            -0.00000058750530688351
            -0.00000083661079525663
            -0.00000101318382954174
            -0.00000093639844451364
            -0.00000063271872297527
            -0.00000037015649184254
            -0.00000050737661793092
            -0.00000118954740663591
            -0.00000213571226330851
            -0.00000278123632863126
            -0.00000264071683091184
            -0.00000155740318282461
             0.00000021916866012854
             0.00000215565952373540
             0.00000371324512518954
             0.00000457289311089687
             0.00000485703880134076
             0.00000513072902336702
             0.00000589218208389183
             0.00000705034429091867
             0.00000788799419545050
             0.00000752899459711115
             0.00000559937612644422
             0.00000246185298469209
            -0.00000104296617264706
            -0.00000400427496181562
            -0.00000584892206285135
            -0.00000652089548083110
            -0.00000658516367012253
            -0.00000703468862360222
            -0.00000834323859603986
            -0.00000979432535283606
            -0.00000999991707470537
            -0.00000797784949440948
            -0.00000393180283357760
             0.00000090373779446250
             0.00000511201250472621
             0.00000782386227104996
             0.00000911680510376237
             0.00000990843151426609
             0.00001126531072614819
             0.00001360771108294232
             0.00001629451402149333
             0.00001783040687519953
             0.00001680658321561061
             0.00001287464207986715
             0.00000719031005332280
             0.00000181994184515586
            -0.00000176382127250970
            -0.00000362838398572035
            -0.00000496031772454361
            -0.00000707494392925978
            -0.00001053517481114681
            -0.00001469203027420603
            -0.00001795539508587348
            -0.00001882807006350158
            -0.00001687290017719015
            -0.00001282457799988228
            -0.00000816896482555732
            -0.00000420529590892370
            -0.00000134303604831259
             0.00000106556198053444
             0.00000419540800056465
             0.00000881829946455496
             0.00001460839717750500
             0.00002011772637069769
             0.00002346778728169879
             0.00002353882502091010
             0.00002054066337126330
             0.00001574573107298009
             0.00001067664675418630
             0.00000630968287695170
             0.00000268118811045840
            -0.00000100848053006823
            -0.00000577527783812368
            -0.00001199591194998472
            -0.00001879068414879451
            -0.00002428732972264016
            -0.00002674066244468348
            -0.00002561075599051050
            -0.00002171519210567738
            -0.00001685294790406521
            -0.00001259960570214309
            -0.00000939338846120525
            -0.00000643979169735337
            -0.00000225951872106138
             0.00000409752426092251
             0.00001206044803847920
             0.00001961465362875813
             0.00002441519220049360
             0.00002548055720345843
             0.00002380321830769692
             0.00002122527508373076
             0.00001907748530272445
             0.00001746548735225304
             0.00001544637855451594
             0.00001168526785001230
             0.00000551869698401190
            -0.00000251734992849255
            -0.00001083177033695935
            -0.00001747776174766662
            -0.00002115543026152886
            -0.00002181681413735098
            -0.00002047250485574035
            -0.00001848774916498073
            -0.00001684465501500067
            -0.00001548945422868904
            -0.00001326062041576816
            -0.00000882422050346656
            -0.00000186179770269866
             0.00000646798310508488
             0.00001410013996342574
             0.00001929778185873952
             0.00002160745602438282
             0.00002190010565877510
             0.00002159637568757107
             0.00002166592098279968
             0.00002207671307919454
             0.00002170085000039043
             0.00001878134110345715
             0.00001233116991487488
             0.00000330418234096622
            -0.00000584752337688218
            -0.00001272541319068812
            -0.00001639393889114902
            -0.00001765923997142844
            -0.00001811510761895352
            -0.00001894658804738494
            -0.00002019887828614595
            -0.00002071513973495481
            -0.00001891206557549085
            -0.00001392401870703263
            -0.00000629743112095100
             0.00000217972123359641
             0.00000933753868467628
             0.00001381120119266563
             0.00001580859200107224
             0.00001670625547520575
             0.00001793455881164699
             0.00002013651652449679
             0.00002275247979250876
             0.00002411620161085686
             0.00002246288547012090
             0.00001731172906023475
             0.00000999886419188673
             0.00000276785658591008
            -0.00000270623927800085
            -0.00000616579389395824
            -0.00000864784600154119
            -0.00001154233353610079
            -0.00001556849237130954
            -0.00002022973492645218
            -0.00002395525926768546
            -0.00002483765322436795
            -0.00002166861899545866
            -0.00001485551499626312
            -0.00000645613130061367
             0.00000109745262648709
             0.00000663958568599376
             0.00001074092325948166
             0.00001472485082398507
             0.00001937216226274462
             0.00002457420044703248
             0.00002953190182175935
             0.00003267260560362723
             0.00003240250787505835
             0.00002810664977651894
             0.00002108076851717417
             0.00001370714034823964
             0.00000793199668406093
             0.00000412507348446305
             0.00000119177510384330
            -0.00000243775310933589
            -0.00000782420874795670
            -0.00001476397344978186
            -0.00002161515529473031
            -0.00002606735133272815
            -0.00002647674892821766
            -0.00002294710270336387
            -0.00001716190244908388
            -0.00001136317194403023
            -0.00000713868222177099
            -0.00000448466069234975
            -0.00000202214253728211
             0.00000181524539293498
             0.00000759849356443187
             0.00001416882479199141
             0.00001895759092829715
             0.00001968237879354542
             0.00001623868700014529
             0.00001083042638292690
             0.00000632933695174121
             0.00000443513304858431
             0.00000477168038628760
             0.00000538853670006092
             0.00000393869026403205
            -0.00000082751664765979
            -0.00000802154334830552
            -0.00001513050937795169
            -0.00001955066342760549
            -0.00002014126747134392
            -0.00001795210315238749
            -0.00001525649117993603
            -0.00001362075644772882
            -0.00001286099669291172
            -0.00001152098924535672
            -0.00000805607304634850
            -0.00000188565326781467
             0.00000628465229575163
             0.00001461140675465682
             0.00002076513614593426
             0.00002327712451659922
             0.00002253928725766728
             0.00002016330680612285
             0.00001767385976618884
             0.00001546575167821604
             0.00001293885077198554
             0.00000895877260833399
             0.00000268051109659369
            -0.00000568698328728668
            -0.00001475476537754619
            -0.00002239618634977523
            -0.00002682406905457046
            -0.00002799224811945566
            -0.00002727506603104127
            -0.00002593926917384821
            -0.00002428717537771655
            -0.00002177560714263211
            -0.00001770380155569468
            -0.00001167160864957100
            -0.00000366258560164082
             0.00000585828209000602
             0.00001571356383680173
             0.00002424723379643461
             0.00003008151841170558
             0.00003316009110237531
             0.00003454442013001929
             0.00003518530167210298
             0.00003490269659249920
             0.00003268078352896410
             0.00002756423726161629
             0.00001902301225087061
             0.00000764313531820709
            -0.00000503164374901463
            -0.00001674802475817892
            -0.00002546656375566441
            -0.00003064677104721260
            -0.00003397384492443277
            -0.00003715000899277492
            -0.00003999930675931591
            -0.00004090157596006432
            -0.00003841772619950112
            -0.00003234710282481708
            -0.00002373811229417641
            -0.00001422333438951796
            -0.00000493828204566197
             0.00000347813482406507
             0.00001077717748478973
             0.00001747523893945312
             0.00002455758153372472
             0.00003225122995943805
             0.00003881580036002632
             0.00004183128977734193
             0.00004032108968178059
             0.00003485758397159491
             0.00002663891622300501
             0.00001689225076642516
             0.00000650845784368355
            -0.00000376374069082586
            -0.00001351206970558498
            -0.00002272392403063231
            -0.00003137494718629328
            -0.00003893474157158630
            -0.00004385576193997130
            -0.00004462047821893993
            -0.00004100635041414204
            -0.00003408505909461768
            -0.00002561449378755746
            -0.00001681995997954749
            -0.00000830136385396201
            -0.00000047874471344929
             0.00000684319407473978
             0.00001455012635753051
             0.00002336002785182912
             0.00003257863767886600
             0.00003952672594271506
             0.00004206473658810012
             0.00003984640952191768
             0.00003428393640326168
             0.00002738396900173845
             0.00001998722962443347
             0.00001231698534380258
             0.00000422168516200962
            -0.00000464654996287114
            -0.00001460187360478420
            -0.00002531842880150781
            -0.00003474622035914351
            -0.00003992308355021909
            -0.00003955105123320978
            -0.00003465324276391338
            -0.00002794200279678929
            -0.00002176743132696476
            -0.00001641376427921552
            -0.00001056352757057974
            -0.00000271446785433473
             0.00000781658324211969
             0.00002046798188418166
             0.00003321008648250014
             0.00004287543509239696
             0.00004762209235675585
             0.00004784429038478175
             0.00004533062675875618
             0.00004217853404973368
             0.00003924408822822874
             0.00003541288626440569
             0.00002877764110983368
             0.00001846617104978582
             0.00000491202486366927
            -0.00001027683532315950
            -0.00002456437429793089
            -0.00003547971108693364
            -0.00004181865820864477
            -0.00004403070325784846
            -0.00004421855393838509
            -0.00004429221776322559
            -0.00004445848345616853
            -0.00004300705988038833
            -0.00003695251494647715
            -0.00002501787565856198
            -0.00000887257956869358
             0.00000836735124710506
             0.00002391611801470987
             0.00003619486128595860
             0.00004516977984101647
             0.00005205892659483199
             0.00005846956049887196
             0.00006493006346084855
             0.00006998678982171083
             0.00007077124493586745
             0.00006519706102804061
             0.00005306933966715821
             0.00003622462463122568
             0.00001709490340642020
            -0.00000221668123524481
            -0.00002031839803256808
            -0.00003686202948350690
            -0.00005184471387746407
            -0.00006626613232672552
            -0.00008098664939742784
            -0.00009506492994600667
            -0.00010591995751595051
            -0.00011151407185544353
            -0.00011160535876167765
            -0.00010771171888942219
            -0.00010149072028876217
            -0.00009342001428692507
            -0.00008385552835875717
            -0.00007371894103649801
            -0.00006379937079619117
            -0.00005476123346609416
            -0.00004648458267425143
            -0.00003759097455628674
            -0.00002713306564189942
            -0.00001659457083742021
            -0.00000892776242892649
            -0.00000685091938924544
            -0.00001045998577684372
            -0.00001730998046894386
            -0.00002518556609158300
            -0.00003328546486095055
            -0.00004133266267702630
            -0.00004950677093314673
            -0.00005875855497276849
            -0.00007065029094728166
            -0.00008485460772992683
            -0.00009815544862806400
            -0.00010666021609636946
            -0.00010877150378032564
            -0.00010521739100652375
            -0.00009757004473382594
            -0.00008675366040855194
            -0.00007333245090348912
            -0.00005773879498020789
            -0.00003998385053849976
            -0.00002014810703846204
             0.00000198880410677256
             0.00002749552481014210
             0.00005733504553935766
             0.00008918688072252103
             0.00011715767927237393
             0.00013829963978737942
             0.00015314992898140698
             0.00016508680160222456
             0.00017619211761192338
             0.00018645132006739280
             0.00019450949017007604
             0.00019901991517130987
             0.00019975156457280701
             0.00019678019700243392
             0.00018984541733395150
             0.00017818271631904727
             0.00016149055610531257
             0.00014055693581930252
             0.00011796902945650930
             0.00009614397804269934
             0.00007563541851938590
             0.00005597730879761712
             0.00003533428359862287
             0.00001519576894199499
            -0.00000204861980131996
            -0.00001397489106713569
            -0.00001955901686527653
            -0.00001894474595820639
            -0.00001183388802728994
             0.00000059869504303641
             0.00001467873902104850
             0.00002752873304410308
             0.00003834874014216327
             0.00004817159410112609
             0.00005889025408586370
             0.00006958548478347445
             0.00007921731401845054
             0.00008630184471034595
             0.00008797133080603110
             0.00008195158315970485
             0.00006622196502426134
             0.00003963182112284763
             0.00000349678867235812
            -0.00003845740596914739
            -0.00008168246877123786
            -0.00012444104509521720
            -0.00016685495319616685
            -0.00020979407949659707
            -0.00025165283383333809
            -0.00028898742289676425
            -0.00031768977285534685
            -0.00033528656782894268
            -0.00034124690633890705
            -0.00033586100799774728
            -0.00031978121743631439
            -0.00029377541492232840
            -0.00025967668549607340
            -0.00021956551821539707
            -0.00017516722993780141
            -0.00012807614730783975
            -0.00007667139811536599
            -0.00001951743708403475
             0.00003751929206072990
             0.00008481069812867248
             0.00012315538445476044
             0.00015294759721115839
             0.00017203884470438623
             0.00018107372192003378
             0.00018144953388202664
             0.00017516193940797492
             0.00016340289828490763
             0.00014479059854567963
             0.00011956903936197926
             0.00008896766570640222
             0.00005181257064236268
             0.00001114864529984422
            -0.00003017374978182068
            -0.00006605819262519941
            -0.00009509984896869583
            -0.00011644863008347622
            -0.00012854268538608232
            -0.00013104322949197782
            -0.00012504354450437226
            -0.00011276569897817750
            -0.00009488236078578230
            -0.00006855015110397617
            -0.00003362321314049131
             0.00000995629851960735
             0.00004828645196972477
             0.00007936374742291180
             0.00010601950190639052
             0.00013211924606723439
             0.00015692532949284518
             0.00017676217996020395
             0.00018729757958211313
             0.00018699535643440667
             0.00017793366546406451
             0.00016315870688191157
             0.00014351965825772317
             0.00011867110013724247
             0.00008872314302737343
             0.00005402012547815203
             0.00001340375323195670
            -0.00002308938445593278
            -0.00005538223166441392
            -0.00008501507474653676
            -0.00011060178326192905
            -0.00012856201818553428
            -0.00013651768615426324
            -0.00013435885208067607
            -0.00012384169934765845
            -0.00010709157213458811
            -0.00008470979643568676
            -0.00005646637438386653
            -0.00002442477295910906
             0.00000920446039686964
             0.00004305324719967309
             0.00007213718214310730
             0.00009820948954071323
             0.00012104218487545672
             0.00013943793874903425
             0.00015190785088319605
             0.00015638025903885101
             0.00015323051500530627
             0.00014541678534268711
             0.00013422358094335673
             0.00011804098819636415
             0.00009428258572170046
             0.00006389284309550602
             0.00002660862171685401
            -0.00001546993318713960
            -0.00005499783706511429
            -0.00009098367164750395
            -0.00012426402917516135
            -0.00015325905839535788
            -0.00017640175913848555
            -0.00019138856369504666
            -0.00019636468217411267
            -0.00019108773368354103
            -0.00017703837140110374
            -0.00015589802612468045
            -0.00012785629978962219
            -0.00009064098921433113
            -0.00004660955157863520
            -0.00000494156920988928
             0.00003153066811090805
             0.00006314107113928330
             0.00009220379082441073
             0.00011946231442978344
             0.00014239425444323694
             0.00015677608997824823
             0.00015988645968409505
             0.00015279153572842036
             0.00013916643686347473
             0.00011847847043062809
             0.00008968249953520973
             0.00005133356068235170
             0.00000707793599652600
            -0.00003492091387736277
            -0.00007361530117467597
            -0.00011040878503893421
            -0.00014723004626561147
            -0.00018211622318095409
            -0.00020875354016548889
            -0.00022248254654152309
            -0.00022119596904288542
            -0.00020489586798238171
            -0.00017690615456753098
            -0.00014209660588819094
            -0.00010105461489274378
            -0.00005741380123648136
            -0.00001513234778956245
             0.00002284113464643456
             0.00005549759273988779
             0.00008356995242089839
             0.00010972873588721209
             0.00013319913396759496
             0.00014853072333282288
             0.00014985204613746637
             0.00013650279159791584
             0.00011392525349507334
             0.00008775984506052255
             0.00006229024817178972
             0.00003980992908193277
             0.00001700518009755725
            -0.00000624399314119481
            -0.00002931162960469838
            -0.00005059956480370308
            -0.00006860306511489687
            -0.00008368636965713652
            -0.00009305696932773288
            -0.00009043133993738811
            -0.00007498725229705767
            -0.00004966581769726159
            -0.00002302702450578375
            -0.00000347717517553225
             0.00001033537693099315
             0.00002825963875868779
             0.00004814872474222413
             0.00006870064406098575
             0.00008857954952951160
             0.00010294108142562089
             0.00011308469503561054
             0.00011817815285960726
             0.00011189975787630675
             0.00009396940491304626
             0.00007032947060537197
             0.00004492371159536182
             0.00002290043934074204
             0.00000552838971881323
            -0.00001383880094434269
            -0.00003669845312386239
            -0.00005867410438441395
            -0.00007959080558576208
            -0.00009469138142897993
            -0.00010278385524054747
            -0.00010494283272819869
            -0.00009877793281452181
            -0.00008472108287982634
            -0.00006715073086414868
            -0.00005013025901906837
            -0.00003597738634357237
            -0.00002324153514386641
            -0.00000643942459668015
             0.00001434373062728418
             0.00003532293388951735
             0.00005483665484475982
             0.00006813824351379168
             0.00007623104729855136
             0.00007949207993104768
             0.00007586320611148385
             0.00006630242850977225
             0.00005301730011234770
             0.00003697954066313896
             0.00001913190807630620
             0.00000000505289192941
            -0.00002080009773614996
            -0.00004136682275388906
            -0.00006028358232004188
            -0.00007762578435952064
            -0.00009142761262075778
            -0.00010167170540300970
            -0.00010669489103489118
            -0.00010448000434682818
            -0.00009408874723026075
            -0.00007505655156289062
            -0.00005080069932035557
            -0.00002509064710871458
            -0.00000214998928227153
             0.00001729953379820531
             0.00003543425733821802
             0.00005324813859737816
             0.00007103372076439940
             0.00008766030559897918
             0.00010200936813326040
             0.00011225602569041979
             0.00011723200447044431
             0.00011552370579707812
             0.00010763408585967109
             0.00009365332449044128
             0.00007763250328029083
             0.00006240156862560256
             0.00004815128386342130
             0.00003629615617749224
             0.00002152117118837981
             0.00000150160476086877
            -0.00002200396003084216
            -0.00004416760976000887
            -0.00005887338034959595
            -0.00006176099550098159
            -0.00005470009554975525
            -0.00004094433827007497
            -0.00001895635891286883
             0.00000569038098336377
             0.00003219746220863389
             0.00005451666889843965
             0.00007183068177219814
             0.00008735968892641570
             0.00010391299216661177
             0.00012160071943218603
             0.00013694772461244779
             0.00014386221288021985
             0.00013689700905779697
             0.00011569845405479432
             0.00008378726179333673
             0.00004294768208787346
            -0.00000085471792945142
            -0.00004480291939258998
            -0.00008376795886215008
            -0.00011271080134553947
            -0.00013879022185460635
            -0.00016244891778285716
            -0.00018478244677859804
            -0.00020452854160178609
            -0.00021551073368600889
            -0.00021202312327294539
            -0.00019202229327889935
            -0.00015788932912511608
            -0.00012063471954942633
            -0.00008113338218748623
            -0.00004152709693715246
            -0.00000689357956092290
             0.00002716240103585095
             0.00004821894555534627
             0.00007227144388849355
             0.00009905785906828779
             0.00012774684725085921
             0.00015267991239193180
             0.00016498531588872046
             0.00015788425234952941
             0.00013478908718384574
             0.00010591496373242077
             0.00007463179045549377
             0.00003958426000389147
             0.00001100328500715207
            -0.00002203027935571790
            -0.00004902549062081838
            -0.00007985820383254964
            -0.00011151025931192352
            -0.00014559760951354431
            -0.00018010908691784845
            -0.00019988106662237125
            -0.00020192969584259665
            -0.00018339250028047972
            -0.00015383286048191393
            -0.00012363985878265972
            -0.00008972595188625692
            -0.00005973834105342188
            -0.00003305125935055924
            -0.00000458535179142950
             0.00001544159393106983
             0.00004346414481334846
             0.00007161907690858984
             0.00010124773733051858
             0.00011972219294721817
             0.00011756006247128341
             0.00009117600920404732
             0.00005418294317197315
             0.00001916709890562549
            -0.00001063589517860099
            -0.00004124812764947430
            -0.00007540188299256027
            -0.00010468997649368982
            -0.00012785477743633227
            -0.00015032301267330252
            -0.00017252035314127572
            -0.00019360658134411396
            -0.00021116517758565834
            -0.00021359307206337831
            -0.00019847767508121247
            -0.00016495030863278079
            -0.00012503207005178882
            -0.00009259375612998972
            -0.00006278608884993737
            -0.00003879926786521261
            -0.00001424811615355968
             0.00000916032148084400
             0.00002857418245310547
             0.00005133529919339777
             0.00007876359491021974
             0.00011457431191738357
             0.00014809115185437742
             0.00016295848653038035
             0.00016038574453349050
             0.00015265306846468405
             0.00015086139038855047
             0.00015681861558242469
             0.00016339660915204183
             0.00016906490763186021
             0.00016427130163411825
             0.00014913154726514956
             0.00013503172207287418
             0.00011647610504328175
             0.00007628022798370132
             0.00002983400881446936
            -0.00001438946030512895
            -0.00003975206210706233
            -0.00004897363494151756
            -0.00005092835402290711
            -0.00006181666045894369
            -0.00007552234850877677
            -0.00009121577196921461
            -0.00009849377098568656
            -0.00007705198820776633
            -0.00004955585343296465
            -0.00001693035128955812
             0.00002476938963520649
             0.00007030355416101858
             0.00010907808053676564
             0.00012910209251245679
             0.00013790937762870204
             0.00014332342188569665
             0.00015378397673638066
             0.00016724686399740080
             0.00017878333563875977
             0.00018159342113185388
             0.00017253505056219950
             0.00015317277606826095
             0.00013075680823700878
             0.00009492928006995563
             0.00004055006427051821
            -0.00001374115772047784
            -0.00006184232515263486
            -0.00009527639454894759
            -0.00011554054808071011
            -0.00013766974980535307
            -0.00016530016790933797
