             0.00000000000000000000
            -0.00000012732895242443
            -0.00000062570546841969
            -0.00000155984202019318
            -0.00000282302447685624
            -0.00000438029561211147
            -0.00000630445571805984
            -0.00000863781826196756
            -0.00001133747045935321
            -0.00001438234753530310
            -0.00001777346820413229
            -0.00002130522589219584
            -0.00002449065554060753
            -0.00002704441568715469
            -0.00002920646064097821
            -0.00003097532917282538
            -0.00003156821307502326
            -0.00003049761621465402
            -0.00002827720767530819
            -0.00002552125427570357
            -0.00002231826521397886
            -0.00001855439082731258
            -0.00001427021910939760
            -0.00000973091224377387
            -0.00000528060832152998
            -0.00000139483262375443
             0.00000104808244105438
             0.00000132323995220259
            -0.00000028372119212328
            -0.00000274412226232568
            -0.00000519010936716565
            -0.00000744707255674173
            -0.00000980164443251547
            -0.00001285525289368540
            -0.00001741316967088479
            -0.00002304993336051306
            -0.00002764657758022489
            -0.00002967980980357790
            -0.00002954905126468520
            -0.00002816069598141381
            -0.00002596908521610143
            -0.00002362847404601281
            -0.00002183362685671713
            -0.00002030471160166535
            -0.00001794503847462722
            -0.00001378085146438284
            -0.00000788262003938085
            -0.00000181298383725604
             0.00000260233152860844
             0.00000471685177587441
             0.00000466886711919414
             0.00000265006685748671
            -0.00000076775387452667
            -0.00000422150440864745
            -0.00000650589679788839
            -0.00000818156494039161
            -0.00001123011936210885
            -0.00001665715889504105
            -0.00002300202233242582
            -0.00002786643404559720
            -0.00003024325606897461
            -0.00003037401239573459
            -0.00002846842323594110
            -0.00002470500473474776
            -0.00002000246247922087
            -0.00001579181084990162
            -0.00001247943122542878
            -0.00000893899293958113
            -0.00000409828907682995
             0.00000133940178614298
             0.00000509541324950269
             0.00000591234792888533
             0.00000491005667565304
             0.00000360497629960464
             0.00000247065792941091
             0.00000110765735358075
            -0.00000109573655028973
            -0.00000363034286978087
            -0.00000508936121953595
            -0.00000500628429477834
            -0.00000356495421289060
            -0.00000013262286655211
             0.00000575910041736099
             0.00001270569781163940
             0.00001841210233472846
             0.00002228952467594718
             0.00002585522674897268
             0.00003046670875237923
             0.00003554473999391624
             0.00003929519570676720
             0.00004082639835516806
             0.00004056026022077419
             0.00003856991417302544
             0.00003450227274036379
             0.00002950067407939341
             0.00002580945617404673
             0.00002406894097366395
             0.00002224956065422360
             0.00001739871862609671
             0.00000852475467420007
            -0.00000270603337317723
            -0.00001320047834853768
            -0.00002006046395985737
            -0.00002273168385993925
            -0.00002273944201493722
            -0.00002198488388664840
            -0.00002243133052483454
            -0.00002497212099461795
            -0.00002778633562846062
            -0.00002649565845857822
            -0.00001720716185873903
            -0.00000085265969816735
             0.00001685111913353880
             0.00003003198197590255
             0.00003641564027947265
             0.00003795114230156962
             0.00003862550530140017
             0.00004166099361527793
             0.00004815070076278507
             0.00005615569254717427
             0.00006054068848074504
             0.00005573270851234104
             0.00004035691582055504
             0.00001923987492770304
            -0.00000000792548144390
            -0.00001259204013859167
            -0.00001899228091690098
            -0.00002299542100085853
            -0.00002811703641552664
            -0.00003599952488438232
            -0.00004605990491711569
            -0.00005461217422343728
            -0.00005589517115059758
            -0.00004600316116940827
            -0.00002654374979031028
            -0.00000435111485537530
             0.00001334007614940930
             0.00002402071612484500
             0.00003049048487470343
             0.00003724828864264305
             0.00004716124468400053
             0.00006042628281840863
             0.00007427604350693864
             0.00008347791333878733
             0.00008300851542995948
             0.00007154821778910633
             0.00005304433716245291
             0.00003440907558752122
             0.00002022314507827457
             0.00001008755321603266
             0.00000086675820317438
            -0.00001023079831794610
            -0.00002402639359721825
            -0.00003937859791953980
            -0.00005339415087999034
            -0.00006124764767365567
            -0.00005861547764802743
            -0.00004575586856203980
            -0.00002808677585482912
            -0.00001198030758190084
            -0.00000001057115576280
             0.00000949874136283572
             0.00001947251753608704
             0.00003184737140071874
             0.00004702287617568634
             0.00006369609829558021
             0.00007856514541573119
             0.00008643084720236161
             0.00008308750005797445
             0.00006982476332483220
             0.00005295596206797641
             0.00003801481856023438
             0.00002575606138857326
             0.00001405591987911541
             0.00000149156204269308
            -0.00001288957158409289
            -0.00003023980990744137
            -0.00004944175513569818
            -0.00006531015239290350
            -0.00007158168779232815
            -0.00006681419358038839
            -0.00005520320215824036
            -0.00004150724585140511
            -0.00002842249062454108
            -0.00001729730103111738
            -0.00000810919297257049
             0.00000075954904959160
             0.00001189178722090813
             0.00002692881683812421
             0.00004402657612363520
             0.00005778088268365780
             0.00006272149517220403
             0.00005770334266129006
             0.00004670455860653918
             0.00003498461162179816
             0.00002561085341696993
             0.00001921182255992500
             0.00001467147779453160
             0.00000945112782059317
             0.00000052876073263323
            -0.00001293552839562513
            -0.00002755437741382313
            -0.00003769368665339223
            -0.00003928972237728433
            -0.00003246531707412577
            -0.00002160582605416993
            -0.00001188038904583775
            -0.00000599324202471368
            -0.00000413410784854971
            -0.00000407892299306585
            -0.00000130634383876060
             0.00000822999889709135
             0.00002435333822778977
             0.00004099933153189449
             0.00004955499938129463
             0.00004618562694056972
             0.00003485287495174047
             0.00002300845338828732
             0.00001604959898937849
             0.00001504181178605017
             0.00001731115131545470
             0.00001776253706708376
             0.00001117456384951949
            -0.00000413212413916000
            -0.00002376776371004114
            -0.00003841228842570170
            -0.00004014893452418192
            -0.00002938853776595306
            -0.00001384860538915868
            -0.00000204334716520144
             0.00000122854223757109
            -0.00000351842529664177
            -0.00001130892956378504
            -0.00001428724342471354
            -0.00000519567908263436
             0.00001551034603383062
             0.00003755023690944760
             0.00004841291852453056
             0.00004317976083644691
             0.00002860396285449811
             0.00001771982306767428
             0.00001845649421026845
             0.00002826857773913646
             0.00004091388348948006
             0.00005203583829736464
             0.00005497830349647116
             0.00004255997043037734
             0.00001889677564086901
            -0.00000035483408303612
            -0.00000336962826805392
             0.00000760901113561024
             0.00002062071491703131
             0.00002508314406630794
             0.00001830742856507397
             0.00000291077051376629
            -0.00001659858681288343
            -0.00003227245902614610
            -0.00003451113559498881
            -0.00002217839539590691
            -0.00000795430835687587
            -0.00000756755288390347
            -0.00002367573608174739
            -0.00004320219858188382
            -0.00005114712779392439
            -0.00004289155449270827
            -0.00002232672787653114
             0.00000513379814957515
             0.00003201086138246020
             0.00004605038390309052
             0.00003968477795462452
             0.00002106743729822026
             0.00000777966033391084
             0.00000967145574503724
             0.00002018356110400683
             0.00002450817500641805
             0.00001360398075867210
            -0.00001022639023475293
            -0.00003786098318664323
            -0.00005879378744526792
            -0.00006379670773405814
            -0.00004890426574926433
            -0.00002018269226680935
             0.00000620831151565240
             0.00001557335544354691
             0.00000868682424111264
             0.00000009257040458802
             0.00000350025691746420
             0.00002066605587561203
             0.00004305377105642350
             0.00006055483382977833
             0.00006637544379243817
             0.00005665577150344170
             0.00003198970486183980
             0.00000167173305462821
            -0.00002042259269499624
            -0.00002776477239174978
            -0.00002730980627879703
            -0.00003333263839993595
            -0.00005383989276100425
            -0.00008374867460679505
            -0.00011091428407885589
            -0.00012500283720452978
            -0.00011997247802646575
            -0.00009426381556104329
            -0.00005438226527722731
            -0.00001527230253280721
             0.00000877565188678613
             0.00001628112009710147
             0.00002001777771661869
             0.00003481648774386359
             0.00006423842638052662
             0.00009871918444291976
             0.00012543825247094068
             0.00013634199491682444
             0.00012848820214502157
             0.00010417348016055206
             0.00007320433186241979
             0.00005052215627683088
             0.00004463824302178934
             0.00004770681870243829
             0.00004099163518626451
             0.00001208694450376066
            -0.00003449937685268869
            -0.00008306223343407350
            -0.00011851475767503064
            -0.00013221354681334241
            -0.00012192675889180806
            -0.00009436448654901342
            -0.00006603225179319710
            -0.00005154788623990544
            -0.00004985043722272047
            -0.00004563098214371351
            -0.00002385419611894224
             0.00001859012462036439
             0.00007157766934666862
             0.00011836752113689323
             0.00014521808619207639
             0.00014649218740892797
             0.00012594497481483913
             0.00009704649074889270
             0.00007663866075296166
             0.00007263543179029060
             0.00007732317784566757
             0.00007373919804309468
             0.00004980705699649310
             0.00000669494207131221
            -0.00004400363462101005
            -0.00008719352946694623
            -0.00011072902707944276
            -0.00011071785662027010
            -0.00009425591458245169
            -0.00007745672242690326
            -0.00007520280969394150
            -0.00008809330896214036
            -0.00010072153923361177
            -0.00009445736287060735
            -0.00006217355872182678
            -0.00001143679632198089
             0.00004328051542212866
             0.00008668241107319943
             0.00010610450019480239
             0.00009982259706016476
             0.00008101439654267120
             0.00006925686747366606
             0.00007589387649419375
             0.00009361008909832120
             0.00010125946482268361
             0.00008192029199422302
             0.00003629549271471219
            -0.00002040381281444655
            -0.00006945465392982147
            -0.00009562342918362458
            -0.00009240777260867383
            -0.00006838913841007183
            -0.00004554726041321455
            -0.00004293181958332495
            -0.00006017767407698457
            -0.00007811138419391762
            -0.00007445205387828657
            -0.00004126318463323038
             0.00001057564330360534
             0.00006213123409074355
             0.00009784383692400122
             0.00010940937108406249
             0.00009894476342060341
             0.00008166724678804020
             0.00007796243872522173
             0.00009695342612455154
             0.00012753465348864737
             0.00014636537547191747
             0.00013603981277566994
             0.00009668042152550507
             0.00004282188288238492
            -0.00000668255789901240
            -0.00003772016066928060
            -0.00004531797861659524
            -0.00003506648055313349
            -0.00002387684489246082
            -0.00003037631158836076
            -0.00005718433232504067
            -0.00008616423886174763
            -0.00009252363243343336
            -0.00006363327809374732
            -0.00000724529124909916
             0.00005592316823268869
             0.00010559524696683230
             0.00012898739364618179
             0.00012499675585687906
             0.00010830020075767951
             0.00010150147746234100
             0.00011645691335269634
             0.00014425943262399987
             0.00016299475264822783
             0.00015348304988276759
             0.00011127148204592236
             0.00004868566978445384
            -0.00001336403260399688
            -0.00005564702662897113
            -0.00006867738247833010
            -0.00005909672093506054
            -0.00004754349995840606
            -0.00005393509689214575
            -0.00008073912385985743
            -0.00011034283786450797
            -0.00011901403516699525
            -0.00009287406536571100
            -0.00003354873999979129
             0.00004390864547709720
             0.00011675178229533827
             0.00016451206092227594
             0.00017918893290719078
             0.00017007741122144546
             0.00015853258991870158
             0.00016282724683741787
             0.00018268889273143169
             0.00019858469075380314
             0.00018875634355542293
             0.00014362875745818000
             0.00006554998686113717
            -0.00003567120012201763
            -0.00014354015135243373
            -0.00023642583663241760
            -0.00029772751323841825
            -0.00032904491579795452
            -0.00035002685800738988
            -0.00038191393555894303
            -0.00043097199623570238
            -0.00048598388379932019
            -0.00052684656862989000
            -0.00053504128355257746
            -0.00050118133414847946
            -0.00042721007842189422
            -0.00032356620272830459
            -0.00020784640321295738
            -0.00010334035922203378
            -0.00002885868624166442
             0.00001346884595453778
             0.00004046703773158943
             0.00007460169821762007
             0.00012327291815671991
             0.00017159211445736129
             0.00019466718607627216
             0.00017449715715586812
             0.00010645441948508570
            -0.00000143817160499222
            -0.00012861762754890190
            -0.00024607564820204456
            -0.00033024716474680922
            -0.00037780159699079554
            -0.00040525126661884839
            -0.00043460592930729493
            -0.00047870173484795673
            -0.00053405255509735277
            -0.00058155427675369903
            -0.00059578928593963633
            -0.00056014155246375649
            -0.00047433580659648740
            -0.00034973152095444667
            -0.00020322632734684652
            -0.00005658915962929383
             0.00006842830006096044
             0.00016418908314212502
             0.00024347855468533211
             0.00032862901522377383
             0.00043397897662355217
             0.00055450132791474613
             0.00066800133529930578
             0.00074647027914046243
             0.00076783610366016317
             0.00072600032866257348
             0.00063384272613198735
             0.00051633546791433362
             0.00040070020686159847
             0.00030582763243792988
             0.00023408714960643784
             0.00017180023643636205
             0.00009748326888531900
            -0.00000425627952643779
            -0.00012861820914240177
            -0.00024932953434189691
            -0.00033362779777757813
            -0.00035795981736109719
            -0.00031706832407217545
            -0.00023056850278988902
            -0.00013624302984755005
            -0.00006479353719486100
            -0.00001693335478977951
             0.00003151911722380861
             0.00010183126445496961
             0.00019578098261774937
             0.00030215709772212369
             0.00040914848198982058
             0.00050307976065651577
             0.00055827708977435064
             0.00054508432046441687
             0.00045628718682872235
             0.00032263423591652528
             0.00019533188769590737
             0.00010316194837611521
             0.00002860722931348631
            -0.00006473614936190511
            -0.00019110884926705211
            -0.00033976113889214605
            -0.00049829851267644469
            -0.00066308194899910569
            -0.00082603849518990316
            -0.00095945077421681299
            -0.00102338892165757564
            -0.00099214471440676045
            -0.00087655801984171317
            -0.00072055686467501422
            -0.00057141192469281794
            -0.00044626210532304781
            -0.00032281142830344891
            -0.00016435346802187628
             0.00004194771296813390
             0.00027237972018417331
             0.00049722468062897928
             0.00070758702697292907
             0.00090081167830529329
             0.00105842269791710459
             0.00114763430270733622
             0.00114331346630427988
             0.00104959227343981638
             0.00090115428529289254
             0.00074379543931038625
             0.00060520881383536941
             0.00047699422520902570
             0.00032677428712997485
             0.00013385189739834285
            -0.00008021993417045757
            -0.00027002484284265917
            -0.00041369284584131762
            -0.00051642624778505371
            -0.00058178344495168303
            -0.00059885690564583907
            -0.00055295841333775496
            -0.00044443045295377843
            -0.00029681820970638590
            -0.00014714240760154053
            -0.00001933980330128166
             0.00010074775389080773
             0.00024667526782057281
             0.00042353089999463668
             0.00060156825411215571
             0.00074657740398814774
             0.00084246967484695966
             0.00089446499216921569
             0.00091536913341340996
             0.00090654907739838337
             0.00085422578871607044
             0.00074552779087978208
             0.00058517310372420634
             0.00040097730942063420
             0.00022770578979943769
             0.00007308505749393902
            -0.00009239479973201075
            -0.00029275958753605222
            -0.00051003721295018924
            -0.00070792769124410884
            -0.00086637663409606122
            -0.00098724330844137298
            -0.00107830390585076080
            -0.00113454415585035099
            -0.00113540549146939505
            -0.00105985313308697301
            -0.00090947824000928265
            -0.00071978380124803362
            -0.00054250979134633302
            -0.00040380623703294892
            -0.00027600817630827462
            -0.00011070215904078157
             0.00009366281506536114
             0.00028462287602019833
             0.00041602253342077451
             0.00049041571995159672
             0.00053962552049805564
             0.00057603770699380698
             0.00057363219960608592
             0.00049984554774059784
             0.00036258458516808152
             0.00021678983139953429
             0.00011479495142837094
             0.00004555703260462919
            -0.00005561139493364839
            -0.00021528424789061737
            -0.00038005330996783139
            -0.00048447993687565936
            -0.00051741373829470867
            -0.00051467635534281468
            -0.00050753219911690416
            -0.00048602628020474810
            -0.00041351832552970322
            -0.00027506731791765752
            -0.00010599183855511809
             0.00003817473642733551
             0.00014091704390798904
             0.00024229201842363246
             0.00038385842020518938
             0.00054839978372806940
             0.00067572601639591748
             0.00072296602299106762
             0.00069576734440561592
             0.00063354863948628321
             0.00056979371333343624
             0.00050068993477455563
             0.00039646436738292569
             0.00024497281930557866
             0.00007419236193802541
            -0.00007256687884810696
            -0.00018382540077552218
            -0.00029122274678752640
            -0.00041910363050182950
            -0.00054149329203457685
            -0.00060840562881368169
            -0.00059845575406750875
            -0.00053475197636769359
            -0.00045747477197342505
            -0.00038546689251700101
            -0.00030112884147635914
            -0.00017280083685876875
             0.00000412806824944333
             0.00019273002553403941
             0.00034637868669208817
             0.00045386439328516946
             0.00054178778905315957
             0.00062785170148282009
             0.00069220842758691947
             0.00070072731575977851
             0.00064232286351307980
             0.00053949386193244116
             0.00042538645668727609
             0.00031260096690692650
             0.00018387773764997996
             0.00001526783301515461
            -0.00018804415136501205
            -0.00038168452915750820
            -0.00052101617621824064
            -0.00060517826849077426
            -0.00066398592395478613
            -0.00071411741286426340
            -0.00074275136643203851
            -0.00072615011558072788
            -0.00065688970033756606
            -0.00055225359033403301
            -0.00043690308201506579
            -0.00031863545654194764
            -0.00018206753626092215
            -0.00000945062747282210
             0.00018202130186604731
             0.00034020478523114848
             0.00043203265870037262
             0.00047099122889141204
             0.00049049557218459395
             0.00051246229607493517
             0.00053592691366407435
             0.00054242257511430826
             0.00051051767583674902
             0.00043545530616898216
             0.00033414413529140680
             0.00022355931201274078
             0.00010220350082635518
            -0.00003193227234656712
            -0.00014813834293896783
            -0.00019886048654788486
            -0.00017826601225509473
            -0.00013952854540902877
            -0.00014415158927627466
            -0.00020224320228365435
            -0.00026597277248282842
            -0.00028017292660038391
            -0.00023178631109307721
            -0.00014647572695721222
            -0.00005036403013806575
             0.00004980483789948986
             0.00014562869487342187
             0.00020589480238806962
             0.00020434013965231159
             0.00016640706180692983
             0.00016061040385444104
             0.00023221717510590802
             0.00035593960918730162
             0.00045754785949864455
             0.00047800970022034037
             0.00041283702745107087
             0.00029611489836249772
             0.00016372289035712669
             0.00003930114241515233
            -0.00005765792612873560
            -0.00011215819068726865
            -0.00013024474343573179
            -0.00014775612442501524
            -0.00020831027563799937
            -0.00032529799994157735
            -0.00046498063000822222
            -0.00056417803781010816
            -0.00056683368772858630
            -0.00045762892590960123
            -0.00027332538834278457
            -0.00007978220853009832
             0.00006902840185645427
             0.00016019302406844303
             0.00021616025200453889
             0.00026550853362343978
             0.00032984638044597638
             0.00042362744642898340
             0.00054762692190464014
             0.00068299705819008976
             0.00079068667432285013
             0.00082052741392670101
             0.00073687980185900624
             0.00055031705175210004
             0.00032459744457895165
             0.00014057100672456788
             0.00003747204989587072
            -0.00001773926070427730
            -0.00009105953856526295
            -0.00020770960752524472
            -0.00033952633212542535
            -0.00045832058330586624
            -0.00056304122643638854
            -0.00065700183567836033
            -0.00072019157083330382
            -0.00070682784259843746
            -0.00058184664474655770
            -0.00036892066916011454
            -0.00015335047073576196
            -0.00002123923559001385
             0.00002301052985390884
             0.00005823206143797832
             0.00014370193417133088
             0.00025798357450669730
             0.00035030135859650418
             0.00040614793548579016
             0.00044627112790413854
             0.00047921273884667922
             0.00047272580340888538
             0.00037870645505113266
             0.00019514749696287155
            -0.00000190901900804172
            -0.00011971458819811123
            -0.00014774004563613492
            -0.00015651852902946083
            -0.00020457104334388508
            -0.00029167241919343765
            -0.00038759740201823765
            -0.00047315269674965890
            -0.00054995530206409929
            -0.00061765526472626006
            -0.00065320461169044450
            -0.00062324338073600186
            -0.00052413384314568270
            -0.00040076857902609164
            -0.00031120236899223624
            -0.00027825098484028486
            -0.00028307909524520370
            -0.00028585500387742958
            -0.00025190621451997636
            -0.00018045420970894875
            -0.00009829223438367742
            -0.00002266749653429771
             0.00004555740563736407
             0.00009599831086864766
             0.00010316144243864682
             0.00005316699836586651
            -0.00002917522502244605
            -0.00008888385351954146
            -0.00009022041294669606
            -0.00005351952533187945
            -0.00003450763905264438
            -0.00006983065926768903
            -0.00015211242656936570
            -0.00025951089556421530
            -0.00037784850300299100
            -0.00048463157663349086
            -0.00054471544167438845
            -0.00053439471502422472
            -0.00046675395323088630
            -0.00038578888038057825
            -0.00032954520557314368
            -0.00030143399256642563
            -0.00027773538969552220
            -0.00024081165071371233
            -0.00018492309439373386
            -0.00009112487791949234
             0.00005824279430992737
             0.00023634976701902312
             0.00038167482895607905
             0.00045340050084057638
             0.00046528721217958872
             0.00047247477644079134
             0.00052036427832592084
             0.00060337664883582077
             0.00068449208224757971
             0.00074493403870985167
             0.00078970762476538673
             0.00081049702445582699
             0.00077714758835494447
             0.00066636464672763121
             0.00049325259880236502
             0.00031518376893807784
             0.00018659628298434689
             0.00011715140293647861
             0.00007461052829478767
             0.00000777440804471291
            -0.00012076991749729820
            -0.00029676424695752207
            -0.00045799026770560884
            -0.00055399928370395682
            -0.00058326728299141562
            -0.00056334073957468953
            -0.00049778988018447804
            -0.00039409154069754962
            -0.00029432305127171672
            -0.00025517323063027180
            -0.00028966511560582058
            -0.00035027391986841713
            -0.00036962538957942487
            -0.00030223358335570755
            -0.00015549332350489576
             0.00000645239106981327
             0.00011148557638836456
             0.00012815753214847451
             0.00007248284191560165
            -0.00001359331865701438
            -0.00008505876303980842
            -0.00010177239655640187
            -0.00004406000073982175
             0.00006135319949573972
             0.00014618276065881235
             0.00014938970263852233
             0.00006228653292292547
            -0.00007140002292290091
            -0.00018156062856008131
            -0.00020928193711971927
            -0.00014969622407597240
            -0.00005590483291187009
             0.00000912189333262265
             0.00001060370685617664
            -0.00005941186241870975
            -0.00018383093096449864
            -0.00031798139515247070
            -0.00040000273354567911
            -0.00038223134893238924
            -0.00027616194053004759
            -0.00015752402034064709
            -0.00010844615922238925
            -0.00015235290503675899
            -0.00024781687837302681
            -0.00033995404859595165
            -0.00040314468376112641
            -0.00042697738316617006
            -0.00038542111073067321
            -0.00025230267452043450
            -0.00005653749120171489
             0.00009752307616635577
             0.00012076159257110916
             0.00004928048023448762
             0.00000385926838755377
             0.00005735033152246725
             0.00018744121674736842
