-0.0
-27.37546043945517
-27.37538282991972
-27.375348705235886
-27.375316083733516
-27.375283462035053
-27.37525084025809
-27.375218218606488
-27.375185597032242
-27.37515297551551
-27.375120354055326
-27.37546142057633
-27.375742383274716
-27.37602334190653
-27.376304296934407
-27.3765852482726
-27.376866196060732
-27.37714714027025
-27.37742807938679
-27.377709017575448
-27.377989950730182
-27.380040568583926
-27.38204742734318
-27.38405426858754
-27.386062791551545
-27.388071066060277
-27.390077503679727
-27.39208254919074
-27.394085717441946
-27.396088761915657
-27.39809283933161
-27.40386745763305
-27.40964406200412
-27.41541892302932
-27.421193799682968
-27.426967385510533
-27.432740920974542
-27.43851438602283
-27.444287603329684
-27.45006055851728
-27.455833355817113
-27.466218265089584
-27.476609833318825
-27.487001730855233
-27.497392982001475
-27.507784255289046
-27.51817518568337
-27.528565914009665
-27.538956669792253
-27.549345798054652
-27.559736160982816
-27.572721147038113
-27.5857460516489
-27.59877049289796
-27.611795150321857
-27.624818367634976
-27.637842622422976
-27.650866786489093
-27.663890784428833
-27.67691462034867
-27.689937988373497
-27.701277845784947
-27.712625583327824
-27.723973071228837
-27.735320940440513
-27.746668161546367
-27.758016145025465
-27.7693632088023
-27.78070983874554
-27.79205643837118
-27.803403345240564
-27.809330413598914
-27.81524449682435
-27.821162081952245
-27.827078222105882
-27.8329950052182
-27.83891159052864
-27.844828876709002
-27.85074605217961
-27.856663225613907
-27.86257901241603
-27.862675298883207
-27.862768168480464
-27.862860850159375
-27.862953117014108
-27.863044857384146
-27.86313511776939
-27.86322567258067
-27.863317403083272
-27.86340911485574
-27.863499305398864
-27.860590874388627
-27.857667400919357
-27.854743106053167
-27.851820445718197
-27.84889608162807
-27.845969170355474
-27.84304493245514
-27.84012320008991
-27.837198875415268
-27.834274543883907
-27.831351833320042
-27.828416827507144
-27.825464365604898
-27.822522730765364
-27.81961154875082
-27.816660153018468
-27.813710198748065
-27.810760980897687
-27.80781267396295
-27.804864455535974
-27.802307168184687
-27.799887445803854
-27.79746730864757
-27.795046577633496
-27.79262530890846
-27.79020341158253
-27.787781194470973
-27.78535850656618
-27.782935337590306
-27.780511594357144
-27.77708641445379
-27.773660972075994
-27.77023520539629
-27.766809131270055
-27.7633829014379
-27.759956273188077
-27.756529468425263
-27.753102475034833
-27.749675206656175
-27.7462475953133
-27.740459452508713
-27.73467124529366
-27.728883002344034
-27.723094631033486
-27.717306038305445
-27.711517363305823
-27.705728620431557
-27.699939825686144
-27.694150967455382
-27.688362022687066
-27.680851368197846
-27.673144834076922
-27.66543361921361
-27.657727209731544
-27.65002083850608
-27.642314022362065
-27.6346070048027
-27.626903736051837
-27.61919672054617
-27.61148967921368
-27.603675965060148
-27.595975218249905
-27.58827133007217
-27.580567218938853
-27.572858233731576
-27.565153532653632
-27.557453267678856
-27.549766047531854
-27.542057958088233
-27.53435263035139
-27.5283165637525
-27.522308636959053
-27.516301000999434
-27.510289156243925
-27.504280615303408
-27.49827236082096
-27.49226666571642
-27.48625417948829
-27.480246284552216
-27.474238369623805
-27.46988213117377
-27.46559337789895
-27.46130024551656
-27.45701145274464
-27.45273205759232
-27.448443093328574
-27.44415561225406
-27.43986702277091
-27.435577938362414
-27.431288169045942
-27.426724323424004
-27.42230272226524
-27.417867525151493
-27.413435765091755
-27.408999265107298
-27.404551302227535
-27.40012689748462
-27.39570992323257
-27.391277892899733
-27.386820834080172
-27.379905410637868
-27.372737635910028
-27.365572079134317
-27.358402814101044
-27.351234943193354
-27.344071600465405
-27.336908271142065
-27.32974202802305
-27.32257679611087
-27.3154119266427
-27.30446095271892
-27.293541364621653
-27.28262058278308
-27.271699631100915
-27.260778216924543
-27.249856383150526
-27.2389315498894
-27.228008576762463
-27.217086695492704
-27.20616484200858
-27.193859054994586
-27.181597226112782
-27.169335927829245
-27.157080597852822
-27.144816118766947
-27.13255095322382
-27.12028641677326
-27.10803293690925
-27.09577238243078
-27.0835087984039
-27.0750968728386
-27.06389310243224
-27.05244677894956
-27.04400319855178
-27.038662963484345
-27.033210188697527
-27.024840439177066
-27.01646145180552
-27.008075245314718
-26.999699454359963
-27.00001721476154
-27.000276637134313
-27.000536121193218
-27.000795636735262
-27.001055034555456
-27.001314380095213
-27.001573766820123
-27.001833078491703
-27.00209240667392
-27.00235167793092
-27.01211026305478
-27.02161594755738
-27.031097162304604
-27.04058213321633
-27.05006605217465
-27.05952794499925
-27.069009158306663
-27.07848641794537
-27.087970867667057
-27.097455223453828
-27.11179938998406
