0.0
0.010767
0.02559
-0.009476
-0.115763
-0.232239
-0.299681
-0.331351
-0.36392
-0.382955
-0.344271
-0.237173
-0.102372
0.006153
0.084303
0.171654
0.274395
0.350935
0.376326
0.386945
0.436494
0.509834
0.535424
0.480582
0.37762
0.261737
0.127647
-0.026038
-0.146148
-0.179833
-0.156799
-0.161124
-0.228355
-0.306425
-0.32744
-0.288519
-0.22775
-0.149737
-0.036827
0.074819
0.107407
0.055569
0.019949
0.085514
0.216452
0.317168
0.352334
0.34118
0.277322
0.13798
-0.043168
-0.182718
-0.241277
-0.264797
-0.319808
-0.420869
-0.526892
-0.585083
-0.571288
-0.494249
-0.372026
-0.224436
-0.086811
0.003036
0.046375
0.096061
0.203682
0.345047
0.437586
0.449639
0.424025
0.384669
0.305721
0.178476
0.052742
-0.011129
-0.029818
-0.082889
-0.190708
-0.278309
-0.277763
-0.21176
-0.154338
-0.139798
-0.143896
-0.141522
-0.141341
-0.146621
-0.119716
-0.030289
0.079858
0.123826
0.066725
-0.03479
-0.105229
-0.129048
-0.133286
-0.125734
-0.09365
-0.055582
-0.058842
-0.097217
-0.08582
0.039464
0.236588
0.397016
0.456981
0.444847
0.408984
0.353703
0.279534
0.22466
0.214904
0.189603
0.040561
-0.246815
-0.547342
-0.703535
-0.662463
-0.519273
-0.395222
-0.311536
-0.243777
-0.209831
-0.214394
-0.152194
0.116728
0.554664
0.922449
1.034115
0.938192
0.803577
0.701961
0.615802
0.568479
0.579442
0.537159
0.290478
-0.147423
-0.590784
-0.85725
-0.904491
-0.821952
-0.715054
-0.645327
-0.661752
-0.779299
-0.876967
-0.75787
-0.358113
0.166199
0.59698
0.849203
0.966413
1.006951
1.010097
1.029959
1.116016
1.20554
1.115743
0.727394
0.139695
-0.411259
-0.766406
-0.934171
-1.005915
-1.050399
-1.106774
-1.225127
-1.396397
-1.452071
-1.204844
-0.682112
-0.102334
0.345185
0.619407
0.769894
0.852469
0.938034
1.097668
1.333965
1.54575
1.563357
1.289516
0.813924
0.324197
-0.052466
-0.304289
-0.489356
-0.682868
-0.935911
-1.235691
-1.482538
-1.525965
-1.283594
-0.848134
-0.416623
-0.104387
0.105345
0.269669
0.434397
0.66243
1.011811
1.42587
1.704651
1.668385
1.350288
0.962772
0.673342
0.463883
0.229778
-0.051225
-0.352774
-0.714261
-1.165481
-1.562126
-1.646253
-1.351185
-0.918886
-0.613269
-0.449039
-0.302061
-0.127634
0.076503
0.393774
0.881363
1.385077
1.617597
1.456878
1.102527
0.849674
0.774805
0.754619
0.703998
0.624348
0.431774
-0.031853
-0.720888
-1.294675
-1.454802
-1.273683
-1.061857
-0.980932
-0.948245
-0.868767
-0.74431
-0.534267
-0.102289
0.587109
1.310391
1.73914
1.752991
1.537762
1.363624
1.326386
1.345534
1.313366
1.188883
0.920534
0.433078
-0.228971
-0.802682
-1.010707
-0.891914
-0.763858
-0.856119
-1.111255
-1.35315
-1.488552
-1.427753
-1.0083
-0.238505
0.563437
1.019866
1.031384
0.810233
0.611202
0.523762
0.526329
0.626294
0.79379
0.831094
0.539768
0.026851
-0.347201
-0.394466
-0.319353
-0.393451
-0.623856
-0.874074
-1.110601
-1.346918
-1.435777
-1.151583
-0.534573
0.071844
0.383471
0.454753
0.539917
0.766854
1.045109
1.270864
1.457527
1.554022
1.372273
0.840529
0.185917
-0.295064
-0.542196
-0.724045
-0.973033
-1.248539
-1.44888
-1.596905
-1.744961
-1.758115
-1.442797
-0.861341
-0.332275
-0.036011
0.202352
0.608621
1.133069
1.575619
1.871985
2.120205
2.315493
2.263663
1.889165
1.383919
0.967024
0.602839
0.023236
-0.797078
-1.560318
-2.012275
-2.192807
-2.266879
-2.276827
-2.09891
-1.729897
-1.389001
-1.244775
-1.178695
-0.807683
-0.029829
0.806432
1.345691
1.624456
1.871887
2.138262
2.239402
2.098369
1.893915
1.804769
1.640322
0.976275
-0.189942
-1.286702
-1.865131
-2.074047
-2.255806
-2.39688
-2.293817
-1.975305
-1.701663
-1.629206
-1.476814
-0.795471
0.2446
0.980576
1.160849
1.226265
1.575455
1.999383
2.162231
2.116806
2.161758
2.248588
1.895109
0.903111
-0.268034
-1.023576
-1.288632
-1.450155
-1.690138
-1.898445
-1.975655
-1.939412
-1.900693
-1.799048
-1.361319
-0.516032
0.388709
0.918249
1.108447
1.395522
1.939087
2.447324
2.74884
2.888255
2.903502
2.680425
2.074258
1.193349
0.374151
-0.115054
-0.369108
-0.729844
-1.373475
-2.176424
-2.796861
-3.055184
-2.989778
-2.711577
-2.262359
-1.59089
-0.851842
-0.339605
-0.051437
0.417039
1.38917
2.555901
3.415005
3.793763
3.871984
3.862054
3.765618
3.35543
2.591696
1.84785
1.375654
0.768401
-0.434924
-2.059575
-3.350888
-3.969149
-4.286083
-4.663955
-5.060052
-5.198743
-4.995774
-4.771763
-4.89055
-5.237699
-5.204015
-4.341486
-2.931261
-1.813106
-1.462793
-1.426933
-1.056244
-0.422901
-0.195839
-0.553044
-0.785875
-0.407243
0.020487
-0.40588
-1.615649
-2.788851
-3.341282
-3.6207
-4.108806
-4.721196
-5.104999
-5.034438
-4.784837
-4.845483
-5.170106
-5.085958
-4.058918
-2.300781
-0.626534
0.437622
1.283284
2.608532
4.411768
5.956971
6.854647
7.428938
8.08337
8.90356
9.639197
9.918347
9.654093
9.152365
8.811955
8.749597
8.642592
8.054237
6.872752
5.422351
4.173185
3.361601
2.331711
0.570256
-0.993304
-1.259778
-0.7428
-0.619688
-1.054777
-1.341749
-0.918454
0.049446
0.999691
1.645687
2.347074
3.335913
4.124233
4.3391
4.126652
3.959791
4.004439
3.867329
3.093447
1.705141
-0.110348
-2.623993
-5.416642
-8.008469
-10.483431
-12.586722
-14.031585
-14.809924
-15.169217
-15.344675
-15.414422
-15.255936
-14.66368
-13.470946
-11.627725
-9.267006
-6.346877
-2.85009
0.475828
2.460796
4.142283
6.075866
7.786626
8.764873
8.921522
8.665394
8.469292
8.349678
7.878535
6.54103
4.257198
1.458896
-0.936794
-1.784584
-3.073779
-5.389235
-7.542814
-8.357154
-7.610346
-6.250043
-5.55133
-5.719507
-5.513234
-3.321099
0.929313
3.377373
4.044442
4.541851
5.822194
7.722759
9.278058
9.659645
8.943435
7.980211
7.55114
7.587923
7.194033
5.584559
2.463987
-1.328074
-2.613429
-3.173892
-4.513405
-6.467506
-7.847885
-7.852211
-6.746434
-5.740787
-5.674877
-5.956869
-5.19629
-2.625467
1.079582
3.954323
4.422672
4.767433
5.910078
7.320637
8.13175
7.853129
6.905466
6.170313
6.125245
6.375835
6.150179
4.812415
1.855755
-1.451263
-3.228032
-4.792939
-6.708633
-8.653278
-10.097538
-10.550116
-9.85111
-8.558002
-7.712382
-7.786698
-7.936209
-6.521323
-2.757952
0.543351
2.257253
3.08598
4.251593
6.160562
8.03537
8.770178
8.118042
6.867004
6.14663
6.490382
6.90636
5.281502
0.681868
-3.370243
-5.220579
-5.698889
-6.79302
-9.250805
-11.806402
-12.64538
-11.331323
-9.079702
-7.726305
-7.752696
-7.396215
-4.387061
0.212718
3.655506
4.681101
4.30243
4.468962
6.095379
8.063339
8.624477
7.261866
5.199171
4.305404
5.091027
4.629753
1.241241
-3.044924
-5.323609
-4.668055
-2.81667
-2.561092
-4.404914
-5.984305
-5.173887
-2.439119
-0.762656
-1.677869
-1.836515
0.821449
4.175469
5.831744
5.214637
3.890331
3.771162
5.185792
6.492746
6.180715
4.296135
2.156345
1.520779
1.585776
-0.632943
-4.242007
-5.919507
-5.199289
-3.698868
-3.38007
-4.509563
-5.65455
-5.489788
-4.035073
-2.551056
-2.287706
-2.157293
-0.365824
2.121811
3.185397
2.968487
2.633188
3.022967
3.968124
4.541194
4.184807
3.128119
2.078461
1.446333
0.768931
-0.849993
-3.012831
-4.466219
-4.969954
-4.956077
-4.958969
-5.224869
-5.45224
-5.173318
-4.441721
-3.425871
-2.054289
-0.676203
0.600601
2.089045
3.534213
4.477725
4.748377
4.591656
4.426884
4.447221
4.693239
5.09513
5.4809
5.426711
4.423743
2.53174
1.372745
0.482218
-0.869992
-2.49138
-3.65367
-3.669477
-2.576828
-1.697278
-2.210234
-3.324396
-2.961477
0.271634
3.477643
4.68017
4.854667
5.138064
6.252722
7.654988
8.119911
6.91677
4.723072
3.195204
3.672804
4.038675
0.353787
-5.654418
-9.430786
-10.045059
-8.985612
-8.592456
-9.823134
-11.161755
-10.702386
-8.028624
-4.983333
-4.858633
-7.126853
-7.527334
-2.844672
4.582304
6.903049
5.605192
4.278629
5.696502
8.604596
9.970381
8.229423
5.068016
3.729774
5.647815
7.381271
4.828268
-3.546327
-8.232664
-7.486546
-4.77659
-5.098389
-8.560713
-11.049064
-10.303029
-6.859909
-4.884404
-7.138046
-10.374172
-9.219238
-2.234759
5.264623
6.14599
3.25605
2.047734
4.986364
7.726416
6.833805
2.743086
0.075993
1.479318
3.982609
3.082977
-2.279444
-8.357015
-10.81189
-9.262899
-6.526227
-6.486796
-9.158884
-11.136911
-10.001124
-5.730778
-2.668373
-4.668713
-8.12289
-6.990587
-0.492477
5.867155
6.827364
3.308007
0.697067
3.582243
8.155215
9.396651
7.452117
5.595084
6.729437
10.260186
12.895442
11.662101
7.37951
3.162201
2.949513
6.028975
7.956967
5.34811
-1.847393
-4.966888
-2.625482
-0.813961
-4.579802
-8.908918
-9.483957
-5.348046
0.771046
2.227583
-1.61673
-3.626799
0.509439
5.991841
7.834251
7.209826
7.137033
9.285872
12.163305
13.018619
10.678449
6.718607
3.942278
4.671765
7.187728
7.124305
1.928189
-4.415709
-6.577088
-5.402813
-5.900008
-9.079082
