-0.0
-0.002817
-0.001464
0.028367
0.089325
0.145132
0.16836
0.175306
0.193046
0.21292
0.201249
0.143063
0.060998
-0.008247
-0.055365
-0.100334
-0.152346
-0.19639
-0.221622
-0.242651
-0.277668
-0.310804
-0.305855
-0.256478
-0.193286
-0.140585
-0.088491
-0.021193
0.046214
0.087058
0.104948
0.127027
0.160527
0.179894
0.164597
0.13144
0.108644
0.09131
0.053119
-0.002292
-0.038385
-0.042855
-0.050888
-0.092121
-0.14466
-0.168782
-0.163146
-0.151863
-0.133874
-0.085152
-0.004701
0.075572
0.132007
0.174452
0.222258
0.274094
0.310256
0.315981
0.295505
0.262316
0.219911
0.161861
0.090541
0.021412
-0.035808
-0.089925
-0.151659
-0.206726
-0.228436
-0.221986
-0.21949
-0.224648
-0.203047
-0.133968
-0.045607
0.014231
0.037885
0.06121
0.102399
0.135726
0.13548
0.115017
0.105662
0.112442
0.112133
0.091725
0.067429
0.05616
0.046687
0.019558
-0.016024
-0.028403
-0.006455
0.024302
0.038021
0.041598
0.0554
0.075784
0.079316
0.061072
0.042405
0.030573
-0.000284
-0.068768
-0.15074
-0.203188
-0.21578
-0.219176
-0.234346
-0.240658
-0.212112
-0.157982
-0.104195
-0.046448
0.045966
0.172528
0.282512
0.325152
0.304332
0.276469
0.275932
0.268381
0.211639
0.123275
0.046374
-0.028205
-0.150835
-0.317107
-0.447273
-0.48964
-0.484432
-0.495685
-0.508398
-0.467278
-0.375755
-0.281972
-0.189815
-0.061691
0.104493
0.261402
0.369931
0.433518
0.479551
0.509335
0.501885
0.465136
0.433508
0.398686
0.305611
0.132755
-0.070478
-0.244774
-0.386763
-0.519436
-0.633102
-0.691873
-0.689471
-0.660405
-0.617218
-0.516742
-0.324305
-0.077893
0.146837
0.318303
0.462476
0.601838
0.714495
0.767395
0.774867
0.765162
0.712216
0.566772
0.347851
0.127322
-0.061572
-0.240101
-0.423462
-0.582121
-0.683935
-0.736449
-0.771019
-0.797588
-0.778947
-0.673091
-0.495312
-0.287597
-0.076409
0.131483
0.32665
0.494085
0.626299
0.72389
0.777712
0.75962
0.654229
0.495893
0.336763
0.183002
0.007806
-0.187347
-0.365647
-0.509961
-0.64374
-0.776883
-0.8643
-0.851194
-0.751576
-0.63143
-0.515022
-0.357212
-0.125201
0.128109
0.327094
0.475128
0.625251
0.766685
0.812461
0.729226
0.597131
0.489833
0.375018
0.198453
-0.009102
-0.183871
-0.334518
-0.510053
-0.690086
-0.785513
-0.755542
-0.675958
-0.634636
-0.608328
-0.517125
-0.361219
-0.215897
-0.092464
0.088399
0.352912
0.592764
0.69702
0.695112
0.693774
0.708986
0.656984
0.503328
0.313973
0.140173
-0.059567
-0.335189
-0.637267
-0.848753
-0.920188
-0.920422
-0.926328
-0.928387
-0.865803
-0.7248
-0.558325
-0.396676
-0.204179
0.048054
0.294746
0.437931
0.491158
0.558381
0.680032
0.779747
0.784102
0.716517
0.612488
0.428164
0.143052
-0.154982
-0.3519
-0.431561
-0.467497
-0.500991
-0.494189
-0.417976
-0.33433
-0.317751
-0.327268
-0.25505
-0.094651
0.047349
0.118189
0.200696
0.360867
0.526353
0.599657
0.605391
0.631177
0.66104
0.578274
0.353528
0.096277
-0.08928
-0.224624
-0.388647
-0.578595
-0.706904
-0.739216
-0.744975
-0.752456
-0.681755
-0.47306
-0.194464
0.050826
0.245198
0.445096
0.660562
0.82211
0.878717
0.88772
0.92262
0.933114
0.80485
0.537374
0.268636
0.075383
-0.126519
-0.422816
-0.747644
-0.972521
-1.076683
-1.162132
-1.261192
-1.267225
-1.107453
-0.849691
-0.595517
-0.332011
0.051996
0.528957
0.919163
1.103948
1.165427
1.230446
1.31381
1.298138
1.128381
0.901183
0.729294
0.598751
0.351849
-0.051426
-0.446274
-0.690748
-0.848803
-1.048605
-1.281618
-1.386872
-1.290981
-1.100485
-0.954151
-0.801725
-0.442906
0.129177
0.652402
0.939541
1.088719
1.27368
1.441594
1.428072
1.229427
1.002254
0.881287
0.754406
0.400459
-0.104931
-0.455571
-0.564813
-0.679244
-0.978777
-1.283519
-1.365485
-1.252889
-1.161057
-1.13225
-0.940035
-0.479554
0.054238
0.414506
0.599675
0.807338
1.067923
1.240004
1.239482
1.104748
0.976488
0.888064
0.704543
0.341712
-0.09104
-0.410584
-0.628894
-0.921654
-1.28814
-1.536237
-1.595708
-1.560503
-1.521863
-1.43887
-1.213603
-0.8271
-0.390548
-0.030982
0.260526
0.582667
0.967438
1.334472
1.54313
1.590813
1.558446
1.501374
1.393937
1.106018
0.652086
0.217291
-0.115615
-0.468992
-0.980476
-1.508226
-1.864536
-2.041351
-2.140283
-2.239888
-2.275342
-2.067686
-1.5847
-1.057602
-0.675015
-0.264659
0.396977
1.21797
1.839609
2.170859
2.435485
2.784247
3.117957
3.242845
3.117201
2.93217
2.906983
3.014728
2.95013
2.480656
1.76167
1.222526
1.072945
1.036097
0.757608
0.298067
0.068734
0.236824
0.451246
0.402851
0.286503
0.529555
1.113542
1.636139
1.85899
2.045619
2.432949
2.902585
3.175637
3.124543
2.914148
2.835697
2.909113
2.798068
2.218227
1.279028
0.403163
-0.165895
-0.680635
-1.533805
-2.696277
-3.637813
-4.121304
-4.382788
-4.700869
-5.125079
-5.525151
-5.70318
-5.608906
-5.386044
-5.22983
-5.187882
-5.081174
-4.684922
-3.960948
-3.12535
-2.456325
-2.053798
-1.592491
-0.702061
0.218517
0.536069
0.425236
0.448406
0.666527
0.718895
0.348566
-0.275956
-0.810883
-1.076731
-1.336039
-1.849031
-2.298212
-2.464343
-2.418845
-2.368484
-2.363425
-2.178382
-1.594557
-0.660099
0.504824
1.944404
3.345515
4.66902
6.056615
7.31537
8.259299
8.831386
9.123192
9.238904
9.221503
9.025886
8.571848
7.804343
6.716977
5.389938
3.800305
1.934917
0.068892
-1.276783
-2.347683
-3.504518
-4.513633
-5.078715
-5.15332
-4.971732
-4.815848
-4.715338
-4.437697
-3.709549
-2.489003
-1.001527
0.302621
0.924985
1.765464
3.067169
4.262408
4.721326
4.323061
3.595475
3.207232
3.253819
3.067353
1.774825
-0.622491
-1.95932
-2.31576
-2.603424
-3.349988
-4.455496
-5.370402
-5.613739
-5.212427
-4.636103
-4.332112
-4.280199
-4.007071
-3.112974
-1.477151
0.527763
1.246373
1.646525
2.489026
3.669635
4.524957
4.580257
3.97073
3.359082
3.210569
3.244186
2.745469
1.320829
-0.647513
-2.141872
-2.416366
-2.669233
-3.356715
-4.204822
-4.715118
-4.598325
-4.077962
-3.645767
-3.561901
-3.618749
-3.397618
-2.579345
-0.906957
0.892379
1.834271
2.687473
3.753883
4.888143
5.792296
6.153816
5.850715
5.174183
4.662569
4.56464
4.492016
3.586062
1.457857
-0.339187
-1.242483
-1.68695
-2.355042
-3.460541
-4.560565
-5.032418
-4.722514
-4.032519
-3.587953
-3.66997
-3.777949
-2.766886
-0.230742
1.905978
2.861973
3.167612
3.886504
5.35999
6.861072
7.386741
6.659392
5.361065
4.492073
4.331402
4.016655
2.398467
-0.018781
-1.844646
-2.424372
-2.308071
-2.534887
-3.553255
-4.742618
-5.074471
-4.213169
-2.967867
-2.330263
-2.629326
-2.446458
-0.811576
1.364103
2.579894
2.350671
1.591518
1.684895
2.791126
3.59576
2.970134
1.242444
0.131253
0.550219
0.834066
-0.398925
-2.150457
-3.096694
-2.889511
-2.320531
-2.376253
-3.183498
-3.814971
-3.462292
-2.256746
-1.009835
-0.663391
-0.875738
0.122059
2.021278
3.092396
2.948465
2.374782
2.326831
2.894249
3.352259
3.085651
2.148072
1.284765
1.170712
1.231149
0.389708
-0.980929
-1.689776
-1.717017
-1.630876
-1.857137
-2.324187
-2.57768
-2.310675
-1.706655
-1.093601
-0.705269
-0.355556
0.462135
1.625756
2.465438
2.793106
2.835236
2.902407
3.101459
3.242123
3.066232
2.55286
1.813694
0.924288
0.209173
-0.354848
-1.078189
-1.841113
-2.415586
-2.680519
-2.742832
-2.77668
-2.838732
-2.915989
-2.992764
-3.034227
-2.878559
-2.252213
-1.350873
-0.970116
-0.624419
0.138214
1.169926
2.003673
2.177166
1.66909
1.146052
1.222703
1.576609
1.169945
-0.595379
-2.110509
-2.57994
-2.587331
-2.7616
-3.47866
-4.396564
-4.792255
-4.15624
-2.861236
-1.868954
-1.826934
-1.739739
0.309846
3.27858
5.110242
5.37099
4.88061
4.867557
5.763359
6.731648
6.594704
5.074372
3.239527
2.820292
3.678428
3.702812
1.223445
-2.42692
-3.444992
-2.7549
-2.229532
-3.266051
-5.102942
-6.026601
-5.023454
-3.083825
-2.121586
-2.861669
-3.607234
-2.244608
1.873188
4.112698
3.666173
2.472795
3.009465
5.185294
6.788869
6.40267
4.382367
2.99326
3.789559
5.232087
4.609292
1.149161
-2.39854
-2.73095
-1.290292
-0.978903
-2.887287
-4.695621
-4.275194
-1.853027
-0.084853
-0.498707
-1.65169
-1.18869
1.530226
4.578755
5.716355
4.888616
3.651183
3.940182
5.623473
6.864918
6.212482
3.782422
1.797538
2.456819
4.058705
3.521589
0.341272
-2.783582
-3.233103
-1.541758
-0.567856
-2.499081
-5.14099
-5.832441
-4.534182
-3.273253
-3.709026
-5.566142
-7.055821
-6.600105
-4.463372
-2.375091
-2.277583
-3.706347
-4.372968
-2.513067
1.507075
3.012864
1.425563
0.09576
1.922031
4.412905
5.079391
3.335797
0.345512
-0.565609
1.045101
1.568209
-0.996148
-3.868198
-4.700274
-4.107985
-3.897802
-4.981989
-6.597625
-7.249339
-6.214551
-4.2205
-2.778446
-3.05107
-4.092282
-3.640995
-0.449178
2.985569
3.876714
2.979311
3.100548
4.807541
