-0.0
0.0011591584381425509
0.0022937569442398097
0.00345369482358909
0.004613225742372673
0.005772756602790916
0.006932287356960162
0.008091818002688043
0.009251348538837913
0.01041087896569501
0.011570409283304176
0.013193770577237193
0.0147903324198357
0.01638689376973205
0.01798345465247814
0.019580015069406164
0.021176575016493546
0.022773134497138955
0.024369693535084853
0.02596625209104727
0.02756281019986667
0.023787732610615658
0.020011225323174942
0.016234720429904103
0.012458401169148887
0.008682057949489858
0.00490564730845427
0.0011297783733856433
-0.002645403475852056
-0.006421085517376019
-0.01019713556168365
-0.021647277347550113
-0.03309590690930772
-0.04454390721184598
-0.0559916476953413
-0.06743895948598214
-0.07888629890548202
-0.0903335185004388
-0.10178065420870903
-0.11322770346932987
-0.12467470151997292
-0.13722518191827116
-0.14977187616067533
-0.1623186383174568
-0.17486529701432432
-0.18741194079897816
-0.19995847437072353
-0.21250512120700438
-0.22505157301151432
-0.23759807428841526
-0.2501444856153993
-0.25741671157704754
-0.2646821627536765
-0.2719476504445196
-0.2792130212149285
-0.28647873102145893
-0.29374407214953246
-0.30100938825413714
-0.30827468762227145
-0.3155399590466267
-0.3228052882943021
-0.3262189605821631
-0.3296310709137302
-0.3330431915975195
-0.33645514919708974
-0.33986721919036267
-0.34327896662327617
-0.3466910685291596
-0.35010321041404696
-0.35351525024035474
-0.35692728085746367
-0.3604338538766528
-0.3639428934918934
-0.3674514242545394
-0.3709602173064902
-0.37446877260225253
-0.37797760437199385
-0.3814861247373074
-0.3849945720204302
-0.38850308410488504
-0.39201169301841104
-0.39406195613163597
-0.39611261366348227
-0.3981632484637319
-0.4002139313589059
-0.40226465561694613
-0.4043156199945124
-0.406366924076902
-0.4084176981112505
-0.4104684193634784
-0.4125198453995452
-0.40835277237655937
-0.40418730648463624
-0.40002192227559136
-0.3958568513757689
-0.3916914689818789
-0.3875266377491651
-0.383361252336506
-0.3791961125212376
-0.37503085703469796
-0.370865609792045
-0.35935458849104096
-0.34781559667297207
-0.33628511607702405
-0.3247498075716009
-0.31320046279339503
-0.3016698566425805
-0.2901374648813122
-0.2786046012443249
-0.2670715151558006
-0.25553856608204717
-0.2410151833553626
-0.22649710708782644
-0.21197913689891557
-0.19746131265052103
-0.18294366685974742
-0.16842634814898363
-0.1539091072078369
-0.1393919764005497
-0.12487499400447415
-0.11035830245224006
-0.09866945596377777
-0.0869806831378944
-0.07529200129713148
-0.0636034202741439
-0.05191488379200128
-0.04022655489633177
-0.028538276142860527
-0.016850026536990234
-0.005161835441997163
0.0065262555300424985
0.014943659928816817
0.02336102070126832
0.031778371593681264
0.04019565597053533
0.048612816277215455
0.05702994425209101
0.0654470528979014
0.07386414901571853
0.08228122954144321
0.09069828749190757
0.10008002417848341
0.10948776897923099
0.11889503622640307
0.12830290596886473
0.1377107806878141
0.14711856337828405
0.1565262693616285
0.1659330524475275
0.17534056730736272
0.18474807237076818
0.19582901537389233
0.20689535767415004
0.21796094211174133
0.2290262521644927
0.24009311068339434
0.25115885693958406
0.2622247022077404
0.2732878347138983
0.2843545229354183
0.29541932901653656
0.30366803738019443
0.3119115638305726
0.32015506832963664
0.3284001534008158
0.3366438373541133
0.3448874346933176
0.353131146308042
0.36137634816369807
0.3696198561686864
0.3778633578424686
0.38056060392738683
0.3832954410180226
0.386031797462265
0.38876649760071624
0.3915015716272492
0.39423626837066256
0.3969720068787019
0.3997076530072001
0.40244237495223384
0.40517725136354055
0.4062751798674406
0.40742253172610565
0.40856573034334404
0.40970741289549406
0.41085100726629736
0.4119922262995468
0.41313644417456896
0.4142873719210991
0.4154309560387314
0.41657450592452333
0.421986965222766
0.4273226699249754
0.43265835201588093
0.43799748879313855
0.4433362751391518
0.4486733420386434
0.4540102747868153
0.4593468597662866
0.4646833478527246
0.4700183217078912
0.47792266896303176
0.48582216410193513
0.4937211647432837
0.5016200589292579
0.5095189414596141
0.5174175665358258
0.5253168057770928
0.5332155275535843
0.541114107422149
0.5490126382140832
0.5517781923969122
0.5545357585569962
0.5572932021411419
0.560049339509689
0.5628071586523744
0.5655648078448952
0.5683226011668023
0.5710796024044393
0.5738370470848919
0.5765945949811451
0.5706975556513485
0.5659668029568697
0.5612071010387957
0.5553312099324355
0.5483102011016462
0.541198987333275
0.5352960365118952
0.5293932503251276
0.5235062185927872
0.5176032621885728
0.5064433321687386
0.49535623157060144
0.48426916164036865
0.47318206586899497
0.46209497662644705
0.45100788081785526
0.43992079106892884
0.42883369081929573
0.41774659326663677
0.4066594899107453
0.3941930756047204
0.3817056830440609
0.3692278047275203
0.3567496308069122
0.34427143790523695
0.33179542666731154
0.3193178507838299
0.3068423566020103
0.29436412385891697
0.28188588740667614
0.2674439591788623
