-0.0
-0.000462
-0.020234
-0.094279
-0.21095
-0.298596
-0.316114
-0.309849
-0.342164
-0.395822
-0.391818
-0.286093
-0.120732
0.024013
0.118199
0.195329
0.282825
0.367383
0.434277
0.500576
0.579103
0.626961
0.583272
0.457513
0.329342
0.252467
0.19602
0.103554
-0.022885
-0.13859
-0.227061
-0.303489
-0.358787
-0.351555
-0.274591
-0.192235
-0.169628
-0.184237
-0.157461
-0.066435
0.032989
0.101177
0.166181
0.251428
0.312657
0.300169
0.244388
0.214275
0.212336
0.173472
0.060363
-0.093693
-0.241553
-0.37328
-0.493124
-0.581657
-0.6079
-0.570649
-0.50955
-0.465199
-0.43232
-0.367588
-0.244352
-0.081354
0.084597
0.232849
0.351025
0.411072
0.397943
0.362297
0.378783
0.437003
0.436943
0.311525
0.114069
-0.040923
-0.108748
-0.140994
-0.183828
-0.218123
-0.217769
-0.208925
-0.232131
-0.27147
-0.266241
-0.193971
-0.105288
-0.058789
-0.051045
-0.041244
-0.021248
-0.01994
-0.043115
-0.054098
-0.033835
-0.023099
-0.069344
-0.151453
-0.196458
-0.167793
-0.09626
-0.014609
0.086859
0.212063
0.314758
0.346166
0.332254
0.356812
0.448159
0.526528
0.496287
0.353175
0.166198
-0.019714
-0.208687
-0.384224
-0.485974
-0.48574
-0.450662
-0.491939
-0.614025
-0.670095
-0.530314
-0.241061
0.044775
0.255357
0.434966
0.605186
0.713495
0.756792
0.833666
1.009441
1.157556
1.093315
0.805884
0.451898
0.157107
-0.064836
-0.23477
-0.365321
-0.49581
-0.681145
-0.932055
-1.14789
-1.190368
-1.039529
-0.8063
-0.581267
-0.359933
-0.12745
0.091583
0.298305
0.565423
0.933475
1.308683
1.520498
1.491851
1.299482
1.051996
0.774293
0.458784
0.145207
-0.125812
-0.397819
-0.757382
-1.195366
-1.562939
-1.70005
-1.609025
-1.402261
-1.15293
-0.868182
-0.590189
-0.363359
-0.11998
0.258785
0.778962
1.276696
1.563528
1.595967
1.486113
1.371508
1.285719
1.17238
0.997728
0.727717
0.33194
-0.176623
-0.705397
-1.124297
-1.354839
-1.412009
-1.36202
-1.25242
-1.109315
-0.965646
-0.815123
-0.564961
-0.133895
0.415573
0.902992
1.202802
1.342731
1.415659
1.456615
1.444944
1.398677
1.346744
1.210402
0.842657
0.228155
-0.417348
-0.843606
-1.023567
-1.121436
-1.242101
-1.325405
-1.31603
-1.265182
-1.178346
-0.922628
-0.423802
0.160926
0.596023
0.829758
0.984206
1.138981
1.255495
1.306593
1.369859
1.471571
1.450216
1.136817
0.617196
0.165316
-0.093576
-0.291476
-0.569924
-0.873418
-1.09462
-1.26876
-1.47569
-1.612256
-1.45474
-0.972204
-0.404078
0.021572
0.320162
0.638879
1.020477
1.365261
1.61269
1.828773
2.024514
2.069281
1.821229
1.337662
0.853245
0.530349
0.313726
0.053208
-0.275379
-0.591071
-0.904544
-1.278477
-1.631167
-1.740747
-1.514783
-1.132181
-0.812484
-0.557754
-0.284723
0.003424
0.267245
0.547094
0.899685
1.221221
1.283782
1.002459
0.596551
0.368416
0.365923
0.393102
0.319343
0.174016
-0.037822
-0.414713
-0.926455
-1.301331
-1.319233
-1.103678
-0.961676
-0.982042
-0.963512
-0.758491
-0.423986
-0.056921
0.366833
0.881598
1.349414
1.540462
1.432892
1.267294
1.198162
1.121312
0.889734
0.525354
0.109165
-0.354639
-0.903938
-1.443038
-1.75841
-1.765116
-1.65002
-1.629613
-1.654842
-1.501023
-1.104159
-0.65029
-0.239711
0.260406
0.93787
1.601515
1.981473
2.066089
2.13041
2.297442
2.371339
2.161454
1.72391
1.211141
0.611523
-0.213416
-1.137634
-1.801611
-2.025526
-2.06986
-2.2336
-2.528565
-2.649159
-2.397269
-1.907166
-1.42269
-1.011298
-0.479239
0.217924
0.825859
1.180788
1.480127
1.963489
2.549382
2.833223
2.623523
2.131218
1.685133
1.292066
0.643698
-0.282535
-1.099522
-1.571333
-1.908051
-2.402808
-2.875895
-2.929499
-2.521445
-1.964181
-1.594188
-1.2825
-0.669248
0.139196
0.68572
0.90501
1.258139
2.004521
2.695214
2.832165
2.46576
2.084923
1.892728
1.543165
0.850905
0.069653
-0.492523
-0.90474
-1.502764
-2.215899
-2.636994
-2.557874
-2.101314
-1.670908
-1.449136
-1.215616
-0.733812
-0.055721
0.583505
1.191794
1.975519
2.772415
3.171616
3.087623
2.819442
2.662864
2.582387
2.364618
1.831852
1.054315
0.228373
-0.583793
-1.401318
-2.165026
-2.70454
-2.847289
-2.763374
-2.710393
-2.779849
-2.836107
-2.454481
-1.533228
-0.45516
0.47431
1.298344
2.197021
2.960588
3.404722
3.672681
3.956314
4.330558
4.556674
4.207338
3.204504
2.020436
1.093283
0.199617
-1.017059
-2.395273
-3.377667
-3.970986
-4.621947
-5.519708
-6.344188
-6.662285
-6.4057
-5.952943
-5.742031
-5.788969
-5.586379
-4.731759
-3.512222
-2.658406
-2.46161
-2.362696
-1.714782
-0.667307
-0.055565
-0.313165
-0.864603
-1.066225
-1.0684
-1.531019
-2.457242
-3.195491
-3.45816
-3.861355
-4.789947
-5.8953
-6.510209
-6.393889
-5.873953
-5.526364
-5.470268
-5.148257
-4.05447
-2.37739
-0.848074
0.169154
1.206207
3.001514
5.450136
7.348693
8.219434
8.601548
9.110528
9.841929
10.569593
10.941604
10.861041
10.547628
10.316672
10.225601
9.942311
9.081335
7.614811
6.00893
4.811069
4.150371
3.492984
1.997602
0.194057
-0.700948
-0.812543
-1.020403
-1.383112
-1.287682
-0.356461
0.95989
1.966195
2.292564
2.539624
3.427103
4.281708
4.674481
4.720516
4.703175
4.640023
4.100322
2.738805
0.709239
-1.736094
-4.487859
-6.819912
-9.068936
-11.669243
-14.169977
-16.177628
-17.491752
-18.199769
-18.447541
-18.314148
-17.757146
-16.688712
-15.074221
-12.940291
-10.44723
-7.553119
-4.227062
-0.727807
2.209166
4.444603
6.742259
8.722439
9.811037
9.927263
9.519212
9.145154
8.897144
8.352786
7.027017
4.846581
2.204291
-0.170071
-1.598641
-3.383581
-5.829242
-8.047369
-8.91157
-8.201681
-6.900765
-6.179442
-6.181662
-5.705916
-3.170503
1.34751
3.789037
4.425682
4.980433
6.430723
8.573664
10.364724
10.873168
10.121537
8.976801
8.293993
8.067333
7.46223
5.801453
2.938839
-0.60227
-1.945306
-2.848439
-4.590456
-6.954549
-8.702598
-8.900536
-7.776909
-6.545393
-6.068101
-5.909066
-4.845537
-2.205598
1.288763
3.87979
4.415428
4.995553
6.367443
8.058921
9.114267
8.965705
8.010089
7.164443
6.902764
6.860102
6.276947
4.621799
1.461531
-1.812701
-3.480998
-5.036761
-7.021571
-9.225593
-11.088363
-11.95808
-11.548463
-10.367089
-9.34143
-8.908927
-8.49379
-6.595057
-2.574307
0.69726
2.287251
3.084208
4.36221
6.496712
8.645353
9.636395
9.155023
7.882338
6.976668
6.932902
6.911865
4.838661
0.162093
-3.601061
-5.247374
-5.88697
-7.422257
-10.353894
-13.288654
-14.372362
-13.026071
-10.528929
-8.703901
-8.089839
-7.295101
-4.385571
-0.144027
3.09147
4.186283
4.139572
4.802642
6.901005
9.28326
9.935909
8.14822
5.6561
4.217765
4.525996
4.318412
1.727179
-1.944418
-4.11261
-3.929761
-3.004465
-3.601578
-5.803909
-7.167547
-5.689675
-2.105245
0.282585
-0.334611
-1.214166
0.63766
3.690043
5.494722
5.354038
4.597245
4.920222
6.458168
7.460891
6.482963
3.95814
1.537226
0.905639
1.617323
0.186499
-3.15102
-5.391239
-5.585015
-4.987134
-5.130547
-6.076443
-6.606674
-5.796288
-3.821715
-2.148099
-1.994288
-2.345759
-1.059572
1.466033
2.995129
3.311673
3.331903
3.769698
4.532822
4.88693
4.266716
3.114143
1.921493
1.133258
0.53155
-0.84031
-2.933536
-4.551368
-5.24611
-5.414083
-5.656874
-6.119028
-6.406149
-6.041734
-4.895618
-3.207897
-1.326388
-0.088869
0.697289
1.854538
3.199843
4.357522
5.05589
5.440526
5.729102
5.935725
5.972283
5.851205
5.617088
5.101906
3.813951
2.409213
2.175552
1.801659
0.364461
-1.787742
-3.674964
-4.293726
-3.528035
-2.49452
-2.261923
-2.442209
-1.317714
1.906023
4.241755
4.756218
4.608754
4.962764
6.470825
8.425885
9.408242
8.285092
5.742186
3.640681
3.009391
2.324595
-1.487078
-6.337316
-9.260436
-9.599876
-8.865707
-9.21112
-11.25693
-13.45992
-13.418402
-10.5314
-6.865562
-5.456866
-6.327364
-6.016073
-1.630201
4.294397
5.697356
4.47113
3.876108
6.249408
10.059924
12.072515
10.144361
6.211383
4.030138
4.819026
5.81255
3.381611
-3.305046
-6.809941
-5.922849
-4.267903
-5.90903
-10.405019
-13.781903
-13.115378
-9.169037
-6.063745
-6.722644
-8.762708
-7.639708
-1.968413
3.508277
3.842734
1.46332
1.5327
5.574177
9.448288
8.803146
4.034546
0.234366
0.344751
2.058612
1.264777
-3.317511
-8.390238
-10.096249
-8.617703
-6.828341
-7.924815
-11.409532
-13.972213
-12.721649
-8.10381
-3.906303
-4.317346
-6.72223
-5.889977
-0.755759
4.314074
4.998035
2.331127
1.379924
5.558395
10.648469
11.936084
9.132106
6.377167
6.836698
10.098536
12.91193
12.478442
8.945718
5.52493
5.380975
7.527361
8.037601
3.843685
-3.664883
-6.052963
-2.588656
0.46371
-2.450219
-7.231722
-9.094425
-6.852965
-2.034789
-0.158813
-2.205832
-2.109082
3.134071
8.156481
9.357473
7.81554
7.119568
8.93625
11.968168
13.496566
12.051892
8.718294
6.220166
6.487829
7.780201
6.193
-0.285274
-6.504309
-7.602381
-5.494316
-5.440556
-8.504981
