-0.0
-0.00011998717973492901
-0.0002365906006237281
-0.00035665847345888867
-0.000476684265796669
-0.0005967100544088095
-0.0007167357978528053
-0.0008367615179341943
-0.000956787225791055
-0.0010768129185753474
-0.0011968385960300927
-0.0014578985067555499
-0.0017153440193790766
-0.0019727896273069112
-0.0022302351014490893
-0.0024876804285828753
-0.002745125648731906
-0.0030025707397482327
-0.0032600155353586656
-0.003517460310036473
-0.0037749048254450013
-0.0036208195383633213
-0.0034665199470033247
-0.0033122053462265695
-0.0031578115546916793
-0.0030035920581491875
-0.002849138714123304
-0.0026942845883247755
-0.0025400537035367788
-0.0023861879693129716
-0.0022317608471451892
-0.0010328438991657586
0.00016532950245200963
0.0013627848620132903
0.002560680580613606
0.0037583171587673653
0.004955829762389895
0.006153537349615757
0.0073511889325414605
0.008548768661703484
0.009746302802826304
0.011952095140581645
0.014157448132551119
0.016362946258866425
0.01856839900354671
0.020773878870924214
0.022979333228428923
0.025184736120883428
0.027390167791018417
0.02959515829103368
0.031800592804685245
0.034637978531275135
0.03747623967203648
0.04031453965861956
0.043152795524489376
0.045991556480741796
0.04882977723028206
0.051668000965772426
0.054506206190313725
0.05734440337424324
0.06018266707404972
0.06373197777278751
0.06728106328013113
0.07083008745964023
0.0743791888560428
0.07792819907690983
0.08147705392962228
0.08502601777268078
0.08857505005775729
0.09212404550878339
0.09567303491365084
0.10032899688422833
0.10498474026866106
0.10964042822889018
0.11429659521806798
0.11895204674001886
0.12360769430404259
0.12826335494008306
0.13291904581741265
0.13757469712231063
0.1422309802195911
0.14779757254178755
0.1533639162483752
0.15893024055096558
0.1644965364814393
0.17006267459521385
0.17562953832881223
0.18119584357127377
0.18676215022432752
0.1923283340923478
0.1978947307312019
0.203518757375899
0.20914147124745777
0.21476423737537084
0.2203870278628483
0.2260096767202187
0.23163362066532622
0.2372562579351956
0.24287841030766794
0.24850086760262596
0.25412331064443444
0.2593587531637632
0.2646229372546248
0.26988096146318147
0.2751426874865179
0.2804125661148473
0.28567061593329623
0.2909293214038264
0.29618824507315017
0.3014472181458082
0.3067060289925329
0.3120311819683702
0.3173435923563874
0.32265593015293115
0.32796818821590046
0.33328035171736237
0.3385923462849362
0.3439042998921008
0.34921620816620225
0.3545280613759679
0.3598398185404352
0.3651467853757071
0.37045373521032154
0.37576066272623865
0.38106756679143794
0.3863744532853341
0.3916813066172811
0.3969881431958743
0.40229496747068966
0.40760178247553014
0.4129085923955912
0.41707570372508007
0.4212427973772001
0.4254098844354855
0.4295769708322158
0.4337440624540718
0.4379111510718367
0.44207823494507825
0.44624531315854893
0.45041238677414863
0.45457945785476234
0.45725462725670263
0.45994638101432106
0.4626377909841655
0.46532950334845324
0.4680212152807144
0.47071295230516697
0.4734046943555676
0.4760960791638337
0.47878786603024465
0.48147965053428743
0.4837253032839415
0.48595627091167426
0.48818681096831823
0.4904171680297333
0.4926468437199862
0.4948773951396559
0.49710813187272623
0.49933989914127197
0.5015701352632018
0.5038006102349422
0.5050436242360202
0.506283223313709
0.5075227845596288
0.5087630767954378
0.5100025987836334
0.5112421633513962
0.5124810117162969
0.5137197741073585
0.514959310999246
0.5161988447958046
0.5139748524408752
0.5117070611857107
0.5094385291946755
0.507170846116542
0.5049028168169843
0.502635154096384
0.5003666463137333
0.4980989523092362
0.4958312683149126
0.4935636747558584
0.4872103111214812
0.48080863912610505
0.47441144149903497
0.4680166924419575
0.4616194413463179
0.45522656989346105
0.44883045373940633
0.4424293799550226
0.4360326678917324
0.4296433421506271
0.4215533430776758
0.4135482582095382
0.40554373102568986
0.39753636159001693
0.3895277212262005
0.38152093976464396
0.37351423338411466
0.365507944792144
0.35750165082507823
0.3494974039158061
0.3420567481597972
0.3346243509842968
0.3271918021288968
0.31975931003976044
0.3123267947703676
0.30489443888656065
0.29746088717875896
0.2900284516946705
0.2825962465123737
0.27516407740355414
0.2677466471661582
0.2602978151649301
0.25284936706329353
0.2453994455552025
0.23795295276756012
0.23050563086722528
0.2230578484439838
0.21560940630708067
0.20816166545436604
0.2007141462561233
0.1919356578139785
0.1841735513897671
0.17662540904075694
0.16783609155048085
0.15778208803547134
0.14788384827271803
0.13906737563318794
0.1302523366047581
0.12145058937093835
0.11263416434910957
0.10339220049421824
0.09427928354719053
0.08516635169471674
0.07605346879826248
0.06694057647504796
0.05782769874287299
0.048714807262543625
0.039601944804396445
0.03048907544026206
0.021376224451140458
0.014745092472422531
0.00809304370842079
0.0014419918640088056
-0.005210679592071367
-0.011863044983948792
-0.018516691066316076
-0.025167465241455994
-0.03181448115852695
-0.03846691846353934
-0.04511934282720951
-0.048572235891710065
