-0.0
-3.139782276593208e-5
-8.842812466834149e-5
-0.00011988381395917794
-0.0001513291564796992
-0.0001827744834204535
-0.00021421978913444356
-0.0002456650516223045
-0.00027711029404694967
-0.0003085555362950897
-0.00034000076572904747
-0.0003231702488961396
-0.00033221239852473033
-0.0003412515152828444
-0.0003502927436311153
-0.00035933395343011544
-0.0003683746173937093
-0.0003774152854929571
-0.0003864559422425171
-0.0003954964801764834
-0.00040453705918875715
2.05759790447175e-5
0.00033779642185864905
0.0006555222522732242
0.0009644075734961643
0.0013018001877526143
0.0016192414074745487
0.0019386081147478326
0.0022562645801578267
0.0025739305998585173
0.002892006201061383
0.003976579973157133
0.004894766888453416
0.005808514038422553
0.006725942469928959
0.007642544602659448
0.008559874278086051
0.009477146548207272
0.010394389278806279
0.011311601718519491
0.01222879222028821
0.013644518336449233
0.01506983595738513
0.016494897255543678
0.017919926839895232
0.01934493337239706
0.02076799722321857
0.022192919034366543
0.02361780189958032
0.025034799076249437
0.026459348699081738
0.028092191230982277
0.029797720017597635
0.0315024042080917
0.03320794450611925
0.034899799158158926
0.036605718879571154
0.03831140733567399
0.04001736112474645
0.04172330159395635
0.04342695855837959
0.04544538882879381
0.04751230456672873
0.04957952476665534
0.05165198081323171
0.05372015985344417
0.055795216863691204
0.0578641550584686
0.059929058534496
0.06199863259958981
0.06407357188191999
0.06686836840128454
0.06955786321595199
0.07225851932632713
0.07494348855687617
0.07762978779205541
0.08033192800922966
0.08303207496930665
0.08573163680285707
0.08843180598888524
0.09112296823227989
0.09448901302206518
0.0977564987431615
0.10102402963452929
0.10429152039444692
0.10755902725356048
0.11080697913090327
0.11406300117684672
0.11732730090960387
0.12057501357230832
0.12381243311079436
0.12733384918779167
0.13070987938503023
0.13408126044786037
0.13745637329903376
0.14083233415311075
0.14414590403157448
0.14752111456821435
0.1509256606319604
0.15430072752359758
0.1576754720548276
0.16146534761420947
0.16466681964434493
0.16787017474699575
0.17107300633956454
0.17427916994532783
0.17748203613381713
0.1806859660411687
0.18388884094982472
0.18709285653904195
0.19029673749269752
0.1920126654680313
0.19514164600626754
0.19827057913191545
0.20139944931272002
0.20452825250208434
0.2076569864353465
0.21078569316399803
0.21391436231516298
0.2170429956920442
0.22017158630260059
0.22316122912747838
0.22615085897632725
0.22914047273104599
0.23213007087952559
0.2351196593597139
0.23810923220484137
0.24109879596789768
0.244088353149012
0.24707790650227685
0.2500674594138051
0.2524070082147186
0.2547465469481353
0.25708608182955256
0.2594256153396096
0.2617651499207508
0.26410468240062274
0.26644421239448574
0.26878373970321534
0.27112326528434916
0.2734627910832881
0.275950760692553
0.2775215735799369
0.2790185429373685
0.28058851298142984
0.2821584771154434
0.28372841926234865
0.2852983384931021
0.286899840495837
0.2884695571507226
0.2900392395737853
0.29037915263488295
0.2915933794257582
0.29277695602519505
0.29396076659086523
0.29516816906024135
0.29635090074088455
0.2975323920084284
0.29864918287636666
0.299845172272708
0.3010283731377575
0.30059153619449414
0.3009745213600983
0.3013601151981999
0.30168685501569953
0.3020731817120185
0.3024581632014793
0.302818317565859
0.3032189849362962
0.3036047063703136
0.30399045363380284
0.30190477198337823
0.300267948645331
0.29865513478087585
0.2970188169805684
0.29535918345070683
0.2937220935314071
0.2920904556099277
0.29045428149857794
0.28881710789423176
0.2871734742384209
0.28300777180521264
0.27924660483007385
0.27548676313707615
0.2716508621405622
0.2678946190914298
0.26413488993127887
0.2603702094795745
0.25660867137701443
0.25284736316534867
0.24920475549833931
0.24489387772997656
0.2404927910627523
0.23609217820586748
0.23175062066171478
0.22740743326230226
0.22300844620162805
0.21860955663653964
0.21421791803994134
0.20981920604667506
0.20536545524877645
0.20175844939123846
0.1977913755492831
0.1938506092772705
0.1899098866840075
0.18596878237270037
0.18202865215848096
0.17812493652601571
0.17419393200582783
0.17025408924859828
0.16631430201961492
0.16135421081758397
0.15730431403501097
0.15323863395362672
0.1491220092792689
0.14506839402669525
0.14101971974280256
0.13697631902602872
0.13292705419140347
0.1288781353197677
0.12482926172093582
0.1190531305634382
0.03864893224601053
-0.056677004856411986
-0.06365178166818024
0.020591041945789576
0.09339216046402261
0.08831586922417307
0.08324450481454138
0.07821228082632035
0.07313691114472731
0.07131815737564409
0.06586118411032124
0.06040591298025121
0.05494826229691179
0.049491870464298905
0.04403529999111224
0.03857968815745395
0.03312238964022881
0.027665939363013998
0.022209505439781667
0.0149224983331989
0.010831026609574754
0.006733710098165192
0.0026366274635417426
-0.0014597916911947945
-0.005259168009745418
-0.009354232543053302
-0.01344749439668602
-0.01754276239526076
-0.021638287467143916
-0.022586986955197848
