-0.0
0.000292
0.000376
-0.002553
-0.01103
-0.024209
-0.040027
-0.059201
-0.084212
-0.114463
-0.145727
-0.175358
-0.204401
-0.232151
-0.253868
-0.268396
-0.279371
-0.282971
-0.267805
-0.232956
-0.192196
-0.155693
-0.118211
-0.071207
-0.020536
0.017456
0.035943
0.041371
0.037807
0.020064
-0.015502
-0.060818
-0.102207
-0.132426
-0.155092
-0.182444
-0.220397
-0.253164
-0.261081
-0.25191
-0.248842
-0.249249
-0.225048
-0.167439
-0.105545
-0.071132
-0.058026
-0.032425
0.015893
0.056476
0.063519
0.051634
0.046614
0.039471
-0.00124
-0.076
-0.145624
-0.18334
-0.206989
-0.241272
-0.272928
-0.272646
-0.24424
-0.219545
-0.208086
-0.18186
-0.120589
-0.046084
0.007288
0.038517
0.071272
0.103264
0.100694
0.054111
0.001986
-0.017028
-0.013568
-0.03066
-0.076386
-0.101259
-0.066625
-0.003728
0.034529
0.054707
0.107938
0.202821
0.283563
0.307746
0.304631
0.326496
0.366808
0.371254
0.324538
0.274369
0.257219
0.248769
0.21051
0.15155
0.111973
0.095413
0.056824
-0.036592
-0.157475
-0.24494
-0.276926
-0.286412
-0.296565
-0.283346
-0.221991
-0.139194
-0.082765
-0.047402
0.021628
0.146533
0.281985
0.374602
0.428096
0.480225
0.529041
0.530604
0.469547
0.388897
0.32903
0.267124
0.152874
-0.013099
-0.175505
-0.2961
-0.389913
-0.473027
-0.516336
-0.489735
-0.412776
-0.33493
-0.26816
-0.172095
-0.019131
0.156919
0.3036
0.417487
0.530333
0.635607
0.692266
0.681399
0.636303
0.599485
0.561646
0.467939
0.301235
0.110224
-0.058897
-0.209466
-0.35694
-0.474643
-0.519339
-0.497457
-0.461696
-0.434905
-0.376701
-0.246994
-0.0732
0.086639
0.222644
0.366337
0.516863
0.624285
0.660388
0.661368
0.682076
0.703126
0.647549
0.485717
0.290279
0.125529
-0.041983
-0.250671
-0.447063
-0.544742
-0.546933
-0.539948
-0.566236
-0.572374
-0.495766
-0.35333
-0.208658
-0.078263
0.069253
0.237729
0.374476
0.436571
0.451279
0.475616
0.511855
0.503722
0.422885
0.311066
0.211926
0.110576
-0.020511
-0.154135
-0.230796
-0.240761
-0.238613
-0.26941
-0.308618
-0.295663
-0.220786
-0.135563
-0.069556
0.002564
0.100244
0.192842
0.2417
0.263505
0.308739
0.376481
0.403969
0.356204
0.274826
0.207383
0.137472
0.030066
-0.089946
-0.15658
-0.158171
-0.165486
-0.232603
-0.308404
-0.302663
-0.211728
-0.11278
-0.047571
0.01839
0.107921
0.169089
0.156201
0.120513
0.148557
0.242762
0.317073
0.319061
0.308581
0.356528
0.398576
0.324819
0.194336
0.181401
0.289604
0.318427
0.16665
-0.012714
-0.030898
0.065881
0.070374
-0.055802
-0.121994
-0.029242
0.047887
-0.077289
-0.306938
-0.398236
-0.319128
-0.272914
-0.364342
-0.422589
-0.272038
-0.010113
0.149986
0.207827
0.333593
0.530637
0.603221
0.442824
0.169909
-0.018188
-0.114205
-0.258
-0.463516
-0.56852
-0.477699
-0.313754
-0.240223
-0.222063
-0.104134
0.122479
0.290589
0.304111
0.271498
0.326685
0.424268
0.428
0.344088
0.31198
0.350816
0.302033
0.043113
-0.323132
-0.590327
-0.716905
-0.838391
-1.014813
-1.115164
-1.019468
-0.80244
-0.61818
-0.470412
-0.219183
0.180001
0.554865
0.731108
0.755875
0.815334
0.942688
1.00086
0.926552
0.845819
0.864737
0.870362
0.696846
0.372005
0.080844
-0.098212
-0.290471
-0.598682
-0.911631
-1.07253
-1.0996
-1.108527
-1.089348
-0.913067
-0.552062
-0.143904
0.195797
0.462048
0.701881
0.912066
1.043556
1.101833
1.140374
1.180646
1.134814
0.914083
0.592669
0.323939
0.126341
-0.087532
-0.343824
-0.563171
-0.696723
-0.809369
-0.960515
-1.102168
-1.100781
-0.923171
-0.696288
-0.545239
-0.408729
-0.15146
0.197851
0.496346
0.723405
0.933376
1.133183
1.231969
1.121932
0.85142
0.582287
0.380308
0.146893
-0.176487
-0.46726
-0.614104
-0.690811
-0.804143
-0.900599
-0.852667
-0.653285
-0.422619
-0.272569
-0.166831
0.045448
0.342322
0.556324
0.670032
0.828287
1.070163
1.235608
1.195869
1.025638
0.877622
0.821353
0.753848
0.557781
0.287079
0.040593
-0.189228
-0.477608
-0.782033
-0.91406
-0.822007
-0.629208
-0.477759
-0.36982
-0.144279
0.265088
0.647405
0.872085
1.056491
1.316492
1.492355
1.458604
1.281094
1.081953
0.917657
0.754289
0.503606
0.191945
-0.094465
-0.364244
-0.672193
-0.976342
-1.102376
-1.009887
-0.864445
-0.736588
-0.570742
-0.290725
0.098012
0.489241
0.86754
1.28216
1.75068
2.108095
2.175081
1.935908
1.640962
1.390534
1.000003
0.393353
-0.261181
-0.751606
-1.14503
-1.682085
-2.422881
-3.135493
-3.603367
-3.797533
-3.804528
-3.740451
-3.672323
-3.552755
-3.26842
-2.793729
-2.178302
-1.417427
-0.538495
0.338736
1.193717
1.746804
1.916644
1.866097
1.760044
1.43347
0.787225
0.014202
-0.643886
-1.211073
-1.892202
-2.729222
-3.524847
-4.095008
-4.366972
-4.370519
-4.231163
-4.075148
-3.872654
-3.446968
-2.689414
-1.809587
-0.983308
-0.130809
0.835795
1.846238
2.714573
3.326057
3.697638
3.941909
4.134026
4.254153
4.222985
3.993609
3.59401
3.064803
2.438202
1.726854
1.018752
0.181807
-0.790128
-1.618825
-2.183477
-2.472533
-2.587277
-2.69278
-2.772296
-2.484134
-1.599096
-0.390514
0.515532
1.166495
1.896243
2.744415
3.419765
3.645374
3.414279
3.123335
3.124912
3.231551
2.911997
1.697213
0.140634
-0.828847
-1.461322
-2.35234
-3.655983
-4.96825
-5.750205
-5.928558
-5.888348
-6.101679
-6.580491
-6.783727
-6.136687
-4.517358
-2.43355
-0.658019
0.658225
2.131631
3.689657
5.172737
6.130797
6.40308
6.270387
6.181938
6.304327
6.362586
5.901541
4.73372
3.137753
1.545037
0.250995
-0.85345
-2.44256
-4.087543
-5.094891
-5.227884
-4.735062
-4.121997
-3.700492
-3.307059
-2.485425
-0.789508
1.570367
2.81436
3.345141
3.74474
4.340277
5.1242
5.741411
5.82822
5.382587
4.763732
4.339478
4.122298
3.723655
2.682408
0.711495
-1.734705
-2.931351
-3.732595
-4.79705
-6.168851
-7.446606
-8.120023
-7.997132
-7.38107
-6.798959
-6.547646
-6.31362
-5.455101
-3.530696
-0.909056
0.587944
0.999184
1.537105
2.742446
4.054633
4.60636
4.098334
3.153812
2.609979
2.744276
2.883634
1.982305
-0.321365
-2.134875
-2.197614
-2.053078
-2.90439
-4.404583
-5.357285
-5.017338
-3.720717
-2.538243
-2.140338
-2.031262
-1.026033
1.270438
3.595509
4.23186
3.96523
3.83871
4.273586
4.943013
5.123332
4.371719
2.994954
1.831574
1.376216
1.171536
0.225799
-1.860062
-3.825323
-4.272851
-3.98069
-3.98298
-4.540649
-5.013686
-4.682507
-3.445566
-1.848634
-0.610194
0.058878
0.725479
2.111819
4.0369
5.098523
5.111239
4.637931
4.300367
4.309744
4.309335
3.75688
2.403799
0.683358
-0.743001
-1.561824
-2.176942
-3.489452
-5.121871
-6.05117
-6.025578
-5.504379
-5.045352
-4.852889
-4.649571
-3.971372
-2.66478
-0.881835
0.655228
1.350329
2.033504
3.082989
3.955882
4.474683
4.427247
3.923902
3.305414
2.886455
2.78022
2.469401
1.473677
0.058487
-0.753904
-0.62001
-0.768731
-1.775959
-2.758357
-2.87997
-2.032695
-1.109837
-1.073732
-1.541815
-1.474747
-0.470652
0.67172
0.897574
0.560583
0.886047
2.042015
2.848608
2.846511
2.326797
2.049824
2.441427
2.909622
2.760683
1.989636
1.0268
0.286041
-0.162868
-0.875864
-2.283984
-3.502871
-4.026369
-3.923527
-3.532039
-3.216778
-3.061941
-2.777843
-1.972623
-0.516649
1.115074
2.032872
2.549386
3.120474
3.830448
4.489703
4.792387
4.600434
4.048811
3.625831
3.584073
3.567947
2.871406
1.223491
-0.733462
-1.812301
-2.100598
-2.882234
-4.363412
-5.633459
-5.884145
-4.971795
-3.658584
-3.097603
-3.458874
-3.597646
-2.157432
0.809169
2.37004
2.197957
1.869501
2.323273
3.360088
4.026833
3.499618
2.034351
1.020257
1.283961
1.812924
0.958961
-1.377719
-2.809152
-2.852216
-2.547248
-2.767303
-3.609145
-4.229522
-4.088467
-3.344271
-2.858849
-3.236086
-3.865486
-3.875648
-3.213572
-2.322432
-1.296746
-0.949334
-0.89281
-0.587083
0.112023
0.564286
0.403935
0.051141
0.076485
0.550521
0.706723
0.117894
-0.803238
-1.177886
-0.889696
-1.035185
-1.812848
-2.513229
-2.682608
-2.700664
-3.102566
-3.953356
-4.443247
-3.950986
-2.91269
-2.337206
-2.221338
-1.201266
0.274994
1.362142
1.649332
1.568337
2.103842
3.183398
3.971255
3.876291
3.466381
3.603589
4.520455
5.56145
5.778601
5.343629
4.849332
4.494713
3.854088
2.678155
1.267706
-0.155698
-1.721395
-2.835737
-3.053181
-3.129836
-3.881145
-4.449393
-3.771692
-2.838046
-2.653583
-2.887628
-2.660612
-1.992379
-1.371023
-1.043885
-0.904579
-0.884613
-0.697736
-0.221693
0.358341
0.623967
0.504041
0.377414
0.437815
0.530165
0.417479
-0.18271
-0.381017
-0.175427
0.041228
-0.025543
-0.416158
-0.735107
-0.65895
-0.45092
-0.653772
-1.299389
-1.782941
-1.621342
-0.898401
-0.933866
-1.652202
-2.358532
-2.284405
-1.657896
-1.227173
-1.512102
-1.949859
-1.764936
-1.050748
-0.850348
-1.868907
-2.630285
-1.224343
1.13024
2.19478
1.754448
1.349302
