-0.0
27.3754606684021
27.375362197957852
27.37532954793657
27.37529838997716
27.375267231633032
27.375236072746937
27.375204913355116
27.3751737534525
27.37514259304153
27.37511143213484
27.37546141346165
27.37574237304588
27.37602333074506
27.376304285118607
27.376585236272156
27.376866184059878
27.377147128315915
27.37742806898467
27.377709005573575
27.377989938727993
27.379658654969788
27.38165354638919
27.38364848239427
27.385627649484213
27.38760785518812
27.38960259339391
27.39159870313216
27.393593386754183
27.39558772131457
27.39758228579729
27.403248475052457
27.40900901153602
27.41477060105605
27.420528444445083
27.426286879756308
27.43204390409108
27.437800608563567
27.443557136117363
27.449313474523354
27.45506972838258
27.46565587056427
27.47603720301779
27.48641809010153
27.49679870229558
27.50717909471148
27.51756006748187
27.52794016105852
27.538320007906847
27.548705746195225
27.559086651704703
27.572484069425762
27.585507851685954
27.59853417594664
27.611556612761746
27.624590554078296
27.63761365716802
27.650636409531913
27.663659285407295
27.676682002398167
27.689707834206626
27.701126212635092
27.712469811249765
27.723813678545536
27.735153103788733
27.74649737705175
27.757833326442483
27.769176783832435
27.780522897710963
27.791868265444958
27.803209960685138
27.8090188559671
27.814969628450225
27.820884044586737
27.826809982904123
27.832730897511937
27.838651742686285
27.844565915411863
27.850479254156816
27.856393299511552
27.862318714311606
27.862367460175015
27.862455080411888
27.862542535260353
27.862629890466025
27.862716995093628
27.862822102256672
27.862922326562018
27.86301326392718
27.8631108832728
27.86321548905533
27.860128565584432
27.85719920230463
27.854274536351653
27.851349385213084
27.848425127776224
27.845524675441162
27.84259621920722
27.839647097594227
27.83671841130124
27.8337890568658
27.830072440832254
27.82710837433327
27.82416748681964
27.8212051238321
27.8182407573912
27.815276636696378
27.812312998973447
27.809350373568808
27.80638591579134
27.80342096358897
27.80230716808233
27.799887445693443
27.797467308528624
27.795046572399585
27.792625308767914
27.790203411440974
27.787781194328264
27.78535850640661
27.782935337441135
27.780511594207084
27.77708641220642
27.773660971902636
27.770235205206042
27.76680913109679
27.763382901311182
27.759956273017757
27.75652946825372
27.75310247496449
27.74967520646284
27.74624759511812
27.740459452422428
27.734671245206524
27.72888300225599
27.7230946309482
27.717306038215202
27.711517363215115
27.70572862033983
27.69993982559386
27.694150967370835
27.68836202267887
27.67884894048906
27.671131570537437
27.66344892649044
27.655731682229877
27.648014523998775
27.64029737094669
27.63258009083191
27.624825798201705
27.617108584004622
27.60939137821465
27.602596808023293
27.594873243052987
27.58716336889695
27.579452832118463
27.571783998884854
27.564082101422375
27.55634582219655
27.548500170042615
27.54082303431433
27.533112418914232
27.527367105158376
27.52135704945576
27.515344844251572
27.509370306458443
27.50336554970501
27.497357970866766
27.49132713792902
27.485357218315244
27.479345827611873
27.473334447650636
27.468855940662472
27.464562653894127
27.460307292160387
27.45601091774909
27.451715958513645
27.447421838992707
27.443137346436636
27.43885233939423
27.43455904638478
27.430271693690518
27.425737638054457
27.42129986888288
27.41686234175559
27.41236510334111
27.40794079536482
27.40351367481485
27.399076647354065
27.394636501458862
27.390198038693992
27.385853246614612
27.378849510044947
27.371679706823848
27.364507919284634
27.35739814122065
27.350269480419637
27.343098252838985
27.335926953760083
27.328765525141463
27.32159201009052
27.31438585554011
27.303769961325642
27.292829995283917
27.281903294129048
27.270976533523832
27.260050714999316
27.249122630424942
27.238224543693843
27.227308205124373
27.21638126615504
27.20545422079843
27.192596793540734
27.18032169466942
27.168032015477642
27.155706500997677
27.143421653876665
27.131147301280322
27.118880389445255
27.106604551914298
27.094329468082613
27.082055495697748
27.072745955269777
27.08996113559818
27.10917642278922
27.10140340522579
27.065537660689383
27.030554429639732
27.022166515188545
27.013769455610984
27.005419124853404
26.99703267396387
27.000016686917512
27.00027641640188
27.00053562648941
27.000795558889948
27.00105493799876
27.00131438009019
27.001573467694076
27.001833078486925
27.002092406669043
27.002351677924015
27.009058282785315
27.01854609457602
27.028028087986243
27.037509652429836
27.046991619570356
27.05667299923232
27.066155572430986
27.075636936111035
27.085117834191514
27.0945986839529
27.10975069448002
