0.0
-0.001115
-0.003505
-0.00207
0.009051
0.029526
0.055875
0.088823
0.132046
0.183725
0.235933
0.284758
0.334069
0.383331
0.422014
0.446999
0.467699
0.479199
0.458138
0.398737
0.324388
0.255372
0.186211
0.104335
0.019709
-0.042067
-0.073958
-0.089573
-0.091884
-0.064421
0.003597
0.096086
0.182414
0.240969
0.270436
0.295701
0.343609
0.400226
0.429766
0.434849
0.444799
0.446895
0.390671
0.268784
0.144738
0.084164
0.078147
0.057712
-0.010354
-0.082316
-0.112586
-0.117948
-0.129845
-0.119755
-0.029094
0.131675
0.274159
0.338805
0.36122
0.399671
0.443041
0.444283
0.408094
0.382958
0.374994
0.327072
0.205453
0.059547
-0.039717
-0.089763
-0.141295
-0.197284
-0.194739
-0.109916
-0.007421
0.040527
0.042622
0.070026
0.143208
0.182803
0.124099
0.022897
-0.031071
-0.058389
-0.156986
-0.339776
-0.496794
-0.542034
-0.524754
-0.544659
-0.600671
-0.603896
-0.530003
-0.459175
-0.44258
-0.424949
-0.340666
-0.222558
-0.159455
-0.16196
-0.137115
-0.002309
0.217183
0.415104
0.528014
0.580114
0.587462
0.508904
0.332066
0.149506
0.076383
0.093024
0.05501
-0.128939
-0.401313
-0.645784
-0.816234
-0.930393
-0.969781
-0.884686
-0.705023
-0.557503
-0.521682
-0.514809
-0.383713
-0.087108
0.271479
0.577089
0.799107
0.932216
0.932419
0.791278
0.603282
0.491644
0.463289
0.390024
0.161948
-0.184122
-0.526467
-0.801077
-1.014665
-1.146999
-1.155707
-1.064148
-0.976996
-0.975157
-1.005917
-0.911702
-0.622036
-0.225876
0.154882
0.475176
0.730171
0.876247
0.871153
0.776084
0.719967
0.738879
0.717709
0.533674
0.210418
-0.133566
-0.438053
-0.71658
-0.950383
-1.06682
-1.056462
-1.027574
-1.097845
-1.219202
-1.205709
-0.954746
-0.57835
-0.211589
0.158341
0.556461
0.867924
0.957275
0.8796
0.836122
0.9143
0.994319
0.925064
0.703448
0.4232
0.127506
-0.198371
-0.518107
-0.720176
-0.749277
-0.702028
-0.724267
-0.831088
-0.89355
-0.813393
-0.626643
-0.403512
-0.146758
0.144818
0.383939
0.460059
0.390372
0.322726
0.373949
0.502172
0.563526
0.488375
0.332177
0.149061
-0.065609
-0.288008
-0.425245
-0.41852
-0.355054
-0.395148
-0.567518
-0.72721
-0.740657
-0.618296
-0.42969
-0.188491
0.094099
0.313627
0.343812
0.2138
0.132606
0.261063
0.505458
0.63673
0.558683
0.350845
0.101332
-0.172865
-0.413076
-0.464455
-0.27032
-0.025684
-0.000284
-0.246906
-0.556803
-0.713856
-0.72588
-0.711869
-0.627705
-0.365348
-0.104773
-0.187238
-0.562762
-0.752681
-0.480528
-0.021902
0.192913
0.127074
0.078318
0.137671
0.060776
-0.213212
-0.305476
0.087585
0.676265
0.905512
0.680743
0.438125
0.482272
0.588807
0.443307
0.146615
-0.029008
-0.172552
-0.583697
-1.160868
-1.404878
-1.037318
-0.332489
0.220293
0.480675
0.654526
0.830461
0.845795
0.641555
0.460281
0.513851
0.605123
0.362204
-0.207865
-0.686205
-0.774835
-0.621798
-0.52574
-0.52536
-0.482849
-0.444416
-0.603571
-0.877028
-0.858678
-0.291366
0.568514
1.216536
1.470129
1.563688
1.696111
1.747603
1.581325
1.34229
1.218523
1.079618
0.584091
-0.317457
-1.188326
-1.574844
-1.506164
-1.379408
-1.384685
-1.397486
-1.355385
-1.432481
-1.69106
-1.795233
-1.386638
-0.592622
0.093701
0.407064
0.569403
0.883831
1.307255
1.633944
1.882582
2.151922
2.270485
1.90241
1.011324
0.010561
-0.713329
-1.07679
-1.232834
-1.347351
-1.476356
-1.676554
-1.985822
-2.292172
-2.294385
-1.780795
-0.946752
-0.247559
0.136677
0.335867
0.500854
0.661175
0.867048
1.243763
1.782155
2.225177
2.218314
1.7033
1.033667
0.612015
0.438228
0.233011
-0.100702
-0.484743
-0.980884
-1.63569
-2.28285
-2.58051
-2.268394
-1.480158
-0.694608
-0.241106
0.004123
0.259644
0.508127
0.717662
1.051281
1.572084
1.961008
1.847998
1.231243
0.496749
0.067716
-0.018941
-0.09002
-0.29369
-0.5296
-0.844776
-1.427092
-2.146987
-2.53205
-2.305667
-1.67804
-1.132617
-0.977482
-1.066176
-1.075624
-0.877185
-0.488659
0.129618
0.998147
1.816022
2.069469
1.664512
0.974936
0.484111
0.323092
0.190866
-0.187355
-0.6712
-1.149388
-1.788418
-2.58012
-3.02461
-2.835055
-2.192917
-1.521963
-1.120749
-0.990877
-0.89918
-0.679757
-0.288023
0.37129
1.282733
2.123899
2.398795
2.009014
1.398506
0.942613
0.664131
0.412552
0.07926
-0.36189
-1.021065
-2.007564
-3.201144
-4.095655
-4.259552
-3.63339
-2.759634
-2.048616
-1.332285
-0.474954
0.33366
0.900636
1.460512
2.495027
4.051909
5.546324
6.463477
6.729097
6.53763
6.179777
5.908218
5.686806
5.332042
4.791317
4.059271
2.923687
1.249577
-0.735509
-2.667815
-3.771652
-3.923425
-3.47633
-2.899238
-2.141588
-1.109456
-0.080144
0.730497
1.536879
2.782473
4.502191
6.175621
7.333326
7.793237
7.623319
7.114049
6.627535
6.219033
5.63032
4.671798
3.480649
2.163263
0.565718
-1.347969
-3.330575
-4.959509
-5.993524
-6.500702
-6.733795
-6.90422
-7.05267
-7.068824
-6.835852
-6.334766
-5.564491
-4.513691
-3.102127
-1.405849
0.41846
2.035139
3.038524
3.542546
3.77613
4.02662
4.552507
5.183316
5.057617
3.577708
1.120087
-1.035263
-2.486828
-3.752102
-5.079237
-6.0125
-6.136344
-5.576255
-5.092373
-5.320523
-5.838533
-5.623193
-3.633502
-0.558224
1.534562
2.813363
4.358902
6.486438
8.520661
9.607331
9.730398
9.658038
10.258064
11.495615
12.266057
11.358441
8.478269
4.53498
0.944845
-1.669375
-4.033062
-6.628906
-9.066248
-10.602244
-10.991622
-10.763692
-10.712063
-11.095631
-11.3515
-10.603906
-8.494759
-5.50981
-2.349756
0.296131
2.058406
4.573346
7.286646
8.907601
9.061167
8.207421
7.234894
6.674146
6.136662
4.712784
1.575043
-2.841245
-5.143775
-5.995996
-6.574581
-7.520554
-8.824619
-9.871416
-10.015252
-9.255751
-8.23117
-7.578725
-7.309148
-6.706493
-4.923278
-1.396356
3.049884
5.15773
6.465644
8.237205
10.555078
12.697346
13.777017
13.512685
12.45059
11.530683
11.29427
11.099035
9.641108
6.062952
1.121046
-1.590421
-2.111605
-2.838049
-4.847895
-7.090627
-8.007078
-7.093432
-5.448371
-4.564503
-4.923173
-5.248285
-3.562701
0.741424
4.028395
3.967196
3.451238
4.868011
7.603155
9.402321
8.897514
6.681091
4.668752
4.066245
3.900697
1.987799
-2.285988
-6.533877
-7.632706
-7.003517
-6.667539
-7.401366
-8.606017
-8.971821
-7.665965
-5.231239
-3.177134
-2.391349
-2.043496
-0.365412
3.319103
6.81933
7.505017
6.844913
6.785679
7.904063
8.897262
8.367497
6.152569
3.260828
1.02572
-0.098017
-1.139536
-3.527505
-7.042522
-8.989965
-9.034195
-8.211777
-7.631866
-7.6616
-7.64484
-6.624544
-4.164157
-1.033556
1.513305
2.74687
3.563263
5.864102
8.84515
10.511619
10.44983
9.49361
8.703013
8.433943
8.098502
6.819805
4.39262
1.228317
-1.216033
-2.077175
-3.260021
-5.311671
-7.023651
-8.081165
-8.010117
-7.045539
-5.799065
-4.867338
-4.470258
-3.830536
-2.133705
0.076397
1.04034
0.535316
0.996938
3.267826
5.411048
5.744752
3.95105
1.773525
1.260139
1.990378
2.093595
0.822604
-0.62889
-0.662848
-0.189348
-1.344548
-3.964143
-5.590613
-5.415247
-4.055099
-3.042698
-3.492164
-4.482474
-4.693067
-3.915539
-2.728456
-1.570279
-0.320534
1.850951
4.915867
7.091954
7.60446
6.781476
5.507715
4.749378
4.777534
4.929221
4.222619
2.037254
-1.061774
-3.414833
-4.880841
-6.054959
-7.223928
-8.066036
-8.169918
-7.453131
-6.369333
-5.82964
-6.180139
-6.65911
-5.779299
-2.852844
1.008548
3.594156
4.456328
5.741877
8.027928
9.88189
9.915389
8.026212
5.616343
4.943826
6.193269
6.978498
4.601232
-1.103248
-4.586143
-4.489255
-3.820058
-4.444012
-6.03061
-6.882319
-5.683373
-3.045087
-1.419402
-2.340126
-3.769813
-2.450461
1.993224
5.173993
5.523317
4.947613
5.11702
6.276299
6.987692
6.412322
5.025209
4.402984
5.477399
7.017569
7.17865
5.906906
4.02766
1.736957
0.92694
0.892232
0.629726
-0.236726
-0.743031
-0.363123
0.155562
-0.190387
-1.448437
-1.894487
-0.722033
1.265302
2.500613
2.031888
2.003892
2.971971
3.82235
3.912869
4.002803
5.053577
7.128241
8.357939
7.549855
5.452954
4.10886
3.471232
1.352677
-1.074926
-2.553552
-2.57855
-2.193796
-3.18522
-5.28245
-6.931897
-6.828031
-6.020279
-6.163397
-7.656105
-9.325513
-9.668305
-9.069423
-8.472858
-8.296075
-7.507919
-5.325694
-2.407778
0.750313
4.165475
6.075604
5.822232
5.17692
6.080077
7.017728
5.877982
4.539584
4.665944
5.540537
5.174628
3.399016
1.779555
0.923756
0.819303
1.320808
1.564776
1.060068
-0.010806
-0.894304
-1.422372
-1.695343
-1.72717
-1.438142
-0.297344
1.591995
1.977054
1.089813
-0.450005
-1.196331
-0.510192
0.550291
1.320116
1.786956
2.334164
3.013155
2.836935
1.804565
0.334896
0.748934
2.709138
4.625063
4.77468
3.485203
2.259006
2.202593
2.498823
1.950872
0.917745
1.351526
4.133843
6.182181
3.580302
-1.631222
-4.530198
-4.16481
-3.194416
