-24.0
-23.999717
-24.002149
-24.019686
-24.070202
-24.161178
-24.275307
-24.374754
-24.426578
-24.427319
-24.401637
-24.375722
-24.354402
-24.324264
-24.273435
-24.205787
-24.138158
-24.085416
-24.047781
-24.008897
-23.946023
-23.850215
-23.742655
-23.669242
-23.671514
-23.754671
-23.881026
-23.996054
-24.064816
-24.091473
-24.111679
-24.166305
-24.272381
-24.405836
-24.509939
-24.532895
-24.469182
-24.366517
-24.28919
-24.270413
-24.294003
-24.31292
-24.280682
-24.173931
-24.005138
-23.826223
-23.709565
-23.70378
-23.796221
-23.921049
-24.010865
-24.045663
-24.058396
-24.102217
-24.213352
-24.390911
-24.593334
-24.751414
-24.802384
-24.731021
-24.583945
-24.438378
-24.348072
-24.310865
-24.279546
-24.198965
-24.041407
-23.826626
-23.619327
-23.49658
-23.497714
-23.596192
-23.722875
-23.823592
-23.895666
-23.968944
-24.061717
-24.163381
-24.250278
-24.302611
-24.304772
-24.245629
-24.133194
-24.004182
-23.902717
-23.843006
-23.799719
-23.739121
-23.653879
-23.564817
-23.498925
-23.476045
-23.509714
-23.601955
-23.728946
-23.842364
-23.900687
-23.903294
-23.889107
-23.902636
-23.964367
-24.067067
-24.184408
-24.274999
-24.292943
-24.217684
-24.080273
-23.949737
-23.882152
-23.880279
-23.901903
-23.900747
-23.856627
-23.778704
-23.697734
-23.656431
-23.686528
-23.774452
-23.854308
-23.857849
-23.780422
-23.692803
-23.681134
-23.774315
-23.926994
-24.060632
-24.113456
-24.068151
-23.959754
-23.86314
-23.848329
-23.9252
-24.022994
-24.044017
-23.946759
-23.780539
-23.643808
-23.610746
-23.687909
-23.818571
-23.916447
-23.913905
-23.808222
-23.673479
-23.614532
-23.689558
-23.866245
-24.047418
-24.140472
-24.111778
-23.997668
-23.87611
-23.819956
-23.850324
-23.918509
-23.937431
-23.851594
-23.687262
-23.537505
-23.494806
-23.591716
-23.785739
-23.985543
-24.099505
-24.08521
-23.981125
-23.890573
-23.911431
-24.055465
-24.232027
-24.315658
-24.244104
-24.055689
-23.864261
-23.784944
-23.860822
-24.032321
-24.164527
-24.129472
-23.90243
-23.595511
-23.387754
-23.39121
-23.579278
-23.816991
-23.955304
-23.937637
-23.826099
-23.752456
-23.831453
-24.08279
-24.40632
-24.633081
-24.634012
-24.409804
-24.090652
-23.862512
-23.841458
-23.995667
-24.166101
-24.169021
-23.917487
-23.485929
-23.075072
-22.896061
-23.019558
-23.351169
-23.678667
-23.806011
-23.698835
-23.512175
-23.481298
-23.74886
-24.251434
-24.749422
-24.980137
-24.842634
-24.450127
-24.059284
-23.911765
-24.069208
-24.373551
-24.553323
-24.404863
-23.92975
-23.341782
-22.940044
-22.924427
-23.255485
-23.691647
-23.913871
-23.747458
-23.29774
-22.892045
-22.862341
-23.314777
-24.067168
-24.75175
-25.043731
-24.855247
-24.381899
-23.969477
-23.89152
-24.167437
-24.554079
-24.711355
-24.422101
-23.729747
-22.920002
-22.374379
-22.310614
-22.668559
-23.166208
-23.427033
-23.277793
-22.872032
-22.571812
-22.67924
-23.269318
-24.160479
-24.992917
-25.431564
-25.380709
-25.003332
-24.657103
-24.632783
-24.931252
-25.266007
-25.274933
-24.796985
-23.942739
-23.053619
-22.54644
-22.632742
-23.238614
-24.007722
-24.489646
-24.462839
-24.064186
-23.653792
-23.535272
-23.760985
-24.13879
-24.387887
-24.320883
-23.964989
-23.564965
-23.437977
-23.743708
-24.339504
-24.861442
-24.980795
-24.647492
-24.08476
-23.63778
-23.576565
-23.946059
-24.539436
-24.996756
-25.03546
-24.637556
-24.068805
-23.704348
-23.729726
-24.03713
-24.348948
-24.402742
-24.116513
-23.62833
-23.230769
-23.197746
-23.597521
-24.207945
-24.627688
-24.583675
-24.123728
-23.544274
-23.166015
-23.155948
-23.470546
-23.876701
-24.093431
-23.955558
-23.551744
-23.198791
-23.209076
-23.624285
-24.192796
-24.565035
-24.53246
-24.097866
-23.537563
-23.227212
-23.411372
-24.036539
-24.741915
-25.06435
-24.823356
-24.159182
-23.50952
-23.284718
-23.60289
-24.281249
-24.883273
-25.016809
-24.571233
-23.777297
-23.101334
-22.952873
-23.361035
-24.019411
-24.44671
-24.374246
-23.861301
-23.254114
-22.987695
-23.310447
-24.133002
-25.039354
-25.499209
-25.293184
-24.54857
-23.732328
-23.359314
-23.597104
-24.300613
-25.001957
-25.233995
-24.851088
-24.059981
-23.344386
-23.141195
-23.535861
-24.188654
-24.534652
-24.243747
-23.369506
-22.411908
-21.94615
-22.204564
-23.121595
-24.217865
-24.856348
-24.741133
-24.031549
-23.284656
-23.038444
-23.443667
-24.299416
-25.012946
-25.100975
-24.461097
-23.410277
-22.6019
-22.465362
-23.014249
-23.878812
-24.393604
-24.18631
-23.321163
-22.284003
-21.66608
-21.724793
-22.419085
-23.33056
-23.7911
-23.526658
-22.794502
-22.249879
-22.339305
-23.157221
-24.478633
-25.62704
-26.083558
-25.753127
-24.843617
-24.032305
-23.90536
-24.492761
-25.301112
-25.621051
-25.141758
-23.90758
-22.374737
-21.262894
-20.854845
-21.095321
-21.657553
-21.934585
-21.557799
-20.760267
-20.13068
-20.088471
-20.845093
-22.380558
-24.412424
-26.201439
-27.260228
-27.624628
-27.600391
-27.747751
-28.494742
-29.693305
-30.963113
-31.931033
-32.360048
-32.171105
-31.421184
-30.299906
-29.139612
-28.350741
-28.177965
-28.29461
-28.129515
-27.310077
-25.692725
-23.5036
-21.840624
-21.266944
-21.786491
-23.195921
-25.002514
-26.352429
-27.043869
-27.263125
-27.522353
-28.363524
-29.731509
-31.218554
-32.383843
-32.920489
-32.696973
-31.729232
-30.187457
-28.373513
-26.731721
-25.603813
-24.724799
-23.49521
-21.521904
-18.886904
-16.136392
-13.736209
-12.0012
-11.051727
-10.807269
-11.065135
-11.567984
-12.044244
-12.323866
-12.4901
-12.873157
-13.873639
-15.753379
-18.484276
-21.831379
-24.797055
-26.471217
-27.020955
-26.949469
-26.910506
-27.300141
-28.009101
-28.533971
-28.292689
-26.909236
-24.281287
-20.851348
-18.215955
-16.657698
-16.102915
-16.287709
-16.757256
-17.060742
-17.118497
-17.220537
-17.847579
-19.4997
-22.602292
-26.958366
-31.407256
-35.109518
-37.76534
-39.341139
-40.134481
-40.654124
-41.289675
-42.088542
-42.798991
-43.028429
-42.357315
-40.472942
-37.273842
-32.892734
-27.527062
-21.471815
-17.127732
-14.197882
-12.292645
-10.844423
-9.484968
-8.242432
-7.374948
-7.199137
-7.920295
-9.570308
-12.100391
-15.452916
-19.586722
-24.535151
-28.505551
-31.208784
-32.903085
-33.964123
-34.772807
-35.272673
-35.16954
-34.232311
-32.417517
-29.777051
-26.509526
-22.565025
-18.791511
-15.527666
-13.115899
-11.573821
-10.754818
-10.342936
-9.995631
-9.661664
-9.612619
-10.167661
-11.497806
-13.634317
-16.615508
-20.346071
-25.085072
-29.573386
-32.882879
-35.160596
-36.473274
-37.169705
-37.677111
-38.137559
-38.348189
-37.989582
-36.80679
-34.747107
-31.888649
-28.320053
-23.962055
-19.681105
-16.637685
-14.749778
-13.86344
-13.584577
-13.396068
-13.076555
-12.991072
-13.438147
-14.55496
-16.458768
-18.880473
-21.904604
-25.665496
-29.404674
-32.254809
-34.224749
-35.339141
-35.872465
-36.145121
-36.085385
-35.46312
-34.103758
-31.94499
-29.181965
-26.218755
-22.994827
-19.675462
-16.538605
-14.134999
-12.65949
-12.067005
-12.080598
-12.41327
-13.01022
-14.039384
-15.683102
-17.979939
-20.667274
-23.498181
-26.543102
-29.795815
-32.895572
-35.19935
-36.49699
-36.814988
-36.434294
-35.68416
-34.689487
-33.241279
-31.188353
-28.551064
-25.384891
-21.87747
-18.47855
-15.40531
-13.097635
-11.903457
-11.926667
-12.933741
-14.555595
-16.129594
-17.436383
-19.04955
-21.209995
-23.926827
-27.116191
-30.050075
-32.410521
-34.059736
-34.818097
-34.583752
-33.494901
-31.856524
-30.256066
-29.338685
-28.433043
-26.730841
-24.252961
-20.748639
-17.696742
-15.400532
-13.969941
-13.379538
-13.661942
-14.636458
-16.039187
-17.496298
-18.416618
-18.838171
-19.718865
-21.391916
-24.312797
-27.46993
-29.826464
-31.079794
-31.304184
-30.692733
-29.52653
-28.169911
-27.311205
-27.569781
-28.294688
-28.211724
-27.026981
-24.408479
-21.219433
-18.900528
-17.676801
-17.408712
-17.789098
-18.497419
-19.104037
-19.035346
-18.190335
-17.552916
-18.087548
-20.010795
-23.484648
-27.764872
-30.802327
-32.529093
-32.978512
-32.486665
-31.519691
-30.663745
-30.339329
-30.480842
-30.445394
-29.347799
-26.766496
-22.560756
-18.316098
-15.304488
-13.743667
-13.614326
-14.495432
-15.630088
-16.232555
-16.100569
-15.431854
-14.754758
-14.768904
-16.086138
-19.086096
-23.521151
-27.963514
-30.959007
-32.324908
-32.184246
-31.221215
-30.545867
-30.553999
-30.780586
-30.782857
-30.1475
-28.400719
-25.035416
-20.438375
-16.215393
-13.530381
-12.53465
-13.20626
-14.930017
-16.573274
-17.16996
-17.223228
-17.545201
-18.563378
-20.817664
-24.720913
-29.401834
-33.585402
-36.432153
-37.581262
-36.946317
-35.164067
-33.215465
-32.423669
-33.117928
-34.109637
-34.573151
-34.057501
-32.213317
-29.045539
-24.69692
-20.371862
-18.035665
-17.447537
-18.143711
-19.74008
-20.578745
-19.673281
-17.971925
-17.000948
-17.100093
-18.782819
-22.182157
-26.822841
-30.485443
-32.547647
-33.019277
-32.405297
-31.366824
-30.962101
-32.369235
-34.763108
-36.488532
-36.919877
-35.502924
-32.302686
-27.670269
-22.327131
-18.737719
-17.294243
-17.263752
-17.969191
-19.102631
-18.738978
-16.890226
-15.283534
-14.561515
-15.266762
-17.42527
-20.413789
-23.230123
-25.098922
-25.879967
-25.850144
-25.61319
-25.703731
-26.812018
-29.596033
-32.587245
-34.290823
-34.433292
-33.007042
-30.358875
-27.637772
-25.756906
-24.719488
-24.549107
-24.798372
-24.842305
-24.195457
-22.031969
-18.940946
-17.010482
-16.368519
-16.943436
-18.14201
-18.900989
-18.571463
-17.858112
-17.714897
-18.249786
-19.395218
-21.102491
-23.533186
-25.864226
-28.109972
-28.618093
-28.542069
-27.899524
-27.333721
-27.696857
-27.952775
-27.611542
-26.816959
-25.277955
-23.834541
-22.559097
-21.179871
-20.008263
-19.528921
-19.38919
-19.455741
-19.417362
-19.026251
-18.885598
-19.538422
-20.967697
-23.067212
-24.51452
-25.607628
-26.45728
-27.419343
-27.728968
-27.717207
-27.72207
