-0.0
4.8e-5
0.002131
0.01141
0.031291
0.059019
0.090528
0.127711
0.175969
0.234934
0.29708
0.35663
0.413547
0.465784
0.506535
0.534685
0.554129
0.555794
0.521386
0.453324
0.37859
0.31409
0.246157
0.156112
0.055403
-0.021781
-0.057505
-0.061748
-0.046401
-0.008964
0.053104
0.126363
0.191419
0.243392
0.296827
0.371606
0.462515
0.525748
0.525166
0.486538
0.465365
0.464758
0.432464
0.343641
0.241302
0.176009
0.134089
0.060886
-0.047775
-0.12425
-0.119739
-0.070907
-0.040651
-0.024612
0.03363
0.146301
0.258477
0.331778
0.395862
0.482806
0.555219
0.552947
0.485239
0.420051
0.386103
0.3381
0.235614
0.109009
0.013062
-0.051118
-0.119388
-0.180413
-0.173561
-0.088
0.000157
0.021755
0.007004
0.042115
0.136182
0.187563
0.119587
-0.009261
-0.095223
-0.141708
-0.237806
-0.402061
-0.540366
-0.583578
-0.589463
-0.649532
-0.740966
-0.754003
-0.657028
-0.544356
-0.498225
-0.484948
-0.429296
-0.331751
-0.250098
-0.187022
-0.070723
0.136146
0.358798
0.480789
0.484869
0.467467
0.497252
0.527463
0.479889
0.359609
0.226338
0.080353
-0.134115
-0.407022
-0.630077
-0.72436
-0.749571
-0.826079
-0.965241
-1.05605
-1.012394
-0.864925
-0.681778
-0.462224
-0.175439
0.135019
0.370447
0.505927
0.627037
0.797928
0.956133
0.999978
0.906487
0.733395
0.517532
0.23943
-0.091975
-0.389823
-0.583981
-0.725924
-0.92508
-1.177797
-1.376325
-1.428137
-1.350347
-1.217519
-1.048361
-0.799834
-0.479761
-0.17728
0.06054
0.290967
0.575372
0.859808
1.028382
1.043415
0.968734
0.851829
0.660113
0.369731
0.057319
-0.183326
-0.37629
-0.623334
-0.940096
-1.216564
-1.358973
-1.391447
-1.396918
-1.352552
-1.162767
-0.821812
-0.483374
-0.247544
-0.004785
0.360394
0.767254
1.035173
1.120863
1.138793
1.156763
1.099196
0.88825
0.588891
0.339986
0.15875
-0.054928
-0.351408
-0.649509
-0.847523
-0.94857
-1.015348
-1.041073
-0.948863
-0.733349
-0.511112
-0.371628
-0.257685
-0.069798
0.179826
0.3841
0.490237
0.550026
0.611444
0.626631
0.517892
0.319173
0.16366
0.105345
0.056231
-0.078644
-0.280096
-0.465522
-0.608741
-0.734094
-0.8095
-0.750348
-0.562193
-0.386908
-0.328833
-0.314327
-0.204068
0.015358
0.228894
0.364725
0.472677
0.589706
0.622559
0.47029
0.215732
0.061659
0.072666
0.105603
0.018343
-0.154005
-0.301
-0.415103
-0.543077
-0.641021
-0.602923
-0.45314
-0.402787
-0.592166
-0.830127
-0.822708
-0.60603
-0.476255
-0.496493
-0.411999
-0.129012
0.068404
-0.0799
-0.36804
-0.335717
0.06643
0.385431
0.320169
0.130326
0.195107
0.446392
0.551077
0.486501
0.560085
0.850344
0.956856
0.551698
-0.109624
-0.519582
-0.587597
-0.636452
-0.779989
-0.801463
-0.582355
-0.288969
-0.153768
-0.062959
0.289133
0.864894
1.233623
1.105678
0.687307
0.36479
0.207093
0.018676
-0.240115
-0.376652
-0.337481
-0.371235
-0.669144
-1.026442
-1.082605
-0.814121
-0.537527
-0.406117
-0.246039
0.133676
0.613373
0.942643
1.152022
1.502813
2.015671
2.331221
2.147481
1.592715
1.042531
0.640961
0.217594
-0.340914
-0.841147
-1.099255
-1.258523
-1.602757
-2.06329
-2.26326
-2.033572
-1.661185
-1.471802
-1.388203
-1.162146
-0.768024
-0.389396
-0.047844
0.493023
1.30591
2.027124
2.288941
2.139314
1.902626
1.713913
1.437225
1.007898
0.515782
-0.00282
-0.613198
-1.334366
-1.988623
-2.340556
-2.353509
-2.18521
-2.02616
-1.856312
-1.562556
-1.220995
-0.937281
-0.59878
-0.015712
0.756716
1.398681
1.681287
1.716586
1.731026
1.806113
1.807903
1.673291
1.513078
1.38225
1.05674
0.32097
-0.622958
-1.330692
-1.665043
-1.778226
-1.86188
-1.925542
-1.835186
-1.633995
-1.435164
-1.149908
-0.541401
0.385875
1.200922
1.528486
1.475428
1.369147
1.333022
1.270716
1.158211
1.049021
0.929234
0.62914
-0.076209
-0.958385
-1.505209
-1.605932
-1.602449
-1.767239
-1.987311
-2.068342
-2.073335
-2.077373
-2.026699
-1.691098
-0.964516
-0.172836
0.340185
0.562501
0.748752
1.044342
1.273797
1.342061
1.326454
1.263339
1.029561
0.336848
-0.782232
-1.69675
-2.040348
-2.075805
-2.235082
-2.433829
-2.499934
-2.492813
-2.435388
-2.235674
-1.768009
-0.94281
-0.0223
0.633539
0.960968
1.17588
1.447169
1.633256
1.684747
1.763287
1.751532
1.423414
0.650804
-0.437747
-1.427557
-2.15205
-2.682063
-3.202142
-3.614912
-3.696022
-3.447389
-3.242347
-3.037403
-2.325325
-0.963773
0.621637
1.848439
2.727549
3.657366
4.810019
5.922057
6.716199
7.160761
7.37781
7.501296
7.52367
7.307751
6.622532
5.427025
3.908086
2.260695
0.720021
-0.503453
-1.698326
-2.617457
-3.08689
-3.349105
-3.538297
-3.101471
-1.769898
0.0282
1.624582
2.892742
4.138446
5.480211
6.716859
7.644574
8.179399
8.362291
8.361853
8.277727
7.945584
6.97731
5.165002
3.138096
1.433285
-0.087271
-1.709036
-3.422224
-4.969312
-6.171862
-7.023779
-7.68413
-8.216395
-8.507319
-8.377166
-7.771172
-6.810687
-5.645331
-4.404275
-3.214015
-2.320338
-1.083439
0.854834
2.882491
4.44374
5.267406
5.436604
5.296605
4.956635
4.028352
2.271147
0.308258
-0.850348
-1.779745
-3.183596
-4.958734
-6.495634
-7.196977
-6.911813
-6.331537
-6.109154
-5.98119
-5.027728
-2.574225
0.043843
1.49703
2.531569
4.245017
6.885684
9.651211
11.424618
11.953895
11.879183
12.059438
12.573188
12.546102
11.087107
8.044421
4.365971
1.461925
-0.738149
-3.763592
-6.866383
-9.853555
-11.821759
-12.428284
-12.170876
-11.898994
-11.963074
-11.920296
-10.981571
-8.819296
-5.966834
-3.30137
-1.214169
1.063173
4.360561
7.66395
9.727472
10.060341
9.111541
7.841721
6.860773
5.959237
4.377908
1.312661
-2.90253
-5.150026
-6.239192
-7.122179
-8.354442
-9.917656
-11.128369
-11.302044
-10.431599
-9.192657
-8.293351
-7.76857
-6.913149
-4.887897
-1.206009
3.294973
5.563979
7.186696
9.308486
12.008113
14.539362
15.922778
15.737624
14.546411
13.33719
12.654399
11.993661
10.31147
6.850921
2.203916
-0.560042
-1.543009
-2.784066
-5.182874
-7.739598
-8.841145
-7.896635
-6.087012
-4.981756
-5.114291
-5.298896
-3.687778
0.434
3.780125
4.070798
4.058098
5.755086
8.507049
10.192485
9.453903
6.927804
4.615126
3.762257
3.528849
1.765021
-2.360765
-6.617057
-7.845747
-7.499708
-7.372928
-8.229703
-9.473547
-9.767277
-8.324034
-5.723106
-3.522032
-2.6423
-2.241515
-0.460469
3.484259
7.172173
8.123362
7.714857
7.782467
8.703816
9.440795
8.759242
6.449933
3.500737
1.206125
-0.117335
-1.513976
-4.196685
-7.722845
-9.658394
-9.660674
-8.75192
-8.097157
-8.101718
-8.116984
-7.11662
-4.627979
-1.465894
1.204294
2.965659
4.399121
6.898919
9.888606
11.621139
11.589324
10.639207
9.750867
9.315983
8.907769
7.705883
5.354081
1.997082
-1.18053
-2.861787
-4.177723
-5.964667
-7.445384
-8.285435
-8.182982
-7.306526
-6.290817
-5.690161
-5.698676
-5.201545
-3.256415
-0.290319
1.717139
1.732432
1.814772
3.22792
4.677919
4.789026
3.483734
2.285813
2.667142
3.648965
3.30044
0.898853
-1.827992
-2.620119
-1.861039
-1.896257
-3.504731
-4.828456
-4.996151
-4.455396
-4.45474
-5.437599
-6.159759
-5.404407
-3.361753
-1.027168
0.524057
0.916241
1.352609
3.438032
5.720147
7.122388
7.569218
7.411071
7.01631
6.421821
5.231016
2.992447
-0.14756
-3.016723
-4.020598
-4.443792
-5.358488
-6.786317
-8.355503
-9.358715
-9.373417
-8.439599
-7.432198
-6.928967
-6.391014
-4.723157
-1.622197
1.674162
3.034517
3.226819
4.800182
7.931686
10.723049
11.60646
10.158625
7.765294
6.385967
6.457907
6.180254
3.28979
-1.85637
-4.082515
-3.549992
-3.017829
-4.053593
-6.259248
-7.846224
-7.116829
-4.395756
-2.312288
-2.35609
-2.861139
-1.057033
3.045921
5.100762
4.908947
4.369201
5.004666
6.92451
8.482209
8.541654
7.206797
6.05354
6.358908
7.120831
6.996919
5.847054
4.466867
3.006023
2.545342
2.373309
1.51759
-0.17301
-1.320902
-1.114308
-0.342616
-0.089363
-0.56515
-0.690421
0.290825
1.672623
1.807622
1.222262
1.7824
3.6587
5.370035
5.899037
5.875146
6.294368
7.331555
7.893682
6.901273
5.200499
4.439705
4.653534
3.041072
0.069107
-2.42862
-3.454048
-3.542554
-4.509792
-6.361148
-7.593365
-7.349889
-6.658354
-7.01709
-8.877909
-11.016045
-11.467506
-10.475433
-9.26406
-8.143789
-6.588793
-4.469925
-2.228983
-0.180831
2.130701
4.296389
5.345081
6.270767
8.115599
9.256371
7.91736
5.840853
5.0398
5.02125
4.556826
3.88831
3.235099
2.894356
2.489285
1.914754
0.987263
-0.249203
-1.299861
-1.387918
-0.421209
0.314914
0.125817
-0.50099
-1.229626
-0.923715
-0.583446
-0.448172
0.299208
1.289758
2.03233
2.138436
1.090059
-0.137671
0.05707
1.73949
3.684349
4.125655
2.951094
2.666774
3.333957
4.001505
3.580761
2.578719
2.229502
3.328071
4.632981
4.504558
2.925473
1.758706
2.701872
3.43835
0.897855
-2.502742
-3.497428
-2.252259
-1.740791
