-0.0
0.0003033184765736555
0.0004726753134019244
0.0007737747088756863
0.0010748005479687217
0.0013758276064127456
0.0016768554962029144
0.0019778842255845715
0.002278913785264356
0.0025799441751518594
0.0028809753953029605
0.002888902746586336
0.0027431488376488252
0.0025973950109988582
0.002451641284690636
0.0023058876604330094
0.0021601341344284495
0.0020143807217620968
0.001868627337099159
0.0017228741647720188
0.001577121044941407
-0.0016354857213179985
-0.004848387015974411
-0.008061286406749451
-0.011274029439043227
-0.01448680365281244
-0.01769943123843162
-0.020910246650964918
-0.024119858848037048
-0.027333115950701193
-0.030548005449145887
-0.03712636139921481
-0.043690928330473645
-0.0502552314990853
-0.056819962959869644
-0.06338391005218567
-0.06994868782938701
-0.0765131889137697
-0.08307763580180376
-0.08964202812498537
-0.09620637515402293
-0.10222193649961024
-0.10823277313266198
-0.11424423908167913
-0.12025572668948452
-0.12626737399571913
-0.13227861622240836
-0.13829090914981615
-0.14430227221227696
-0.1503140539685934
-0.15632541772209008
-0.15882949094369786
-0.16133199802062562
-0.16383455380671733
-0.16633703572835665
-0.1688398155999078
-0.17134230774793804
-0.17384479446474227
-0.17634728388217114
-0.1788497695520253
-0.18135231935305487
-0.18210272864225602
-0.18285141027005547
-0.18360010523903267
-0.18434866058375277
-0.18509732145881957
-0.1858457274199098
-0.18659443448345966
-0.18734318338901662
-0.18809185390667651
-0.18884052440716825
-0.19075000239836223
-0.19266122109342396
-0.1945721856724502
-0.1964834026574394
-0.1983946654811813
-0.20030589075707664
-0.20221686042048828
-0.20412764272240702
-0.20603860380184916
-0.20794965996599013
-0.2100904017909691
-0.2122313397107942
-0.21437217668920666
-0.21651298852057937
-0.21865412640467344
-0.22079528968530995
-0.22293676008410154
-0.22507772858641475
-0.22721833120872512
-0.22935985072000414
-0.22810074592585775
-0.22684422712175814
-0.22558780172491238
-0.22433228749371265
-0.2230757850584677
-0.2218197695581527
-0.22056318758730473
-0.21930686651151493
-0.2180504238409081
-0.2167939708149725
-0.21067325336632448
-0.20438216647458177
-0.19812962770939221
-0.19184879229699284
-0.18547418049551512
-0.1792166592138949
-0.17295038653550124
-0.16668244633117416
-0.16041232065556194
-0.1541431416440557
-0.14529517416936055
-0.13645663831382657
-0.12761817856921454
-0.11877984727715221
-0.10994162386782956
-0.10110354569793482
-0.092265524859499
-0.08342760670824664
-0.07458978797636165
-0.06575209536370295
-0.05829392474906482
-0.050835813567130274
-0.04337777765484666
-0.035919817131440754
-0.028461880030420127
-0.02100403340282101
-0.013546219132038663
-0.006088436200943543
0.0013692896121200657
0.008826928512663583
0.013901837572874703
0.01897671541935415
0.024051586881379976
0.029126429983331825
0.03420122271134112
0.0392759992399434
0.044350763903112864
0.04942551860261483
0.054500260161232175
0.05957498219197906
0.0644077077465466
0.06925090883301846
0.07409222690044853
0.07893602440566223
0.08377983353600722
0.08862356485665786
0.09346747411848326
0.09830991066739857
0.10315301680152253
0.1079961193920222
0.113599546495161
0.11920416040394169
0.12480587977562659
0.1304063992387594
0.13600856408477455
0.14161039643603401
0.14721402088674715
0.1528162274738527
0.15841898642492713
0.16401880447486655
0.16876212708570848
0.17350578591089075
0.17824938513143257
0.18299432618288464
0.1877381071424906
0.19248181506499878
0.19722562910518027
0.20197069579819033
0.20671433144598644
0.21145796325578867
0.2139903767466862
0.21670879397441287
0.21942821301427085
0.22214615326630327
0.2248706293425082
0.2275886229547671
0.2303118371240132
0.23303723290973047
0.23575536128198224
0.23847361530154923
0.24044270770273943
0.24272813573998045
0.24499006528980052
0.24724985752451534
0.2495121875208245
0.2517672199251979
0.25403104079441075
0.2563496581424247
0.25861236692426376
0.2608710741672254
0.2650493352945859
0.26881839652949363
0.27258590496643814
0.276361923586871
0.28013758528780647
0.28391177939500767
0.2876854008912375
0.2914574364071815
0.29523059752781416
0.2989997681788485
0.30256808694369264
0.30613973884869733
0.30970837129762446
0.3132768057483843
0.3168456964578522
0.32041404567606907
0.32398290530060603
0.32755134838140065
0.33111998832093137
0.3346884753454316
0.334263916249754
0.3337369877417779
0.3332095375391708
0.3326800701914628
0.332153542543508
0.3316258728608877
0.3310984206021813
0.3305612216146449
0.3300310644445506
0.3295030270339074
0.32432341433137113
0.3199822873276926
0.3156253168079871
0.310346764247015
0.3041590938085432
0.2978844871947388
0.2925807522282207
0.28727993944334246
0.2820364300810622
0.27673401491688987
0.26939809425174016
0.26259328464490267
0.25578861026873195
0.24898391926230276
0.2421792316462561
0.2353745398182233
0.22856985222549145
0.22176515759293408
0.21496046478180145
0.20815576664645963
0.20255642240951355
0.19681145185209115
0.1911371359710672
0.18546212390610334
0.17978712710868586
0.17411410409519346
0.16844131952475808
0.16277773968604867
0.1571021568686282
0.15142656544463193
0.14580298660904
