-0.0
-4.97408198419902e-5
-6.53076636749188e-5
-0.00011519191937960642
-0.0001649694685199579
-0.0002147470036050647
-0.00026452455877254834
-0.00031430213478814557
-0.00036407973201430503
-0.0004138573513942558
-0.0004636349928429107
-0.0026273198956277347
-0.004756991368691267
-0.006886661866012121
-0.009016331574018798
-0.01114600045314814
-0.013275668496963627
-0.015405335712900665
-0.01753500209822091
-0.019664667636534527
-0.021794332356413093
-0.029897253391982046
-0.03787720217626295
-0.045857108704143126
-0.053843445335497175
-0.06182915817765328
-0.06980897244700676
-0.07778879883341244
-0.0857685247863145
-0.09374811987836047
-0.10172761108583618
-0.11433170146642614
-0.12690569270308127
-0.13947957515875858
-0.15205312840795174
-0.16462667402050168
-0.17720009405143117
-0.18977345032294318
-0.20234675803486618
-0.21492001940651048
-0.22749323478834227
-0.23685431552259156
-0.2462997753615039
-0.2557452540528161
-0.2651906553283906
-0.27463607789553296
-0.28408165847460043
-0.29352704417544384
-0.3029723824335543
-0.3124181170808805
-0.32186346487163997
-0.3236076384680152
-0.32549575321095203
-0.3273833030992669
-0.3292715573113695
-0.33115642758647346
-0.33304458091770994
-0.33493278536855686
-0.33682096502862446
-0.33870916367381043
-0.3405966732771704
-0.33988682898647216
-0.3392128891209373
-0.3385388592362246
-0.33786593991486125
-0.33719238027951115
-0.3365243938443974
-0.3358502683576384
-0.3351760246522951
-0.3345020646676559
-0.3338273129980039
-0.33733930675710655
-0.34080867140846594
-0.3442906141547811
-0.347770241093445
-0.3512500319329126
-0.35472674703602314
-0.35820853462575436
-0.3616904830453014
-0.3651722317388665
-0.36865114639345425
-0.3744242432824854
-0.38020547484412753
-0.38598665102815827
-0.39176778034275267
-0.3975488999001961
-0.403327477015725
-0.4090993819924672
-0.41487984160034636
-0.4206599307796295
-0.4264336622378204
-0.42590357805147194
-0.42547171324988775
-0.4250392694063454
-0.4246053389700137
-0.424173407457726
-0.42373303147889296
-0.4233011047086436
-0.4228637067565274
-0.42243186878754463
-0.42200004254575413
-0.4103770715961743
-0.3989864769897049
-0.387603048273336
-0.37621175697117204
-0.3648200806913036
-0.3534294343053661
-0.34203862208773406
-0.3306483033383626
-0.3192577478641439
-0.3078674217449791
-0.29041644568538
-0.27260669320853564
-0.25479711303430713
-0.23698785541552386
-0.2191788165968938
-0.20136998059312886
-0.183561276515955
-0.16575283789250447
-0.1479446144954196
-0.13013656154770226
-0.11454640440682112
-0.09895638855775223
-0.0833665582453474
-0.0677769028574336
-0.052187288659738
-0.03659779766879238
-0.02100837494605412
-0.0054190376500563965
0.010170149137186427
0.025759118212983843
0.03590370118086702
0.04604821361955416
0.056192712586525154
0.0663371743391812
0.07648157591482081
0.08662595057064909
0.09677030115608275
0.10691462782700879
0.11705892202648037
0.12720316764682116
0.13614493114002163
0.14445616216279666
0.1527573752348606
0.16106859962920322
0.1693798430714875
0.17769103699930933
0.18600216706043476
0.1943282073888572
0.2026391913547992
0.2109501521207942
0.22010924491632566
0.22954003058482042
0.23896691492028002
0.24839364325360397
0.25780623766061683
0.26723122797093457
0.2766648022493694
0.28613686167645147
0.2955505581569386
0.30497709107516374
0.31396748022864807
0.32307713093714074
0.33218699134591717
0.34127333833407614
0.3503814048497049
0.3594901957594655
0.368600307180186
0.3776922833166215
0.3868016676473328
0.39591103964380425
0.4031593070084369
0.4103663948683627
0.41755866091283605
0.4247654068794446
0.43197549366397525
0.43918225993253385
0.44638563595531233
0.45359071705846404
0.4607974606652423
0.46800170917707257
0.4751396083777453
0.4822831358406609
0.48942631164368827
0.49658641945429327
0.5037258937744509
0.5108673188785757
0.5180099859431962
0.5251535294269133
0.532296429084278
0.5394114161589244
0.5477759266563573
0.5562360486458694
0.5646964189232726
0.5731294697030419
0.5815741256269563
0.5900338420970327
0.5984935203818019
0.6069509584706976
0.6154101845231937
0.623878995791738
0.628850795822717
0.6340067689293695
0.639161681463426
0.6443165900169248
0.649471453874022
0.6546262246997689
0.659775454779426
0.6649297740809161
0.6700844426947916
0.6752390866508104
0.6702434723515036
0.6655353938894732
0.6608260562279722
0.6561138835686586
0.6514052322573389
0.6466971315272985
0.6419880565594844
0.6372797181650237
0.6325715861187174
0.6278634852408931
0.6140510434515146
0.5814046635087112
0.5492043691531041
0.5352219330530046
0.5400488220102326
0.5462503196043555
0.5327012616809913
0.5191517867829355
0.5055948170003524
0.4920459860790461
0.47890661920754984
0.46510495689895076
0.4513030387326599
0.43750150690768425
0.4236997615452447
0.4098980360217229
0.396096232486028
0.38229454959290077
0.36849280271974205
0.3546910421758761
0.3456768917773912
0.33739395120853066
0.32911274865840545
0.32083150259958637
0.3125508212447864
0.3042958622245061
0.29601471496171977
0.287733465950071
0.2794523656050238
0.27117128365531584
0.2652381759232414
