-0.0
-0.00030331844250484517
-0.0007934642021909492
-0.0010973289219803446
-0.0014011022358382046
-0.0017048757229269345
-0.0020086491484740746
-0.0023124225125074923
-0.00261619581292485
-0.002919969044970101
-0.0032237422104407273
-0.0028889028366681784
-0.0027431487068623767
-0.0025973950410932744
-0.0024516412623278626
-0.002305887583600161
-0.002160134057598731
-0.0020143806293351206
-0.0018686273010057532
-0.00172287408795265
-0.0015771209681595256
0.0023096735721657513
0.005539199188394732
0.008768555249393474
0.012030961780615058
0.015290577114557492
0.018519568862567656
0.021749063285516523
0.024977970039261183
0.028206735842382095
0.031435627678555185
0.03818452619056334
0.04477457989385091
0.05136683794087034
0.05795620894449473
0.06454622362196388
0.071135321837678
0.07772427160239528
0.08431309445427046
0.09090178979803558
0.09749036735562368
0.10305161089705178
0.10907905859862162
0.11510651773917698
0.12113389154808035
0.1271611984205393
0.13318981225707455
0.1392170140308932
0.14524413131799435
0.15127684247673204
0.1573044445282747
0.15919442138705195
0.16169925074004096
0.16420208603121011
0.16670704308103912
0.16920002313718702
0.1717046386731355
0.17420935578337354
0.17671395237604925
0.17921854810219526
0.1817208214872365
0.1823037517257097
0.18305393269830222
0.18380372470538786
0.18455604138926993
0.185307106636606
0.18608308932779777
0.18683153569828517
0.187580035899747
0.1883279338371865
0.18907102974781492
0.19112095650575503
0.19297625934926446
0.19489066065611868
0.1967974588937863
0.19869965903010006
0.20059171296205697
0.20250608235898565
0.20442101940302518
0.20633532599938015
0.20823547539779363
0.21032928710431847
0.21247487685801647
0.2146203765691143
0.21676585404846796
0.2189112649577077
0.22104770701480225
0.22315293667786584
0.22529612249725958
0.22743881357151025
0.22955802019422528
0.22770942617367607
0.2264501491849557
0.2251889436761196
0.2239226711763242
0.22266497700177593
0.22137036279002212
0.2201107495052631
0.21882102864621492
0.21756154234089684
0.21630216761159296
0.20860401809963514
0.20232780900380673
0.1960988760093563
0.18982174428375237
0.18354311600535528
0.17726604874957827
0.17098790153420357
0.16471114665473402
0.1584326636097535
0.152152771838149
0.14529517407178863
0.13645663821145632
0.12761817846219786
0.11877983526325049
0.10994162373524176
0.10110354556519875
0.09226552472676935
0.08342760655275548
0.0745897878344304
0.06575209522192402
0.05829392933839355
0.05083581339238087
0.043377777457597584
0.03591981695586055
0.02846187986725789
0.021004033235635322
0.01354621896492106
0.006088436012671505
-0.001369289810607379
-0.008826928713969137
-0.013901837645220573
-0.018976715491887022
-0.02405158695397647
-0.029126430052955826
-0.03420122278407829
-0.03927599931269141
-0.04435076397613133
-0.0494255186754357
-0.0545002602248732
-0.05957498234272148
-0.06741460302877259
-0.07227107684242852
-0.07707336556275722
-0.08192993054520196
-0.08678644966314238
-0.09164289512391052
-0.09649923593442165
-0.10142795992123156
-0.10628379214341306
-0.1111395427304181
-0.1156168529994258
-0.12125116235867875
-0.12686341595527809
-0.1324751471884881
-0.1380396912439706
-0.14364572873782402
-0.14929367659236023
-0.1550997956699132
-0.16066936028090822
-0.16628137723915173
-0.1704930559032393
-0.17524350916735734
-0.1799949055610888
-0.18464640463337173
-0.18939188343111046
-0.19413977952676909
-0.1988979501039134
-0.20358518140489737
-0.2083350161407163
-0.21308481700231144
-0.21597144937779345
-0.21869446962526884
-0.2213693595139604
-0.2240927205797867
-0.22683024218991346
-0.2295537517370188
-0.2322659476244034
-0.23498359280467812
-0.2377070711697015
-0.2404196488105974
-0.24269960827849016
-0.2449721595639872
-0.24724376384731844
-0.24958952266785459
-0.25184979680339664
-0.25411613260978483
-0.2563873130430785
-0.25866062875246865
-0.2609333764968375
-0.26307823675830033
-0.2663923912946846
-0.2701697129164687
-0.2739486922981815
-0.27761339517162986
-0.2813406523661224
-0.28511778732105497
-0.28889486081178567
-0.2926646967337784
-0.2964416108504927
-0.30026497202813934
-0.3029057156917039
-0.3064814842095419
-0.31005090738714813
-0.31362029629425786
-0.3171894796686211
-0.32075861349002155
-0.32430949036440665
-0.32787943389538565
-0.3314483445001844
-0.33501721806697043
-0.3327290067973366
-0.3321845014149956
-0.33162322349319256
-0.33101837633093295
-0.33046639686297147
-0.32992245622913513
-0.32937544717823725
-0.3288316020279587
-0.3282879880419164
-0.3277438733290258
-0.3205909347504973
-0.23157735476037464
-0.14445516420568524
-0.1372217167551999
-0.21239733526569196
-0.2935925461908147
-0.2882582191173264
-0.28291627665331137
-0.277559019717674
-0.2722255535165865
-0.26939770352460923
-0.26259325708118986
-0.2557877121609636
-0.2489838930058454
-0.24217916244151372
-0.23537453982230544
-0.22856958446721204
-0.2217651575965849
-0.21496046478530811
-0.20815576665065003
-0.19827387521405537
-0.1925895143856449
-0.18690938125317105
-0.18122664447311992
-0.1755471813246356
-0.17006393474931006
-0.1643848466366581
-0.15870582685504359
-0.15302707408308855
-0.14734848912691947
-0.14258550918556823
