-0.0
3.139782629200057e-5
4.43781177719491e-5
7.5545780181313e-5
0.00010670695345201433
0.00013786830037554692
0.00016902975199670702
0.00020019122457335493
0.00023135281001459204
0.0002625145092663026
0.00029367632210862833
0.00032317079454296626
0.0003322113723310786
0.00034125209778914354
0.0003502928014762635
0.00035933346635007383
0.0003683741302585316
0.00037741468912055464
0.00038645574017932475
0.00039549599298626564
0.00040453657198518604
8.916382568492198e-5
-0.0002262354734900539
-0.0005416460964190097
-0.0008571673622027165
-0.0011724912000063625
-0.0014882900861042567
-0.0018050734354602873
-0.002118825609421931
-0.0024318664530945185
-0.0027482323685773134
-0.003666103300049854
-0.004579777789795022
-0.005491392207960704
-0.006404797462217565
-0.007317501529845468
-0.0082297707846267
-0.009142773460631817
-0.010055579601455618
-0.010968174348682417
-0.011880555299354324
-0.013298587826191768
-0.014717602023617852
-0.016137156676500918
-0.01755657856846318
-0.01897622593161002
-0.02039577974833898
-0.021814870772299662
-0.02323439910832322
-0.02465245994186242
-0.02607197727855171
-0.02777770490262332
-0.029481582881150475
-0.03118550109567742
-0.032889398848836064
-0.03459373088621379
-0.036297593755880264
-0.03800146101767235
-0.03970531179693116
-0.04140915760430727
-0.04311306045860726
-0.04517792680328336
-0.04724323782769043
-0.04930851308614886
-0.051373877275096735
-0.05343915649229533
-0.0555043010675254
-0.057569537288038715
-0.059634832680626214
-0.06170009758107641
-0.06376536129387766
-0.0664607414768591
-0.06915443158437806
-0.07184853326075982
-0.07454296915965321
-0.07723631425002504
-0.0799303333968874
-0.08262436501109711
-0.08531845867272454
-0.08801248333514933
-0.09070707198210216
-0.09396699830535753
-0.09722528915547687
-0.10048353872840442
-0.10374202892773746
-0.10700015373194047
-0.11025890473104402
-0.11351700372487968
-0.11677531905776117
-0.1200331764274648
-0.12329155597825601
-0.12666174578475384
-0.13002894200104365
-0.1333959386543577
-0.1367627126606347
-0.14012967344718344
-0.1434979310743481
-0.1468652379576213
-0.1502314658715847
-0.15359857096473195
-0.15696567898717828
-0.1600453632856489
-0.16326103927581392
-0.1664435863731891
-0.1696506948955301
-0.17291187207848985
-0.17610039184556445
-0.17929242760767858
-0.18248531874236548
-0.18567956870738989
-0.18887292967466626
-0.19201266534046213
-0.19514164587150679
-0.19827057899024056
-0.20139944406621865
-0.20452825234692884
-0.20765698627969637
-0.21078569300784786
-0.21391436215178083
-0.21704299554258522
-0.22017158615263105
-0.22316122961553728
-0.22615085880506633
-0.22914047255687897
-0.23213007072581618
-0.23511965914756558
-0.23810923205659826
-0.24109879581910412
-0.24408835303732815
-0.247077906348859
-0.25006745926563695
-0.25240700816014616
-0.25474654689362497
-0.25708608177484205
-0.2594256152874416
-0.26176514986571653
-0.2641046823454548
-0.2664442123390375
-0.26878373964761026
-0.27112326523601066
-0.27346279106366966
-0.2750216660934091
-0.27658665416041023
-0.2781516425925379
-0.27971643805990587
-0.2812812360034975
-0.2828460120039717
-0.284410766729597
-0.28597543133303444
-0.28754042568902843
-0.2891054192298156
-0.2902942366378894
-0.2914793888824135
-0.2926620833354761
-0.29384401897683315
-0.29502544614812937
-0.29620816402270167
-0.29739215200906965
-0.29857712489213084
-0.2997595443602459
-0.3009416529826882
-0.30132883446285774
-0.30171716433010437
-0.30210549030717926
-0.302494399960306
-0.3028826778419723
-0.3032709927761143
-0.3036586728459222
-0.3040463030199261
-0.3044345977685193
-0.3048228908180411
-0.3034252472139957
-0.30179362719255465
-0.3001615811469715
-0.298530392607606
-0.29688783117187084
-0.29525644913708915
-0.29362000708444885
-0.29198464389614437
-0.29035309520397246
-0.2887216170094992
-0.2852421471771217
-0.28146764656432594
-0.2777168918603195
-0.2739736506127667
-0.2702229552817758
-0.266486442881663
-0.2627334795276949
-0.25895274099147025
-0.25520197466325195
-0.2514864748376126
-0.24658360495458023
-0.24219814558355496
-0.237816625077316
-0.2334242496437032
-0.2290308346595169
-0.2246388715245157
-0.22024729503865065
-0.2158576973865169
-0.2114664393647215
-0.2070806020800525
-0.20314090007477897
-0.19921079080449144
-0.1952796292226038
-0.19134865499547465
-0.18741701079849835
-0.1834855701495332
-0.17955325607544578
-0.1756219919482895
-0.17169101852354748
-0.1677599989681898
-0.16397468673650914
-0.159925859827169
-0.1558918632952452
-0.15185510775722483
-0.14782815086193987
-0.14379617462186323
-0.13976312912808525
-0.13571678368861176
-0.13168057029773725
-0.12764735319101198
-0.12286042450030998
-0.11865565704319758
-0.11465502462831147
-0.10962461983699248
-0.10359892293964083
-0.09769278832352635
-0.09263413881125535
-0.0875844142585518
-0.08258293817792382
-0.07752824955203624
-0.07131746762124039
-0.0658611625514743
-0.060404675780921714
-0.05494821803639283
-0.04949175461531708
-0.044035299999165674
-0.03857883416259088
-0.03312238964775014
-0.027665939370235454
-0.02220950544906197
-0.01815848406258143
-0.014069614281436334
-0.009980944744227872
-0.005887020922288911
-0.0017936930495101703
0.002300042282697242
0.0063869366838430345
0.010456962759557662
0.014550957167390221
0.018644951823619513
0.02068653228200751
