-0.0
5.14649459733206e-6
5.60598621897147e-6
1.076713742810314e-5
1.591721733644445e-5
2.106730940619518e-5
2.621741145494534e-5
3.136752525452786e-5
3.651764545505285e-5
4.166776866125457e-5
4.681789549886055e-5
0.00027586844210364907
0.0005002459784998012
0.0007246247182225516
0.0009490029554443296
0.0011733810856691736
0.0013977591735156517
0.001622137144641777
0.0018465150182925862
0.002070892909702673
0.0022952706033703314
0.0033150839019514314
0.004315008103626766
0.00531495935797742
0.006313145236518881
0.007317024776343976
0.008316952876721097
0.00931702929200701
0.010317015943519888
0.011317017286659965
0.01231701945139467
0.014488392634982812
0.0166311645908091
0.01877359716463913
0.020916201995293354
0.02305874621211053
0.025201329144267454
0.02734387068495278
0.029486401069797295
0.0316289201766157
0.033771429605445775
0.03675706085450279
0.03974542287097785
0.04273375329287181
0.045722034719787696
0.04871031231520166
0.05169831808895655
0.05468655434734832
0.057674762021952396
0.06066238341372742
0.06365055239003306
0.06703587875447217
0.070430645471509
0.07382505681215562
0.07721963946071426
0.0806097619588929
0.0840044548370382
0.0873990678908834
0.09079374867701229
0.09418841320243718
0.0975823697602612
0.10157827906240567
0.10558439569621654
0.10959056065625292
0.11359717312539605
0.11760331245594079
0.12161117193348353
0.12561746000331828
0.12962265185395289
0.1336287374944517
0.13763571908009992
0.14285421294928052
0.14805139990802274
0.15325148259061183
0.15844680971506278
0.1636443753416245
0.1688447425207545
0.17404466877489302
0.1792444096962806
0.18444432545010103
0.18964019838684792
0.19601158962093074
0.2023653466173962
0.20871909889904094
0.2150728541694954
0.22142654327755606
0.22777427090944996
0.23412528249907125
0.24047796816212227
0.24682797919907243
0.2531756483429415
0.25989198485112436
0.2665882603790928
0.2732831286255782
0.2799790985168244
0.28667522676950075
0.29335571021775875
0.3000516569367195
0.30675333198477917
0.31344916103655335
0.32014495091600315
0.3266832730345254
0.33310029306989924
0.33951755373868575
0.3459350818675234
0.3523528077113324
0.3587697057272771
0.365186809587642
0.3716035099107366
0.37802040748818155
0.3844370778525695
0.3902743427841019
0.39640649158621855
0.4025385395659407
0.40867041897658485
0.4148021840714614
0.42093384673630513
0.4270654508577401
0.43319696284437237
0.43932839912411625
0.4454597749752263
0.4510877279007951
0.45671564596384845
0.4623435297064902
0.46797137990400095
0.47359921220259776
0.4792270205611477
0.4848548123998964
0.49048259244627557
0.4961103677927906
0.5017381466016866
0.5061281693246767
0.5105181725439089
0.5149081682672603
0.5192981596454143
0.5236881496972365
0.5280781350775388
0.5324681161075318
0.5368580929780776
0.5412480681549916
0.5456380466513806
0.5489028191167633
0.5519364836399062
0.554958266205706
0.5579917436332329
0.5610252321714241
0.5640587044847835
0.5670921737075918
0.5701323151716381
0.5731657259196444
0.5761991270429921
0.578082543294328
0.5801832596202793
0.5822778677997851
0.5843725547871239
0.5864737593110174
0.5885681022775139
0.5906631282666395
0.5927442233558895
0.5948427666432294
0.596937446681654
0.5969549951573733
0.597133290268087
0.5973121820075808
0.5974779827500125
0.5976571359632998
0.597835878560344
0.5980130467989869
0.5981975884651315
0.5983765282770728
0.5985554711380136
0.5947648435309816
0.5910575404089435
0.5873576787247627
0.5836508278323209
0.5799381709696234
0.5762310882066275
0.5725256145731934
0.5688186694868225
0.5651115498297824
0.5614029548768984
0.5540058083002892
0.5466728202138714
0.5393400928201041
0.5319915071127629
0.524660298877892
0.5173275262990369
0.5099943975644443
0.5026614882042258
0.49532882537053524
0.48801993868592014
0.47999058154229
0.4719380092229209
0.4638853290989674
0.4558449476168957
0.44780973115345624
0.43975765656534876
0.4317056267959877
0.4236558496101067
0.41560442617105525
0.40754104870468916
0.400675266090024
0.39372138135723267
0.38677208973652066
0.37982278198921543
0.3728735395374394
0.3659244988190835
0.3589865102264787
0.3520396197886494
0.34509070976608747
0.33814182121649816
0.33070063066652905
0.3233805074948466
0.3160599448280739
0.30873579087065434
0.3014158185745083
0.2940962671723202
0.28677840169973445
0.2794585217360501
0.2721389529094496
0.2648194835525455
0.2550258812339505
0.22813255544712974
0.19782840972485782
0.18769365743803085
0.19837945578892432
0.2064541838653623
0.19675265498961864
0.18705150837966245
0.1773620800255739
0.16766087206981828
0.1574593603277889
0.14661453226361262
0.13577010635357456
0.12492515080975025
0.1140804978284795
0.10323581453348464
0.09239135323856948
0.08154650757039517
0.07070186439922821
0.059857262678159245
0.05093421904744541
0.042620769961329324
0.03430543688559454
0.02599077582010558
0.017676227805693268
0.00941880356718494
0.0011041179155283254
-0.007210162325856856
-0.015524478806034036
-0.02383879928941719
-0.027472876571944402
