0.00100001
0.00200001
0.00300001
0.00400001
0.00500001
0.00600001
0.00700001
0.00800001
0.00900001
0.01000001
0.011000010000000001
0.012000009999999998
0.01300001
0.01400001
0.015000010000000001
0.01600001
0.017000010000000003
0.018000010000000004
0.01900001
0.020000010000000002
0.021000010000000003
0.022000010000000004
0.02300001
0.024000010000000002
0.025000010000000003
0.026000010000000004
0.02700001
0.028000010000000002
0.029000010000000003
0.030000010000000004
0.03100001
0.03200001
0.03300001
0.034000010000000004
0.035000010000000005
0.036000010000000006
0.03700001
0.03800001
0.03900001
0.04000001
0.04100001
0.042000010000000004
0.043000010000000005
0.04400001
0.04500001
0.04600001
0.04700001
0.04800001
0.049000010000000004
0.050000010000000004
0.051000010000000005
0.05200001
0.05300001
0.05400001
0.05500001
0.05600001
0.057000010000000004
0.058000010000000005
0.059000010000000006
0.06000001
0.06100001
0.06200001
0.06300001
0.06400001
0.06500001
0.06600001
0.06700001
0.06800001
0.06900001
0.07000001
0.07100001
0.07200000999999999
0.07300000999999999
0.07400000999999999
0.07500000999999999
0.07600000999999999
0.07700001
0.07800001
0.07900001
0.08000001
0.08100001
0.08200001
0.08300001
0.08400001
0.08500001
0.08600001
0.08700000999999999
0.08800000999999999
0.08900000999999999
0.09000000999999999
0.09100000999999999
0.09200001
0.09300001
0.09400001
0.09500001
0.09600001
0.09700001
0.09800001
0.09900001
0.10000001
0.10100001
0.10200001
0.10300000999999999
0.10400000999999999
0.10500000999999999
0.10600000999999999
0.10700000999999999
0.10800001
0.10900001
0.11000001
0.11100001
0.11200001
0.11300001
0.11400001
0.11500001
0.11600001
0.11700001
0.11800001
0.11900000999999999
0.12000000999999999
0.12100000999999999
0.12200000999999999
0.12300000999999999
0.12400001
0.12500001
0.12600001
0.12700001
0.12800001
0.12900001
0.13000001
0.13100001
0.13200001
0.13300001
0.13400001
0.13500001
0.13600001
0.13700001
0.13800001
0.13900001
0.14000001
0.14100001
0.14200000999999998
0.14300000999999998
0.14400000999999998
0.14500000999999998
0.14600000999999999
0.14700001
0.14800001
0.14900001
0.15000001
0.15100001
0.15200001
0.15300001
0.15400001
0.15500001
0.15600001
0.15700001
0.15800001
0.15900001
0.16000001
0.16100001
0.16200001
0.16300001
0.16400001
0.16500001
0.16600001
0.16700001
0.16800001
0.16900001
0.17000001
0.17100001
0.17200001
0.17300000999999998
0.17400000999999998
0.17500000999999998
0.17600000999999998
0.17700000999999999
0.17800001
0.17900001
0.18000001
0.18100001
0.18200001
0.18300001
0.18400001
0.18500001
0.18600001
0.18700001
0.18800001
0.18900001
0.19000001
0.19100001
0.19200001
0.19300001
0.19400001
0.19500001
0.19600001
0.19700001
0.19800001
0.19900001
0.20000001
0.20100001
0.20200001
0.20300001
0.20400001
0.20500000999999998
0.20600000999999998
0.20700000999999998
0.20800000999999999
0.20900000999999999
0.21000001
0.21100001
0.21200001
0.21300001
0.21400001
0.21500001
0.21600001
0.21700001
0.21800001
0.21900001
0.22000001
0.22100001
0.22200001
0.22300001
0.22400001
0.22500001
0.22600001
0.22700001
0.22800001
0.22900001
0.23000001
0.23100001
0.23200001
0.23300001
0.23400001
0.23500001
0.23600000999999998
0.23700000999999998
0.23800000999999998
0.23900000999999998
0.24000000999999999
0.24100001
0.24200001
0.24300001
0.24400001
0.24500001
0.24600001
0.24700001
0.24800001
0.24900001
0.25000001
0.25100001
0.25200001
