-0.0
0.0030332120955441915
0.0014360573750132385
-0.03071836601414624
-0.09643477260973643
-0.15634452457732598
-0.18125515904411493
-0.18878532290157646
-0.20795921745927862
-0.22933029023904444
-0.21653973541574267
-0.15353690964917333
-0.06519219565978264
0.00953785857931211
0.0600329953766842
0.10794606671736237
0.16385256344539872
0.21162755024356836
0.23916230432864272
0.2617654923767174
0.2990723869281279
0.3346186397527111
0.3291948385386897
0.27579711384734407
0.2074938684418874
0.1506718402531618
0.09511767355361277
0.022825577223910844
-0.050618015791348746
-0.09483222521773778
-0.11430627214506191
-0.13775753569766233
-0.1729421377571272
-0.19330555831050938
-0.17660406965341044
-0.14095058489547252
-0.11663222418759661
-0.09834506765920073
-0.057187131248944735
0.0024789331976198007
0.04232457937648668
0.047342284703175135
0.0560636629244247
0.09973252653617022
0.15579878961836174
0.1811983541447206
0.17505128578044987
0.1630041702664831
0.1438695459828879
0.0917149713742676
0.005078483527381979
-0.08231119667013334
-0.14309111781752654
-0.1888420274199657
-0.2401661338610545
-0.2952455736452275
-0.33399918310523313
-0.34010027574247764
-0.317862523235391
-0.2820825404524694
-0.23687621956200294
-0.17434017446207986
-0.09718869501207912
-0.02191673413599181
0.039889777506852714
0.09798024125305964
0.16369100038683432
0.22229859263241522
0.24551471989091259
0.2384786630434533
0.2363684526592667
0.24191349463627884
0.21862184942918267
0.14383929847199556
0.04802060765598467
-0.01649678184636215
-0.042305694022943645
-0.06602724352662008
-0.1102905861855863
-0.14617890459901886
-0.14591777979414028
-0.12416030647403127
-0.11408578014463523
-0.12132243053109931
-0.12058362705560431
-0.09844912112899287
-0.07232978767077172
-0.060219239738903446
-0.05020033586612269
-0.021294418997822796
0.016944521914915363
0.030560623878280017
0.00699788704631492
-0.025927526869378034
-0.040756623802077785
-0.04476115503865072
-0.060005231741639374
-0.08214566111924489
-0.08581110024395994
-0.06584216426784331
-0.0447781373562819
-0.031783335353834874
0.001314752621019153
0.0744069498045477
0.1622966021954936
0.21887718726422428
0.23234017234239712
0.23619181007873472
0.2527288997033262
0.2595573436539645
0.228654806172195
0.16894730641334832
0.11063257426944745
0.04855712358288494
-0.05016994149721242
-0.18572194603687403
-0.3040739263123645
-0.34995257496830645
-0.3278132267396017
-0.2982271087047182
-0.297751491011787
-0.28933950884964926
-0.22748524247856014
-0.13284133449432767
-0.050032258498779486
0.031770128402995396
0.16287141293469737
0.34112704372849545
0.48137589373384965
0.5270328085478062
0.522001822612535
0.5346891228626226
0.5483580567663472
0.5032291336291279
0.40466096886157427
0.3036724952464122
0.20443516237008671
0.066412051589406
-0.11226030008841723
-0.2811706339100591
-0.39936255712014485
-0.4691578065115138
-0.5188561635472663
-0.5497450092904733
-0.5409132527050639
-0.5004499502255376
-0.361067469070615
-0.42936314477017196
-0.3291351381571961
-0.14300529300040046
0.07572711779152884
0.26352865665939307
0.4164316115377441
0.5592965063195269
0.6817072180296353
0.7457080966696767
0.7424320292061514
0.7115913875427362
0.6646364045460652
0.5564445784458458
0.34922292652679615
0.08388020845243561
-0.15811262345854743
-0.34275385643259887
-0.49800190644224557
-0.6480810399206312
-0.7687675037115032
-0.8265778723243032
-0.8342579932975617
-0.7439974438057939
-0.6850901153739506
-0.5698125430834804
-0.37468004181064185
-0.13720876407603422
0.06619706654016247
0.2584416930998392
0.4558899462305171
0.6267372613812219
0.7397754165876558
0.7928924331155929
0.8303165893504331
0.8377533154241803
0.8250411585479409
0.7258952491871232
0.5336423946327623
0.3096367974431696
0.0822242015260308
-0.14163922550046984
-0.35179950439871016
-0.5320983370551345
-0.6761648033453108
-0.7790623166653405
-0.8374488550408582
-0.8179617592921976
-0.7046383168931561
-0.5345812574952682
-0.3627076949517497
-0.19712458101258123
-0.008468869262942458
0.20167711523762968
0.3936751004793511
0.5543685721677483
0.6937555077042951
0.8365676527392057
0.930644384315682
0.916633187511328
0.8097711492206794
0.680271015231194
0.55456893480376
0.38462020974100075
0.1347841979740351
-0.13798648703483876
-0.3522584258173481
-0.5139100246426769
-0.6730097488731503
-0.8256054015327764
-0.874957837383079
-0.7863109099175033
-0.6437190393645952
-0.5275262099819876
-0.4032068921903101
-0.21375614717983404
0.00974464121043038
0.19794026229576858
0.3617065518822815
0.5494485991302648
0.7429623260500792
0.8459845096700472
0.8142693724022732
0.7287498231907978
0.6839027924153821
0.6547462737721348
0.5561057510981234
0.3889326351782671
0.2324466063892233
0.09953138857490695
-0.09499100033309936
-0.379764955535052
-0.6384465758601073
-0.7512956033709821
-0.7500743217127566
-0.7484244719884624
-0.763503807716303
-0.7065642214426405
-0.5420454467794557
-0.3381435946283349
-0.1509905959677979
0.06409461260853491
0.3609121427322915
0.6862132494214627
0.9167589625858746
0.9955483337048715
0.9941817103912004
0.9972823288353913
0.9971355447908903
0.876896592945164
0.7741549551827218
0.5944682097083916
0.4215218105735816
0.2156282414214447
-0.055579177070436366
-0.3200290833214152
-0.47256938594966674
-0.5262242508564127
-0.6013194176143395
-0.7344380488082983
-0.8432161285203023
-0.8465289236548619
-0.7639351326574271
-0.6433515138893813
-0.4079022358259084
-0.16973613936139817
0.14406958575539391
0.36735716074675867
0.4605371248966255
0.48825935790066494
0.5117713536682938
0.5143635425327601
0.45637322228200117
0.3760476452728219
0.34186112274973596
0.33886087224125466
0.2782375538049025
0.13291867609095304
-0.022610931675729664
-0.1257882175125792
-0.2228041826433043
-0.37212904873600655
-0.5359643437398874
-0.6409915407376161
-0.6813016499373037
-0.7003083542303198
-0.5993275636659268
-0.5541403294676382
-0.41731651623784866
-0.1721206736397718
0.06713718623123459
0.2598004764461186
0.4166393336884584
0.5672694853756468
0.7040032734621857
0.781649219290188
0.8252680294462243
0.7958816928297959
0.6945773512870608
0.492996505485686
0.25709924061086076
0.00963192580945928
-0.2497743905384232
-0.49826344763162544
-0.6925957055301
-0.8170830966640342
-0.9310061155023681
-0.9438191001479035
-1.0071687503880968
-0.9962280696785253
-0.8745177284822405
-0.5799466579532185
-0.3121685004336803
-0.0849786292358174
0.15430532937263086
0.45304092154750275
0.7721842071721265
1.015788636515921
1.1421721474961197
1.2390178425650853
1.288442607145083
1.2794669577608897
1.1574012401740954
0.9218349256162991
0.6590780597715413
0.3421934079161127
-0.0848385026250591
-0.5668734575169303
-0.9542243326424603
-1.1515997109792029
-1.22098789227489
-1.28888583879246
-1.305244901792463
-1.2744925477102416
-1.173686455102702
-0.9782376036538081
-0.7726402021042614
-0.5685748173981747
-0.301834531270953
0.07108390122128945
0.465127279919867
0.7641252972166797
0.9563428409640297
1.1291251322327178
1.317785424142362
1.4147748474550244
1.3387955876662707
1.194184692875339
1.0010398728034375
0.7781689014778042
0.3967699517389564
-0.1553241864933565
-0.6888724246802015
-1.028552625718127
-1.2026061161699872
-1.3552554283952494
-1.4729209896816238
-1.4459084425512918
-1.2889405699989473
-1.090146292717312
-0.9240257181024275
-0.7246339526542072
-0.3515428962666985
0.12681829710029738
0.47956639159071607
0.6398422284305219
0.7877231907520463
1.0616525993132002
1.325099685184264
1.4111871945828813
1.3525672678391996
1.164783867128618
1.176802385352545
0.9241109006678793
0.45039565305283447
-0.07250014739804703
-0.455027598723834
-0.6860103634202888
-0.9064751488582936
-1.136293769340001
-1.273778476545296
-1.2855428655352505
-1.1864334536095165
-0.9576862333533407
-0.8811160987080958
-0.6918200288325786
-0.32771513269609653
0.1095297473087242
0.4662672719306902
0.7201090279388793
1.0184567307763925
1.358766143377197
1.6206171296947063
1.6557645681493787
1.633236913149887
1.5720373284177098
1.4863662858300373
1.23351035324936
0.841265327922685
0.38202992228056604
-0.020692139430369988
-0.3290659142042301
-0.6365469310761946
-0.9982969974626427
-1.3751512162058437
-1.6194872768103992
-1.7321853881987175
-1.605392774620208
-1.509618189091122
-1.4004174501375641
-1.1437421467117048
-0.668928953536233
-0.16479398734084788
0.20436038004937013
0.5301366211353604
1.020425499665832
1.5711039435254062
1.9343020043591777
2.0808965401492427
2.134982431212617
2.199807311414423
2.2410359242452524
2.076991615280457
1.6056812860964869
1.0219359490531195
0.606111553481092
0.22696659579945985
-0.4006088977707881
-1.2404020221609784
-1.9152466707116527
-2.253913042854264
-2.4772275875003453
-2.7621742658423662
-3.0463041549007674
-3.184252109021423
-3.099093514805364
-2.9080487837229843
-2.8229129293934143
-2.9013259369622664
-2.882786245203349
-2.4724016688850305
-1.7494167086589199
-1.1533766326519312
-0.9886987085438933
-1.011827297943242
-0.80881678153528
-0.35507404303233314
-0.06663529750942465
-0.22639394228856846
-0.5102630337723129
-0.5144609925104487
-0.3481011289551175
-0.5365145906589032
-1.1084257791441
-1.6845916814202757
-1.9496953305969273
-2.1082330020745697
-2.425205141420581
-2.8288497805371935
-3.1108825134938813
-3.119096895055771
-2.9150926396898136
-2.7481286908000833
-2.769685160253336
-2.714252001655925
-2.224346296299995
-1.2973575656328136
-0.35205199468908005
0.2582790775975886
0.7076066266667713
1.4537248090005395
2.5357600791119523
3.444041380810827
3.9191555952063446
4.1525473225561305
4.407075943133672
4.767484259461512
5.163078835273094
5.3955750741231325
5.371537093611176
5.190076274459615
5.020070987110868
4.953485713161348
4.866028645185337
4.541871213860274
3.9104075806819987
3.112056269687302
2.427681823126888
2.0266628547004646
1.6872773425198184
0.8436251507532634
-0.1881407553947028
-0.5765984933628392
-0.4370376836155891
-0.40881618747858733
-0.6426554519803301
-0.7681475415657351
-0.43970032922272445
0.23055126224857228
0.8294285259377976
1.1151531686453713
1.3044492667976375
1.7283550086957862
2.157008233730262
2.3784632945713087
2.3614713256504447
2.2889040968477543
2.2846077582002615
2.1582354723194506
1.6506620619556498
0.7150325205920445
-0.4833833624893104
-1.8976246121883429
-3.263705957296082
-4.42368753764595
-5.692285082651412
-6.927216478347419
-7.885254353088026
-8.453293952601856
-8.6963012485497
-8.768348819242586
-8.76253932698627
-8.65291824297233
-8.311222566944641
-7.6176486858936725
-6.565826363760599
-5.263992984501655
-3.8179295244058613
-2.173886094414623
-0.21115657939489824
1.2341203154984053
2.221886559970794
3.294144210199766
4.260579353697805
4.875671271334159
5.035634326304769
4.907256363214639
4.732015020406837
4.584304218820848
4.324404325605791
3.7155044540163185
2.685307599001897
1.3280612194752623
-0.2873763303557986
-1.1085956575357
-1.7777198768725038
-2.789017093640197
-3.919866534178876
-4.584222377156531
-4.450826428627653
-3.766962048854502
-3.159968126224325
-3.033728378714011
-3.007664193374326
-2.2050255188054804
0.23250743192258563
1.880871326116912
2.3646184134113977
2.5402849996952552
3.0476377081865897
4.037428837421261
5.055098703718689
5.504949011834475
5.220334765354182
4.580042760184093
4.130517900889976
4.042564607568364
3.9502816396327174
3.311543744012712
1.9083971830633193
-0.5283131153745284
-1.4053091044845532
-1.5934018101041931
-2.1904771611224834
-3.3585751890055215
-4.398929714852602
-4.658528868579807
-4.085252483814
-3.3361251103971825
-3.0860720987630352
-3.221538559112364
-2.9500471369124432
-1.6679875637433723
0.3912438114065658
2.1361045688419407
2.411582911047025
2.4266714607778703
2.966473041253491
3.8515843290479315
4.522019057898557
4.535521554541472
4.028044272759488
3.5515114839059065
3.450710479130695
3.5832855556563405
3.4494934770133594
2.6830133767062847
1.205090105141076
-0.8141310066589916
-1.6945380412766704
-2.5945711802194107
-3.6695733628681637
-4.692697654449733
-5.482338030479033
-5.844459626337873
-5.721476738052808
-5.2718206445133
-4.798472174719749
-4.518755215348182
-4.29922080802305
-3.6035091262271672
-1.7926751379250212
0.02308581167255685
1.091646642894792
1.6981468460650775
2.322458120235905
3.2241991717089222
4.196670548399917
4.766835659454744
4.693321980408133
4.2034577973741785
3.69388119722389
3.513747435503573
3.537470558437647
2.9423562182432534
0.7938595947758263
-1.4472073662491514
-2.798412081292045
-3.3670726271155327
-3.8846603101845467
-4.903573661447894
-6.181590797785219
-6.9849761537257935
-6.761673300481661
-5.718691415232589
-4.635284113749127
-4.070934041879522
-3.691335421051254
-2.59670701323705
-0.5964778225895134
1.345005235990449
2.362465060520314
2.5121581202064873
2.5620033940246594
3.172023391457771
4.16230503504667
4.797378691914685
4.483836495667464
3.4572015564287235
2.5139901407406744
2.3255089759321685
2.2982826322202534
1.3070892391810969
-0.5531441380944198
-2.1255923972227175
-2.5347250602847584
-2.0056078372038986
-1.6529721597210782
-2.2371614135161932
-3.1579805366343083
-3.238228321667709
-2.1685011336221582
-0.5218370147856722
-0.1966267183595453
-0.6642858173203565
-0.09021557677140493
1.3938683988321643
2.682005312679277
3.003880402839582
2.58736944389205
2.287297398762619
2.679512895888456
3.3735152109499715
3.539556356783951
2.75868995656992
1.4754919998373428
0.45821317064789047
0.682614531080821
0.41077898189019785
-1.3399759027817968
-2.828105039415369
-3.122517358517476
-2.589293738844991
-2.225975288367567
-2.6167093690761054
-3.2386385129536093
-3.2925425167564994
-2.6028000941592704
-1.554231994683555
-1.1332111632071302
-1.3352508634108708
-0.9281685873118998
0.5643918133945328
1.5793515384915904
1.7669908644083663
1.597923808864952
1.700030613468508
2.19449658968836
2.5680583989859125
2.4115854551022995
1.8184634120709084
1.2696548316754144
0.9440810980600308
0.6010531123141698
-0.2211636493719236
-1.5117653431880422
-2.3443971551681395
-2.6469457526247058
-2.772506968449458
-3.0351221716771324
-3.3188145457244627
-3.340629068243308
-3.0255484395174532
-2.6467038479244733
-2.2850449206722585
-1.4945437816070457
-0.452000690050839
0.36576250391721443
1.0520957745709671
1.6111529973308516
2.116461728743601
2.5549717843291218
2.858987016832329
2.94226118460412
2.824836739175289
2.724189528366239
2.8802111853581183
3.170840006619902
3.2079006576805504
2.6191151266907715
1.4646956178758863
0.9370252277849027
0.8539714908602266
0.276074288878507
-0.9273066110181898
-2.139973055019133
-2.5333513430665238
-1.9087801293094664
-1.0667366228440411
-1.1104824809982141
-1.8243305056940253
-1.767978886852015
0.24303797876451258
2.213879221090987
2.6256504360200172
2.404203448986036
2.452296385997742
3.2262814668152413
4.265844997760419
4.731750115268713
4.095996750191779
2.802341565795288
1.9075464763677146
2.0529918010613417
2.128953189033966
-0.08250084681226999
-3.3081625809386628
-5.012302259447787
-5.193781286592021
-4.749807816161111
-4.851957631866239
-5.775263096433712
-6.6633585834124
-6.4874768232541715
-5.073779830384574
-3.4161686710419947
-3.035260315167242
-3.8141181649934026
-3.8099113336377437
-1.51451636073625
2.2567109899959665
3.3550656871838087
2.7721107443086113
2.2693593599527655
3.1959308536802857
4.853660802112064
5.753281436758176
4.948284604976669
3.235151021322934
2.3245259795327686
2.8845711060523724
3.5624481597211015
2.508025723275519
-1.682412051631656
-4.0037749201450685
-3.8070791602508938
-2.7817538788751826
-3.1667767579732446
-4.998763182384046
-6.496466482120922
-6.343127271427355
-4.7049696088619015
-3.3248034891895326
-3.7984930672077186
-5.02509079449269
-4.657133363676624
-1.718724985242324
2.1627337679934646
2.7971876700860223
1.6341264060530973
1.128791197813644
2.640567497661927
4.31215479406486
4.183236850461629
2.2100217793104555
0.33646598215008133
0.39946531330792057
1.3989894050942582
1.1872997717549578
-1.169019994206142
-4.167224316892565
-5.487541144263142
-4.979315537898052
-3.8247221280012123
-3.8377244590712802
-5.2429336573725
-6.491903495501207
-6.173771986485187
-4.197331268029802
-2.1959924451239106
-2.4508437477172462
-3.8475128108133894
-3.572196307859867
-0.7838160979521834
2.476851698804163
3.2648706265574967
1.8516370169321958
0.6747350779011079
2.278167658164742
4.802039919780869
5.629742674211112
4.608581514192481
3.451761245224768
3.6771026298630582
5.205645350529726
6.555372972192963
6.329477669946475
4.586782257029048
2.69735605836055
2.318279872164796
3.4637262512622744
4.180059755926407
2.7754647912343064
-1.270256526937754
-3.1048372301088394
-1.9328913520113926
-0.41463937390160177
-1.9627325998788698
-4.2720893151289285
-5.0656934517645595
-3.783663122517774
-0.8533007822529594
0.6059776054160094
-0.7909214637208011
-1.5880951399848378
0.6661357936032437
3.6671585913316793
4.681436434398292
4.289632094640074
4.024886067232146
4.818888119938211
6.118999308491919
6.751935469645155
6.042938399241231
4.429436901140673
3.0805232235603754
3.072667440995373
3.8574762239354987
3.565500366081608
0.6834038389772763
-2.7893532876774776
-3.939331000855252
-3.3752883144811796
-3.5314350887811106
-4.863260963524899
