-0.0
-27.37519730646151
-27.377945372612935
-27.397972672611985
-27.455514070761456
-27.55957592224293
-27.689869015854292
-27.803302610537976
-27.86242554543601
-27.86332252277507
-27.834012413975756
-27.80430334896976
-27.780192035644202
-27.745877907591833
-27.688115164605886
-27.611204507203304
-27.534157742278325
-27.474021384383427
-27.4309880620619
-27.386680137612608
-27.31513473435915
-27.20601099959893
-27.08332136940879
-26.99957098238358
-27.002092354412582
-27.096929866504162
-27.241221480105445
-27.37250753158281
-27.4505687218959
-27.48080206387009
-27.50366977242976
-27.566113731376333
-27.68757896557627
-27.83950586222413
-27.95816185169748
-27.984344653152682
-27.9117654823498
-27.79497837709898
-27.70681124339735
-27.685392131986298
-27.71188486712932
-27.733388213616585
-27.69656882363097
-27.57515830027466
-27.382902143132256
-27.178575148557254
-27.045426799191937
-27.038869416501235
-27.144406305396497
-27.28702263233059
-27.389458641120694
-27.42872887761866
-27.44324379144808
-27.493194593175765
-27.620000704717786
-27.82283270900434
-28.053700405486364
-28.23401643882484
-28.292095788429577
-28.21067060875034
-28.043312667448053
-27.87733647840354
-27.774176545412203
-27.731466785647715
-27.695652446256396
-27.603848266104357
-27.424443124805098
-27.179460443407816
-26.94311404879357
-26.803089461653407
-26.80459134617776
-26.916933715109234
-27.061457591614413
-27.176096904788356
-27.258160022973417
-27.341705647801145
-27.44733823352513
-27.563715210914523
-27.662893809247414
-27.722552174805877
-27.725045006003427
-27.657430237422055
-27.52920449220868
-27.382033764180846
-27.266415762343794
-27.198356727080164
-27.149070901585134
-27.080012893821493
-26.982835303891935
-26.881282028371125
-26.806172652975825
-26.780239702277125
-26.818584035352508
-26.923639100474965
-27.068484613517867
-27.197964335476303
-27.264355304510556
-27.267261278668474
-27.251124323676343
-27.266397595464344
-27.336678344673118
-27.453752009790833
-27.587694037560638
-27.69116107833544
-27.711834569520164
-27.626041044298532
-27.469404138157824
-27.32042560820239
-27.243300997191113
-27.241196072787268
-27.265816789242578
-27.264149861074234
-27.21367846603851
-27.125029546192945
-27.032940476706308
-26.986135408763662
-27.02059496974515
-27.120966221891564
-27.212175212257147
-27.216094720789396
-27.12795754853814
-27.02815206085808
-27.014672872732934
-27.121202381814783
-27.295305628488308
-27.447424387613438
-27.507799881590028
-27.45616136226308
-27.33286790937627
-27.222886547856053
-27.206007463104772
-27.293498874899957
-27.405394272001267
-27.42963471902958
-27.318798195971404
-27.12924905097438
-26.973327494898367
-26.935941564688854
-27.023575053383624
-27.17243536199417
-27.280439190087684
-27.272227573112133
-27.15446962903095
-27.006075408663676
-26.94040646627954
-27.025897717379852
-27.257835211114514
-27.434213357662188
-27.540325286130635
-27.507843332425868
-27.377661759433526
-27.239144899526856
-27.174825564589348
-27.20945531218507
-27.28725986982405
-27.308207007261267
-27.211177158283213
-27.021083752386232
-26.85301082370818
-26.804338170985524
-26.914849010532595
-27.1361035765717
-27.364305558542434
-27.49390603314986
-27.477605600102528
-27.35891692240262
-27.257862294363086
-27.278186285858524
-27.44494744575462
-27.674745683323675
-27.76889986723162
-27.66389612462818
-27.444656727179407
-27.22636150291811
-27.13591085327549
-27.222437609537643
-27.418006581284175
-27.568770436128926
-27.519131979783037
-27.27046170475121
-26.91994499223007
-26.6897726491827
-26.689260396128223
-26.89788905542728
-27.17270215038178
-27.330490760437943
-27.310344756237843
-27.18315228409926
-27.09917361618684
-27.18925708927685
-27.47064569390392
-27.844529467861307
-28.103327171026216
-28.104463420694053
-27.84885749195652
-27.484692111764158
-27.22475298563539
-27.200703300919525
-27.37655544794348
-27.570909570513017
-27.5742440889792
-27.27435888922486
-26.793151110902425
-26.326752175516955
-26.122695076121133
-26.263413074161587
-26.64148662680865
-27.01511013335878
-27.16051170000135
-27.038230607650974
-26.825373563478
-26.790160715672478
-27.0952741674001
-27.66121216126377
-28.236101548178866
-28.499393242435847
-28.342390116415544
-27.894522692330817
-27.449111380343137
-27.281166882793183
-27.460538928107926
-27.807743970013327
-28.01275094188628
-27.843454107551842
-27.297086425643297
-26.629403253586318
-26.173026298720966
-26.155166136706658
-26.532345792241824
-27.02976256265378
-27.283491772738127
-27.09380407034122
-26.580838386724142
-26.11846178428755
-26.084597150505665
-26.600531777708117
-27.45832722803566
-28.23902622268417
-28.572162587029755
-28.35689387070022
-27.81669197433083
-27.34673926976134
-27.258290167008724
-27.57258065384153
-28.0138350601855
-28.193188526461814
-27.863338540251725
-27.07381340506091
-26.15047058243369
-25.528409775381714
-25.447543563942887
-25.851460237961142
-26.4256256465036
-26.54255307045629
-26.189006252097002
-25.559541888977602
-25.032926123639808
-24.999725890114064
-25.49903319158107
-26.320018643971142
-27.051166615452555
-27.32553097842883
-27.055295285983064
-26.427988563259028
-25.908160362039503
-25.6978612651865
-25.85977142165647
-26.125560546086668
-25.941212114927552
-25.24673219638137
-24.195477815661217
-23.11950644509353
-22.500462071387457
-22.672377015166
-23.33761735472808
-24.131160113077016
-24.579873975510957
-24.480302566216665
-23.968635435724984
-23.617654849947787
-23.507697321264683
-23.795048574513125
-24.199863728262095
-24.44635177118003
-24.347863763202596
-23.954211539920244
-23.538544782124955
-23.436469040407523
-23.78728470995747
-24.333879676036766
-24.951475931122037
-25.05090418544749
-24.6880127045128
-24.07908815547455
-23.615267741802214
-23.592872712298266
-24.016815438294863
-24.64769576769677
-25.097263665783665
-25.08358936956272
-24.61328069188564
-24.019563705297294
-23.63110261211997
-23.75274275028268
-23.910712305937253
-24.4384507789338
-24.438310259589958
-24.10651461087187
-23.57672372399144
-23.176098523563574
-23.18481297512193
-23.64124076268792
-24.359132570475357
-24.623519909965097
-24.640931943473465
-24.125563404495544
-23.461973600874092
-23.0085258552413
-23.027314150744633
-23.55634932291148
-23.978955586906203
-24.197594227978644
-24.014090843204908
-23.544447263084905
-23.174645324754557
-23.18572461543591
-23.580186886053475
-24.28658506598444
-24.637216313766597
-24.57461033130916
-24.06866098448777
-23.46526083432928
-23.16707506413152
-23.41054126643327
-24.11730932328964
-24.860117641505397
-25.18472239726399
-24.609832957177606
-24.174448852505304
-23.462542661103477
-23.212954272261598
-23.66632473728648
-24.430994682524332
-25.024850251109584
-25.10103968349204
-24.561118733987843
-23.684116375027028
-22.992932462116656
-22.914172988614524
-23.424495960515042
-24.156855106153323
-24.571632846907395
-24.427456646063433
-23.823633265000982
-23.088483145775967
-22.943201752441627
-23.34071861522196
-24.26813754707718
-25.223527286470446
-25.633665800673526
-25.320143955308176
-24.46080741191337
-23.642424459030607
-23.342556318249247
-23.606005203415062
-24.43774642469829
-25.180319083008932
-25.335750165366235
-24.851363167150442
-23.961576049586228
-23.220846210471546
-23.090546442606396
-23.596447897766204
-24.332752452859193
-24.643505190171496
-24.255603583902943
-23.270755426995162
-22.34654298720114
-21.747211199122184
-22.21773836579893
-23.25109327876264
-24.428915586652487
-25.039287700978207
-24.821323780052502
-23.973825270436013
-23.174215601194113
-23.026314967370716
-23.494921815418042
-24.43746363889116
-25.2434725532965
-25.07915563259157
-24.24152746862293
-23.323299960181764
-22.458270144553587
-22.38497732889779
-23.02731793492311
-23.998109212049087
-24.501357579735902
-24.2491563984897
-23.17277104072378
-22.133289485004507
-21.550895398405775
-21.6909969595418
-22.317097108907948
-23.524532839989956
-23.963785382455175
-23.63152361157092
-22.774976071062778
-22.1840279629058
-22.367728056049806
-23.268171581492222
-24.659764608540797
-25.86278661406417
-26.247656173535955
-25.801552868136827
-24.770141499315617
-23.867978787455815
-23.777846447826636
-24.49432157220361
-25.406667269678692
-25.734444060159962
-25.15453729241779
-23.855968502707583
-22.32520160577812
-21.16675952434788
-20.710707384380026
-21.050812585225298
-21.75450113846869
-22.004700360631134
-21.610438445125624
-20.744850442684182
-20.14462272007332
-20.194083163150694
-20.94021858576671
-22.484883120315736
-24.739790827345974
-26.526284917464217
-27.51235154799289
-27.89778235824865
-27.766199134574123
-27.737495346149295
-28.41548993764055
-29.730435256855177
-31.265400014026408
-32.280845645839975
-32.58589795331321
-32.29800293741831
-31.410349203895542
-30.131189164916595
-28.868632075199454
-28.1071910754845
-27.981118295957074
-28.157042726944837
-27.89875679172555
-27.403367626834218
-25.577141193280767
-23.319659765775526
-21.624609041218516
-21.33599628977482
-21.94530831036007
-23.44601081438362
-25.32779032421111
-26.563190860588353
-27.28360539192146
-27.54669253985076
-27.5669507722646
-28.322627302534777
-29.77196683103944
-31.53773785223508
-32.73674258570383
-33.15509426098956
-32.82078932943229
-31.713559188616237
-29.993243696446843
-28.03901353279155
-26.40357987529328
-25.320897370579203
-24.54228841110092
-23.468111899720057
-21.263100086367512
-18.407338716359092
-15.502576746458573
-13.047558212006154
-11.469137039497276
-10.730755200484753
-10.75546858919451
-11.284902042438999
-11.817734291213203
-12.306440338526112
-12.55370534604496
-12.736436459298412
-13.200967458452661
-14.297035914340327
-16.24934249633626
-18.84930088101678
-21.798955964500315
-25.05579381813119
-26.74722650179099
-27.133245041417226
-26.952375713096853
-26.983502939029723
-27.211652101696355
-28.030274996585273
-28.588889726992036
-28.416566395615423
-26.875703117831108
-24.243107201965614
-20.598014334695296
-18.29251973488889
-16.467001552371254
-15.805507443359478
-16.201382316306503
-16.966496129572224
-17.47359801300915
-17.38936612303488
-17.345410629296886
-17.995868614212405
-19.67002950678259
-22.741800581837783
-27.39619251318835
-32.14357254591502
-35.42491655815318
-37.92740534139729
-39.37201327721666
-40.1390746184867
-40.65606037028184
-41.339083955340165
-42.09211227895609
-42.81752374787325
-43.09528201617948
-42.435830364759646
-40.63144701360042
-37.469269078958405
-32.73991266248012
-26.581139067723786
-20.863881017058198
-17.070078933597124
-13.10515561961642
-11.406519821236445
-10.385269905021087
-9.343717211481788
-8.284452461721871
-7.408031461294376
-7.1305462998018365
-7.845169868296573
-9.768848038637822
-12.75047684799579
-16.70980031336937
-19.904319630564096
-24.749384959374545
-28.795465717708666
-31.581313241719748
-33.64099397317677
-33.82564277905958
-34.6232228553438
-35.35736471590265
-35.22066777326965
-34.24383494260376
-32.49427930027889
-29.805526852036998
-26.03857292417852
-22.27565009205613
-18.864425347920935
-14.84697221869577
-12.672281094960882
-11.18815550132077
-10.419707312180547
-10.216193836753924
-10.107780871145678
-9.938591127280992
-9.905029719317644
-10.318427774621561
-11.53194762597162
-13.857568727253714
-17.369606797010885
-20.726054717074383
-25.062239494317964
-30.349038994291
-33.30642901546459
-35.411206652195176
-36.34595681837219
-36.692726057097424
-37.39647542667704
-38.30906003396272
-38.77630510533874
-38.391735243979376
-37.017423887258
-34.86259651704269
-32.03206190167848
-28.337416123809458
-23.329738215468865
-19.704425645090417
-16.565424911301676
-14.56891883464125
-13.569784829197905
-13.465365384054818
-13.422655798505495
-13.178316376441405
-13.123033182979345
-13.288643290103602
-14.32862140524866
-16.57899096883786
-19.437375922903424
-21.545680285564508
-25.701520876378474
-29.65410740050016
-32.189554746823006
-34.4854890630551
-35.30696492835707
-35.58555239489018
-36.2058381730191
-36.49469483244166
-35.943237415333
-34.3611160300746
-32.10288080036761
-29.20408065534486
-26.177134283710878
-22.839186737503468
-19.307494671159795
-16.588510966137783
-14.29857698315058
-12.563298933223402
-11.804236110140065
-11.879472655359795
-12.410374493044095
-13.097129215574071
-14.323008654002848
-15.96830576606596
-18.117487116093777
-20.882143669419207
-23.69061708308707
-26.579532201657695
-29.65459966202642
-32.66181378318079
-35.031944223101945
-36.5121437895632
-36.80182931580183
-36.31478305551645
-35.70967613682886
-35.04233592108235
-33.72049233281944
-31.358480056429762
-28.620408569539993
-25.35933578312584
-21.765113590445285
-17.926655306764218
-15.380170066254585
-13.435746035139097
-12.290380269630514
-12.12756895598011
-12.97712497170958
-14.506580221763656
-16.09736232752059
-17.934369179529995
-19.65048617405063
-21.286307734666895
-23.75719560204739
-27.04175654582768
-29.949898331564558
-31.86910419054466
-33.68612505100878
-34.64818242580585
-34.48785220877319
-33.44784810771691
-31.967036454468754
-30.381294599055085
-29.27345387424015
-27.899500600918557
-26.84601182452994
-24.412523550390844
-21.20352936777834
-18.28943489065724
-15.053298781365127
-14.034036992857187
-13.736085054994525
-14.18142952042228
-15.09874653963071
-16.25773186632609
-17.268686058822418
-18.588627430202763
-19.365625401595597
-19.36347272303639
-21.407655145832194
-23.78447355445793
-27.02455500871334
-29.272129302074138
-31.19835257906075
-31.0318505379344
-30.352335730014342
-29.280118796709242
-28.47848252540422
-27.80360799098493
-27.634979553480388
-27.84052709874957
-28.118952014872985
-27.28280161284456
-25.02449355780946
-21.690872106542045
-19.428857097332227
-18.43011826783793
-17.493570504483948
-17.986689002267596
-18.559514212311868
-19.222327276232924
-19.315172812810186
-18.862025677158016
-18.516208458054564
-18.804146234368964
-20.757912626127077
-24.17976940755284
-28.834108457484625
-32.302676901880055
-35.17787431462396
-36.26726793300264
-36.143950495681665
-35.45884430683616
-34.741165865082614
-34.473338850693835
-34.578704001195916
-34.49435779204437
-33.344651759693534
-31.110447831019073
-27.019050964193816
-22.610092263399583
-19.038493033821563
-16.344161774326487
-15.256705131744429
-15.824174515963621
-17.226204357713993
-18.447623772795065
-18.667616835929927
-17.938841959265588
-17.120520568969976
-17.265479579524584
-18.873433834218538
-22.0573565819342
-26.23200361397265
-31.096044520551466
-34.85392410155404
-37.59605271804041
-37.99629127021851
-37.11684451705288
-36.46256021534151
-35.89890852907126
-35.650348344930016
-35.620035231499635
-34.943629854401294
-32.69866863589866
-29.19660283442827
-24.852922198033617
-19.9885197760712
-16.636037401537294
-14.98563080740533
-14.923363710679151
-16.22406064575484
-18.13966780132892
-19.68710374385863
-20.506300042468233
-20.756911227169766
-22.026476150523656
-24.33880470486685
-28.22566675238009
-33.7817592152792
-38.750410924918015
-42.18029418259373
-43.677875584636745
-43.37915210207465
-41.73988830706846
-39.35300481118516
-38.31093458226179
-39.01866388399511
-39.45040507397251
-40.0220974128369
-39.69732377419462
-37.80664560064061
-34.01331893538545
-29.366067758626627
-24.83230776658096
-21.76846630651409
-20.755918014941948
-21.33649408632619
-22.418159412352566
-23.294849548640585
-22.970349575441276
-21.60207288661914
-20.340608046859437
-20.431735183937132
-22.197752398036542
-25.459510225891847
-30.134823920489097
-35.13998844439071
-37.494407447605305
-37.849034217787526
-37.65649318295463
-37.31673325941459
-36.43127660063132
-37.95803883746584
-40.667997981209524
-42.47545129020093
-43.04524504650306
-41.785731757248485
-38.21741835201577
-32.43707521995796
-26.563267975269135
-22.44638373330159
-20.356953372859625
-20.05387806342991
-21.14019209387102
-22.220339201075046
-21.910350545442757
-19.843467520135512
-17.941854541726585
-17.081980196372005
-17.45279161415838
-19.68106986724188
-23.076657643080416
-26.101174470831253
-28.1683480493185
-29.618007276562288
-30.12506964825377
-29.976270286983702
-30.058925002044695
-31.149682420612386
-34.60733884148334
-37.90222313559731
-39.38514919523671
-39.85355262962014
-38.85654977849433
-35.89621855120792
-33.0268419696348
-30.653823333191788
-29.385477503863005
-28.940990069306054
-29.17583508720069
-29.141066704581842
-28.642738745316585
-25.853518382133544
-22.38482062897054
-20.248885815389997
-19.102149574982995
-18.748808675913107
-19.394670432953617
-20.4156053907422
-21.165141042042865
-20.78929511494769
-20.63429213014112
-21.2313308333747
-22.5302313509358
-24.618574176186332
-26.8810186159255
-29.862061571194587
-32.11440594640338
-32.91970262976252
-33.03803226958272
-33.078409363588946
-32.57341753982158
-32.841530255788854
-32.45411950150585
-32.00118264736183
-30.982203614470723
-29.41150753810359
-27.857601393122422
-26.915600117485535
-25.174697222261077
-23.53546408573711
-22.699022449641276
-21.948356317001355
-21.196609415450414
-20.79517592189395
-20.87737022011156
-21.979673114683234
-23.202900536836207
-24.54752716439303
-27.045363822076784
-28.65010630581314
-29.477433063681644
-30.565227053235894
-32.20588235529316
-32.65298458176855
-32.77492561911938
-33.05678140812532
