-0.0
4.8e-5
0.002131
0.01141
0.031291
0.059019
0.090528
0.127711
0.175969
0.234934
0.29708
0.35663
0.413547
0.465784
0.506535
0.534685
0.554129
0.555794
0.521386
0.453324
0.37859
0.31409
0.246157
0.156112
0.055403
-0.021781
-0.057505
-0.061748
-0.046401
-0.008964
0.053104
0.126363
0.191419
0.243392
0.296827
0.371606
0.462515
0.525748
0.525166
0.486538
0.465365
0.464758
0.432464
0.343641
0.241302
0.176009
0.134089
0.060886
-0.047775
-0.12425
-0.119739
-0.070907
-0.040651
-0.024612
0.03363
0.146301
0.258477
0.331778
0.395862
0.482806
0.555219
0.552947
0.485239
0.420051
0.386103
0.3381
0.235614
0.109009
0.013062
-0.051118
-0.119388
-0.180413
-0.173561
-0.088
0.000157
0.021755
0.007004
0.042115
0.136182
0.187563
0.119587
-0.009261
-0.095223
-0.141708
-0.237806
-0.402061
-0.540366
-0.583578
-0.589463
-0.649532
-0.740966
-0.754003
-0.657028
-0.544356
-0.498225
-0.484948
-0.429296
-0.331751
-0.250098
-0.187022
-0.070723
0.136146
0.358798
0.480789
0.484869
0.467467
0.497252
0.527463
0.479889
0.359609
0.226338
0.080353
-0.134115
-0.407022
-0.630077
-0.72436
-0.749571
-0.826079
-0.965241
-1.05605
-1.012394
-0.864925
-0.681778
-0.462224
-0.175439
0.135019
0.370447
0.505927
0.627037
0.797928
0.956133
0.999978
0.906487
0.733395
0.517532
0.23943
-0.091975
-0.389823
-0.583981
-0.725924
-0.92508
-1.177797
-1.376325
-1.428137
-1.350347
-1.217519
-1.048361
-0.799834
-0.479761
-0.17728
0.06054
0.290967
0.575372
0.859808
1.028382
1.043415
0.968734
0.851829
0.660113
0.369731
0.057319
-0.183326
-0.37629
-0.623334
-0.940096
-1.216564
-1.358973
-1.391447
-1.396918
-1.352552
-1.162767
-0.821812
-0.483374
-0.247544
-0.004785
0.360394
0.767254
1.035173
1.120863
1.138793
1.156763
1.099196
0.88825
0.588891
0.339986
0.15875
-0.054928
-0.351408
-0.649509
-0.847523
-0.94857
-1.015348
-1.041073
-0.948863
-0.733349
-0.511112
-0.371628
-0.257685
-0.069798
0.179826
0.3841
0.490237
0.550026
0.611444
0.626631
0.517892
0.319173
0.16366
0.105345
0.056231
-0.078644
-0.280096
-0.465522
-0.608741
-0.734094
-0.8095
-0.750348
-0.562193
-0.386908
-0.328833
-0.314327
-0.204068
0.015358
0.228894
0.364725
0.472677
0.589706
0.622559
0.47029
0.215732
0.061659
0.072666
0.105603
0.018343
-0.154005
-0.301
-0.415103
-0.543077
-0.641021
-0.602923
-0.45314
-0.402787
-0.592166
-0.830127
-0.822708
-0.60603
-0.476255
-0.496493
-0.411999
-0.129012
0.068404
-0.0799
-0.36804
-0.33543
0.067304
0.38637
0.321711
0.132815
0.198627
0.448521
0.549815
0.482258
0.555222
0.853574
0.96209
0.5553
-0.126996
-0.537315
-0.585183
-0.608013
-0.75402
-0.795221
-0.576625
-0.260933
-0.121377
-0.067502
0.248475
0.834567
1.255126
1.13626
0.67646
0.320285
0.197961
0.066449
-0.199195
-0.384799
-0.34316
-0.312379
-0.580505
-1.017979
-1.157947
-0.865739
-0.494535
-0.356326
-0.290913
0.039528
0.594413
0.984122
1.112233
1.34344
1.875421
2.319327
2.202083
1.574634
0.927896
0.56551
0.271224
-0.255514
-0.848663
-1.140224
-1.18735
-1.425416
-1.960594
-2.29299
-2.068241
-1.570484
-1.337899
-1.344473
-1.173124
-0.713323
-0.273538
-0.016275
0.404895
1.233303
2.064723
2.362258
2.10391
1.765416
1.612925
1.451277
1.032741
0.43138
-0.104783
-0.579976
-1.197642
-1.926729
-2.407148
-2.369959
-2.033611
-1.811235
-1.771227
-1.595144
-1.180079
-0.747315
-0.462493
-0.073439
0.668846
1.49361
1.865284
1.749891
1.558399
1.630839
1.776548
1.706603
1.440607
1.201316
0.966383
0.38389
-0.592338
-1.469365
-1.82598
-1.74664
-1.673224
-1.774313
-1.814618
-1.648093
-1.334689
-0.98177
-0.486743
0.320152
1.207291
1.689661
1.623504
1.319633
1.173808
1.181501
1.188253
1.06741
0.840066
0.521429
-0.055929
-0.876741
-1.540543
-1.769413
-1.675163
-1.644156
-1.804559
-1.976834
-2.074468
-2.042911
-1.905433
-1.608191
-0.996052
-0.205206
0.451768
0.756559
0.792768
0.89905
1.120247
1.2936
1.326094
1.199167
0.927555
0.328929
-0.701959
-1.66867
-2.142494
-2.154033
-2.135616
-2.237463
-2.343081
-2.419053
-2.371947
-2.120126
-1.646028
-0.893027
-0.039688
0.666389
1.085567
1.275747
1.411951
1.492103
1.551549
1.698436
1.707726
1.366533
0.60112
-0.430505
-1.378662
-2.120358
-2.705993
-3.185864
-3.511893
-3.541387
-3.276176
-3.103156
-2.955049
-2.278265
-0.918305
0.648852
1.82976
2.645443
3.556536
4.731802
5.826244
6.550063
6.922802
7.110015
7.244594
7.285907
7.082698
6.406538
5.27857
3.780184
2.141482
0.570351
-0.625815
-1.650557
-2.446817
-2.899054
-3.185479
-3.442215
-3.0496
-1.715104
0.092437
1.627434
2.799282
3.996438
5.369703
6.594555
7.435394
7.882073
8.032697
8.059109
8.017643
7.721442
6.767777
4.997046
3.027111
1.418971
-0.040992
-1.671697
-3.430968
-4.998042
-6.1792
-7.02242
-7.727538
-8.338731
-8.680048
-8.507973
-7.813775
-6.808449
-5.675161
-4.465416
-3.189894
-2.145269
-0.987465
0.715583
2.54681
4.168142
5.171065
5.399105
5.12986
4.680384
3.829748
2.263722
0.331884
-0.932799
-1.77452
-2.94956
-4.576728
-6.193976
-7.14223
-6.994309
-6.271272
-5.828682
-5.693798
-4.974771
-2.776006
-0.054608
1.606058
2.605618
4.031817
6.410407
9.190754
11.256619
12.02394
11.890505
11.786787
12.102034
12.204524
11.054453
8.242741
4.457884
1.243108
-0.900944
-3.404708
-6.23743
-9.532091
-11.998634
-12.925043
-12.647018
-12.135381
-12.062122
-12.139674
-11.46524
-9.411729
-6.325376
-3.283884
-1.100796
0.819859
3.750851
7.070704
9.375543
9.94063
8.977151
7.590611
6.556418
5.728971
4.312417
1.540554
-2.511522
-4.711734
-5.882185
-6.911834
-8.212454
-9.785913
-11.06542
-11.40455
-10.732626
-9.574983
-8.569883
-7.844709
-6.883633
-4.972764
-1.733878
2.689509
5.268131
7.042735
8.956048
11.30074
13.726988
15.420971
15.713467
14.762448
13.367784
12.289166
11.472474
10.102896
7.2871
3.015013
-0.325327
-1.704023
-2.68815
-4.591441
-7.091736
-8.679768
-8.310005
-6.612179
-5.073359
-4.734994
-5.003177
-4.16425
-0.839558
3.302669
4.290587
3.993068
4.884847
7.347358
9.578435
9.675767
7.436995
4.667712
3.224929
3.098307
2.196669
-1.165036
-5.681951
-7.639461
-7.611292
-7.196792
-7.645645
-8.914245
-9.715434
-8.803467
-6.281998
-3.65249
-2.36922
-2.146699
-1.030903
2.367029
6.453804
7.989424
7.620626
7.191531
7.806683
8.799242
8.70499
6.762823
3.726675
1.167773
-0.176489
-1.197303
-3.384568
-6.720674
-9.138172
-9.683184
-8.889693
-7.987422
-7.79388
-7.897917
-7.193016
-4.94741
-1.736683
1.022265
2.736849
4.003254
6.062043
8.928196
10.992423
11.311194
10.357815
9.284414
8.74479
8.463562
7.539672
5.426369
2.376549
-0.811638
-2.638222
-3.836447
-5.416527
-6.866718
-7.85219
-7.980017
-7.344199
-6.390439
-5.602202
-5.241413
-4.786526
-3.384
-1.099249
1.21651
1.965879
1.844003
2.515038
3.546654
4.110942
3.650905
2.65429
2.267228
2.750886
2.885906
1.632261
-0.816184
-2.462639
-2.349606
-1.717582
-2.551995
-3.907444
-4.716444
-4.764464
-4.541054
-4.742824
-5.300544
-5.27479
-4.031151
-1.784789
0.570656
1.470705
1.090296
2.427539
4.940699
7.114915
7.932251
7.366518
6.341997
5.765541
5.310868
3.697618
0.418396
-2.986457
-4.283441
-4.266807
-4.946883
-6.465608
-8.276312
-9.399174
-9.243087
-8.123127
-7.161213
-6.893528
-6.515935
-4.883183
-1.805584
1.401813
2.925437
3.139538
4.676964
7.771593
10.513997
11.294608
9.906651
7.731575
6.509848
6.472802
6.027777
3.293902
-1.415975
-3.773194
-3.554442
-3.301064
-4.151514
-5.89251
-7.194411
-6.731309
-4.604081
-2.651136
-2.174322
-2.266871
-0.932971
2.402928
4.620271
5.106605
4.956699
5.183727
6.289861
7.566696
8.139605
7.572868
6.542852
6.134676
6.316394
6.465699
6.190577
5.271481
3.268098
2.00012
1.951135
1.933642
0.789859
-0.745258
-1.379682
-0.871636
0.053144
0.198015
-0.263175
-0.171057
0.914452
1.986424
1.958116
1.997543
2.837477
4.368029
5.635374
6.345299
6.667304
6.916958
7.043058
6.456414
5.576932
5.079165
4.725887
2.642859
-0.178371
-1.939893
-2.700253
-3.252084
-4.717973
-6.54658
-7.362848
-6.918159
-6.388243
-7.140555
-9.185001
-11.186729
-11.332142
-10.17998
-9.202741
-8.572313
-7.280833
-4.818835
-2.004958
0.124354
1.867844
3.635661
5.015954
6.564133
8.51416
9.361743
7.783632
5.666628
5.217307
5.619834
5.16332
3.925855
2.938527
2.836216
2.87469
2.38349
1.030776
-0.621622
-1.633091
-1.30042
-0.129642
0.270782
-0.376463
-1.137815
-1.418136
-0.658868
-0.414562
-0.808254
-0.222201
1.222935
2.387933
2.386345
0.945467
-0.299927
0.324203
2.427939
4.220105
4.213389
2.742738
2.640394
3.743884
4.466932
3.681064
2.260319
1.876211
3.27781
4.802906
4.543561
2.530197
1.155686
2.326921
3.526803
1.176751
-2.567874
-3.969366
-2.742741
-1.761142
