-0.0
5.146540969018428e-5
0.002289717001339575
0.012279708981608756
0.03368723632953114
0.06354188741980239
0.09747926589550082
0.1375163545155428
0.18949392884663754
0.252976658249217
0.3199321427302931
0.3840820053530535
0.4454298397195016
0.5017220610386919
0.5456158652281677
0.5759613625414872
0.5969741240979645
0.5988239235295159
0.5617745440160564
0.48847762863465805
0.40798249669498077
0.338528626014491
0.26536327740887783
0.16849093578487645
0.06004802775500034
-0.02310299119535044
-0.06160681640032602
-0.06622057926502667
-0.04986390360084044
-0.009591868024832823
0.05720854853416665
0.13609963380689793
0.2061732903318505
0.2621442434977185
0.3196526112258805
0.40014448398789115
0.498069023048177
0.5662193203665332
0.5656088321297312
0.5241306226112907
0.501403121959191
0.500760229141252
0.4660303938009567
0.37043571894185734
0.26025735667172656
0.1899368096005385
0.14481501766506513
0.06597901901921381
-0.05107174793004622
-0.13348314393936822
-0.1286945572717214
-0.07626577794959835
-0.043752010497925806
-0.026515260783885837
0.03620351374852732
0.1575780688887258
0.27838886137538066
0.35734622890573453
0.42634452249807786
0.519950819777264
0.5979705930629335
0.5955746216238746
0.5227626697525685
0.45269666661630564
0.4161357917936654
0.36449983044603884
0.25413594046090227
0.11773765562468773
0.014429700029616688
-0.05471101957978787
-0.12830001722683837
-0.1940850303734254
-0.1867125080367979
-0.0946128075813866
0.00033469278562793916
0.023548869293715646
0.007645549026011755
0.0454671865926426
0.14677138119257763
0.20215643617901674
0.12906892538343875
-0.009618412720127032
-0.10219533247541406
-0.15230089936001906
-0.25567347996526424
-0.43272551337683113
-0.5817084085922151
-0.62824928700952
-0.6345821755441838
-0.6993085151674127
-0.7978193840678356
-0.8118472288584174
-0.7074487515180203
-0.5861694370052716
-0.5365056178001482
-0.522185583282873
-0.4622649420242366
-0.35723053150583484
-0.2693290385622341
-0.20143390793150756
-0.07635633118707298
0.14632725980682318
0.3860914957664344
0.5176734291654848
0.5221345995913308
0.5034123215912363
0.5355213651671864
0.5680612245420409
0.5168980791194957
0.38745440175820456
0.24401048554054647
0.0870620339895572
-0.14386708991497488
-0.4377132158969108
-0.6781608798736192
-0.7799165619991577
-0.8071095476049499
-0.8895376072133441
-1.039420293935906
-1.1372707267280444
-1.0903080366006193
-0.9315285585921604
-0.7343942640308423
-0.49782369000113513
-0.18900672762069598
0.1445385970283594
0.3985681699974376
0.5446521236831149
0.6751379110419014
0.8592084978633647
1.0296424139140972
1.0769369376612257
0.9762979286099056
0.7899534748355537
0.5574062726657922
0.25793969263028993
-0.09892595022809562
-0.4186255456802556
-0.6282382661441963
-0.781230573997227
-0.9713182873801454
-1.213634255337559
-1.4475460302877567
-1.5320951111243128
-1.4542088197523195
-1.3112202014272574
-1.1586335955888762
-0.8613567601877772
-0.5166939020319843
-0.19181752956022957
0.06417434253607787
0.3122290612467632
0.6195004699498213
0.9257884440396387
1.107334210320397
1.1211791445054922
1.0431851107390904
0.9270579815531674
0.7108125842511921
0.39812087636174065
0.06170834470671167
-0.1974245867491362
-0.40417824604779184
-0.6712364719978076
-1.0123343011799242
-1.3100422308057762
-1.4616981468583123
-1.4989116724037532
-1.501554747588474
-1.4671231065307737
-1.284875897085374
-0.9192066063238523
-0.520638246419347
-0.26668982635760863
-0.005280724913311166
0.38795310387858306
0.8260710049898076
1.114575853240913
1.171552622176084
1.2251918414052565
1.2436490860382208
1.1903422887116055
0.9665259148944274
0.6485095697431392
0.36631910947560264
0.1708656308728297
-0.059229051688483754
-0.37848643620360756
-0.6994889909126892
-0.9127160520104453
-0.9935288625875487
-1.0934324323590656
-1.1211307561507333
-1.0219524828020465
-0.7899500620129771
-0.550599896161375
-0.4002874478049163
-0.2775593654565037
-0.07523767710728693
0.19356323695367844
0.41352866099098085
0.465164332978358
0.5784262357585545
0.658340367348617
0.6747133666336975
0.5576056096498564
0.34361491026225943
0.17613817886909694
0.11341752174125037
0.060432672251613716
-0.08480395810640028
-0.3017328915469012
-0.5014042617050293
-0.6111489845889516
-0.7906032084795165
-0.8718067651768728
-0.8082186165248508
-0.6055823169304407
-0.41679036661773056
-0.3542026529681591
-0.3386816377575732
-0.21985179493528295
0.016431138842224132
0.24637243948021903
0.3631654532699845
0.49841158816083353
0.6349040027127112
0.6703229203386207
0.5064719922881279
0.2323207275644282
0.06625267460506819
0.07809315425488021
0.11358790748072298
0.01960457609061554
-0.16598397530068304
-0.32427212126220967
-0.4471180055382337
-0.5849581612893988
-0.6905307399886397
-0.6495951994065776
-0.4881937404232407
-0.43385836525408145
-0.6377779842706612
-0.8939168283882168
-0.8860409019785445
-0.6527174170918866
-0.5129724211664665
-0.5347648322775678
-0.44377935191325063
-0.13901739727509876
0.046930979124388705
-0.06324745090424969
-0.382771530009243
-0.3614664472844421
0.06975869351859666
0.40322101381340475
0.3461809691335832
0.14277206444075494
0.21364053715433978
0.4825536442264159
0.5915627512066758
0.5188198541370341
0.5676459518479954
0.9189588209978357
1.0199670440050057
0.6454787987304399
-0.13687339341509722
-0.5787157274860418
-0.6302616215977231
-0.6548462889354798
-0.8127242511655214
-0.8564379414976602
-0.6210469201939881
-0.2811024495189901
-0.13082488747895227
-0.07281089573690806
0.26744103669661556
0.8566610608913066
1.3512250273000608
1.2279280397193821
0.7283076281587516
0.34476942336718264
0.2131266615151477
0.07143191767872326
-0.2146204398067933
-0.4144835244576975
-0.3696455930756858
-0.3365002366844989
-0.5715228358791037
-1.0787362818785686
-1.2469997990246178
-0.932372701513354
-0.5340379382607489
-0.38465465280542144
-0.31339066335946886
0.042441857028673036
0.6399558526747193
1.0596050707626068
1.1975644299487227
1.4443927331107587
2.01979312237381
2.4886446091044627
2.369752540902377
1.7056836325639624
0.9991028868652339
0.6090118613555375
0.2921174981703583
-0.27508708849992414
-0.9138057235774516
-1.2270401500636199
-1.2751698907758784
-1.534812868478545
-2.1218672343997445
-2.459047853722991
-2.226116178751124
-1.675102024516293
-1.4378002137823205
-1.474153775117962
-1.2633577466333952
-0.7682330229155975
-0.2946611493915461
-0.017633491027434896
0.43589334371188293
1.3279578751783032
2.2096123533333625
2.533975467113665
2.241581660329703
1.8923128267166074
1.736981268924568
1.5623878578677037
1.111468728970701
0.46462744935212735
-0.11272705137726889
-0.6244266640204859
-1.2878291981192933
-2.0731197438870455
-2.6381653991150995
-2.5313483330508
-2.170201837530499
-1.9283170162208534
-1.898644519085376
-1.717674682511826
-1.2691561404099863
-0.8048462665225022
-0.4981430101114021
-0.07919912334838021
0.7201121534018902
1.6060862702917276
2.006440342126538
1.8808208965695048
1.6731087981861128
1.7462852674027831
1.9068289870085977
1.8249062267063423
1.550479111770823
1.2916395715724809
1.0405406759992415
0.41329768040854914
-0.6379291286882562
-1.5809889899138598
-1.9649057850345422
-1.8761112438562957
-1.7841412645048365
-1.884866944651836
-1.9423499346079243
-1.7744669930072372
-1.4374330200947214
-1.0573364417137454
-0.5242786963167745
0.3446053315140444
1.2998998557382666
1.8170122317773763
1.7474880314778698
1.4211837766603026
1.263436651512455
1.2662246042219583
1.2803021793536349
1.1254481558944553
0.9046344202462431
0.5613430802761135
-0.06037040836551151
-0.9442415678750194
-1.6590410373505269
-1.903475508010589
-1.8032432137257737
-1.7668415704301688
-1.9243796423426203
-2.109592218250248
-2.227292223275182
-2.1690806417686535
-2.0026917353277276
-1.731810988998221
-1.0727203841545334
-0.22111733197903083
0.48633007972876996
0.8145364330578209
0.8528088018698468
0.9688536053574474
1.211103042315247
1.3781492838907434
1.4167954270951688
1.2852731936190442
0.9499608067870421
0.3576284021460444
-0.7508831855531684
-1.7972703620787818
-2.3042813869771535
-2.318839669672122
-2.2955053071356497
-2.383035050216777
-2.4741068741242955
-2.559708897412968
-2.526207145012147
-2.261944315985133
-1.7648676760989428
-0.9595474597026343
-0.04325230643378997
0.7172007943909697
1.1685827936542295
1.3733740475598455
1.5168125163747541
1.6073109544968105
1.656636526874966
1.7763493198750313
1.7757367801858657
1.4159109033212578
0.6229704840485372
-0.44891979673403676
-1.4283160226566431
-2.209402649912736
-2.8447765846545976
-3.3527524319584563
-3.6631180187919994
-3.6783383470943027
-3.4052516479668022
-3.2215037058718785
-3.070818111888733
-2.370493196785281
-0.9520300068503118
0.6768274978562773
1.8977728060163743
2.732166034818327
3.6642039127358115
4.84703310940502
5.911710069776113
6.603189230574671
6.9633510574580875
7.156646043179112
7.285194712706746
7.304983355274334
7.103517680937197
6.483389949855281
5.44958863838449
4.05996873029858
2.266191380457621
0.6203412074702404
-0.6677216408525207
-1.7702710234607197
-2.584754127006149
-3.009062721362583
-3.287669209019379
-3.5583714692084545
-3.1672628002055188
-1.7791219803791387
0.10102320814429568
1.6939260004047325
2.8927207307124303
4.109142055230421
5.484174597816249
6.66053254814
7.449960827982666
7.874288845287223
8.029456230328748
8.050284432855662
7.980950963506512
7.66641987633981
6.7415091832178025
5.033866490754011
3.0406157099150226
1.3755330955007963
-0.08589811464689939
-1.6691843785090765
-3.3319085054512922
-4.7998654830998575
-5.895249351426234
-6.684132319085101
-7.329519195829224
-7.8712773299276515
-8.194411445738949
-8.055812302608842
-7.430744407523399
-6.509474833456638
-5.467021093705084
-4.38796068438643
-3.2419046864778815
-2.243602424662955
-1.076850813047299
0.7625791834806079
2.7346156169165416
4.404484073522173
5.327163289476623
5.5408762357624335
5.3044130525467885
4.93128163016798
4.079613326412028
2.4134286797487343
0.34534076811330217
-1.0181689013400845
-1.828179869855046
-2.9576976009061147
-4.489419849863142
-5.972104773425819
-6.842814145800758
-6.726749526642517
-6.091020663623563
-5.7188038630569755
-5.6310603053382815
-4.9675590481293455
-2.836180704971013
-0.04148772402844855
1.646049175634431
2.6202416849344927
4.028688837450334
6.381834498502102
9.099689823638254
11.089107431509229
11.832807998761018
11.730341881074446
11.648733485185458
11.936526154705259
11.997192756622518
10.892267481984781
8.224861991533405
4.5710625205468105
1.336484846024088
-0.949400453208504
-3.451949837280551
-5.9615016433305446
-8.875340742436077
-11.089617295730399
-11.919857644534456
-11.678430804154395
-11.214367856063308
-11.137431610523077
-11.219975726338134
-10.649241872832803
-8.850088010842102
-6.123708836814441
-3.413380044886849
-1.172522333605874
0.9025515602845624
3.9960280867602993
7.155634093682007
9.268012805648947
9.80405324844373
8.9307082148092
7.640614632027687
6.658904312668263
5.837954620577825
4.425915704261104
1.665004387250077
-2.7612652867384044
-4.692143309546609
-5.685519229570168
-6.569848706313816
-7.709179704633433
-9.129685309219166
-10.308166958938905
-10.626056453860958
-10.007243162462558
-8.947153756337318
-8.051147224742273
-7.445226017107473
-6.6284103992912655
-4.924511964748781
-1.821114416605052
2.941961172045845
5.491602045968657
7.18294327959087
8.978447195770269
11.106913695175582
13.287600526536696
14.825831879130018
15.124989904774761
14.304245991489482
13.05684592920336
12.056858444661488
11.276324118751354
9.985257237029941
7.3460197464896595
3.14056994266942
-0.32223447389055493
-1.7272708580389426
-2.690151879767738
-4.496067223803307
-6.778210656366722
-8.206580539332784
-7.844555944662557
-6.30992937983355
-4.939861458226976
-4.651410243504639
-4.951835058921414
-4.202935348339185
-0.884937260905921
3.568649159914635
4.516423910648111
4.182303067092133
5.043641955071102
7.419200699595372
9.502601153051746
9.586982007093265
7.454900386384098
4.750773420561939
3.3124553967604164
3.1796515587225884
2.273444353837559
-1.163771164216996
-5.673739866244273
-7.441603115411622
-7.329924730279021
-6.8783991985003405
-7.2258319103475355
-8.363534139099055
-9.121442378525034
-8.33359310159141
-6.062163351728129
-3.5965107000397314
-2.3848159286885493
-2.185982441415214
-1.0798057470875462
2.424561015360485
6.527855012143268
7.986659117749874
7.665490286164244
7.293307689369058
7.871907412259424
8.78040644650223
8.658476655708668
6.760045986644909
3.7723383588246966
1.2306539294429495
-0.13908024480989262
-1.2005767270981893
-3.4398243459547064
-6.604170559891649
-8.73570468866205
-9.17170645877864
-8.419594227994988
-7.564910708215238
-7.354205741735427
-7.45288248651632
-6.870194358697904
-4.836374521007314
-1.7702847324525852
0.9946990451515193
2.801826562169806
4.1125435305007425
6.1308016911068535
8.864434116608829
10.807848199452897
11.137680970565373
10.267626893131915
9.271058789506961
8.750910053544702
8.430808325748817
7.524090224421595
5.53990143788791
2.5481345801945734
-0.8571530182225897
-2.8731619514222877
-3.989445151368619
-5.402784973991691
-6.630154768350081
-7.503392436488699
-7.586946020171418
-6.977908301330107
-6.116040939512785
-5.449908461991885
-5.184810983234723
-4.819182594969346
-3.4856064328226437
-1.1967623548888198
1.3268003152711274
2.139111565516506
2.003002253920135
2.7542752899966265
3.690067459510596
4.217366439017174
3.7956129243229624
2.8096440974096213
2.395073716020988
2.887556089584777
3.0229141251343297
1.7400711174792463
-0.861747698567692
-2.633809920968073
-2.4814829288726865
-1.8272090023892429
-2.755326653846117
-3.930984805438095
-4.668262733508997
-4.742150196935549
-4.558861796152623
-4.752471894007228
-5.268776684524615
-5.22621235008424
-4.04521169740531
-1.8750484605251887
0.6257033915603163
1.600133099771678
1.1908930568139047
2.6543065338277536
5.14362560550874
7.231071210001187
8.019653347005676
7.483374694868593
6.490146307448597
5.92068771925188
5.477002762024821
3.8720774458306724
0.48296993687428275
-3.2007933115855085
-4.541589734977357
-4.419205554641714
-4.941018202126644
-6.304926205627209
-7.905716499269949
-8.888493440766762
-8.747069032090176
-7.754058090447347
-6.8942884335259444
-6.630992212396022
-6.270745601302477
-4.774747565194032
-1.7916579289304468
1.4490181968812568
3.14334608590893
3.4049734415192536
5.00638479472927
7.964218812117355
10.507938500586086
11.181325159616872
9.87474078525225
7.879946405845239
6.7685576247432735
6.728944212680536
6.254075879937515
3.5657064203929054
-1.4987665716980332
-3.8726552159063186
-3.5822796340093865
-3.321440085880312
-4.125493137467573
-5.736141962669128
-6.958158087488643
-6.574353239668556
-4.598957919882012
-2.737353643137296
-2.2739054529417726
-2.3623233738420875
-1.0024144022629469
2.6402170289716755
4.769836382115674
5.229467776778014
5.089507593540823
5.3441428315244845
6.455154046369426
7.684053123863695
8.189511591248895
7.617259027942634
6.667268779483111
6.324143534259348
6.528943237631246
6.627080391059887
6.347718386704636
5.580393754701679
3.4427122604176326
2.110903006112963
2.0608087598331917
2.012788887707184
0.8002938355215652
-0.7831259030303435
-1.4155366279916903
-0.9136674966367218
0.034881387216679216
0.2058256721942841
-0.23055586042802845
-0.1183210035652201
0.9832184053672157
2.186001034969471
2.042672352487653
2.133857613982327
3.0669852882876665
4.571128812098097
5.779781797486532
6.41469107935959
6.716983878314975
7.03783680075327
7.228027945240174
6.634300902762767
5.724089723963434
5.237302949392623
4.995968210158454
2.8450468007612084
-0.16262651048263482
-2.09913725417795
-2.8738268340439594
-3.3510255314299275
-4.725661583818156
-6.426777017269718
-7.109450022934363
-6.746986058859976
-6.254817005860083
-6.985206509085392
-8.857143954261778
-10.677246630983461
-10.91482121784664
-10.027628088308202
-9.100244699684556
-8.433526470345837
-7.171739193525044
-4.733647898939343
-1.9503377209228607
0.11329629761515653
1.919927047423538
3.8805644361407454
5.297871758963282
6.739634443771081
8.57809464427144
9.364141458301676
7.845853171942167
5.817929767375136
5.393056715583487
5.807411129351819
5.266197867946852
3.928612545699558
2.9556504810451316
2.8940062258467387
2.947528262580718
2.429190806341962
0.9629431268436159
-0.7542676588814441
-1.7251828089054644
-1.331393753764842
-0.1455076143935854
0.2607997704081698
-0.31442753817252456
-1.0997606258907147
-1.5187762236815545
-0.68308759539774
-0.43315300306593996
-0.8682702733631469
-0.2301185868104662
1.352821284928154
2.582741345843045
2.5541665032509555
1.0011465645380262
-0.3245637900475605
0.36077185854709604
2.6538946111087602
4.497233740945552
4.416701578001736
2.8173909367909293
2.718152719890072
3.7766756013844662
4.440752870785426
3.592302125043756
2.1622719364553102
1.8432387523824567
3.278953271664033
4.797287633599312
4.575222280529026
2.604185793581829
1.1859966215837658
2.3409353634170955
3.747225864436569
1.2134507865635042
-2.640332014335507
-4.040803839249746
-2.7661352927270313
-1.7157957832050725
