-0.0
27.375197535478787
27.377905215124656
27.397757544990988
27.45533262777864
27.55924568746463
27.68964618352536
27.80309488870869
27.862233578955966
27.86309575521253
27.833953303058685
27.80428376142847
27.779798686512386
27.745538652263296
27.687791244418914
27.610792286195682
27.53389819407809
27.47371078990915
27.43092316270611
27.386631636495576
27.314983086935094
27.205764434907586
27.08314831516029
26.999126611707485
27.00177052550687
27.096711388919864
27.240840277415145
27.371903671750374
27.45015275251194
27.480636111727215
27.503725759896895
27.566131040991063
27.68717122839228
27.839423057156814
27.95804343252921
27.984080940903375
27.91161254841178
27.794608680474237
27.706430253282935
27.685005299758192
27.711674171906534
27.733173697574504
27.696512122551255
27.574786568864663
27.382305921375483
27.178387601989353
27.045343475191622
27.038741332376503
27.14419169737509
27.286545617124194
27.388885116214674
27.42828020272935
27.44283848885003
27.493022621730894
27.619970818178768
27.822567102764086
28.05345501210281
28.233876382818114
28.291981992340578
28.210530927353204
28.0429406093691
27.876889484279587
27.773816553744187
27.7309528939734
27.695333569928813
27.60334573542252
27.42397716453882
27.179341901737846
26.942948645592562
26.80309305351388
26.804477616360476
26.9168746331275
27.06138988105831
27.17604644931592
27.257841443218915
27.341364834374232
27.447319307293007
27.563567704412876
27.66269934876773
27.722551813198706
27.724770194915397
27.657185061785427
27.528978995043524
27.38197537853005
27.265975420904713
27.19831571319077
27.1490372407182
27.07999480524449
26.98283388388125
26.881309502013316
26.806227239521466
26.78024459362855
26.818539138404795
26.92351262901169
27.0682542265057
27.19769776598851
27.26419671709613
27.26725801245523
27.251037070603562
27.26635133633765
27.336431019281395
27.453390229214282
27.58710126367861
27.69091632093398
27.7115794095371
27.625909300100144
27.46935209090162
27.320363062643043
27.243208436352887
27.240964703894193
27.26542981106579
27.2635265777502
27.21308599944923
27.123921367356076
27.032228887508502
26.985826447128236
27.0205386351072
27.121027968045322
27.212087985795947
27.216257084481306
27.127944753494877
27.027996056251332
27.01424425131146
27.12120238181476
27.29530562848828
27.445070987997276
27.50702154620497
27.456031250014863
27.332749191919525
27.22271776683745
27.205941398834
27.29399443218476
27.40557897871372
27.429290117079034
27.318798195971436
27.129249050974412
26.973327494898342
26.932547971021975
27.022370770087655
27.171754194870353
27.318534172589565
27.363464795612945
27.21918311379052
27.018188596945382
26.940368512857685
27.025683519430423
27.29121635621383
27.4342152040061
27.540325286130674
27.505429427260577
27.37502159488882
27.23586517980116
27.17482556458939
27.209455312185053
27.287257509354887
27.313163222015305
27.21097561979076
27.045735472635066
26.853014257661517
26.804338643979094
26.91484901053257
27.136103576571724
27.360708166196055
27.493906033149834
27.477606248620962
27.358914533078647
27.25807795492533
27.292742570507826
27.449542979611085
27.686588733958924
27.822333376327443
27.738803805277257
27.444656727179375
27.22636150291813
27.135910853275472
27.22243760953762
27.418006747415525
27.568762062154374
27.613253488556577
27.271630689257993
26.922746754574327
26.69701848628023
26.708580636076885
26.934171680897116
27.17176410383868
27.330490760437996
27.31034475623785
27.183152284099265
27.099173616186903
27.1892570892769
27.521492132335684
27.84483034170879
28.103414975740357
28.10409052537222
27.8481599824219
27.48433975086553
27.22434499328644
27.200703300919507
27.376555447943467
27.570909570513006
27.5742438315982
27.399832773306894
26.81405343776791
26.326782323765247
26.12263957799686
26.263511322696576
26.641649766788326
27.01508780266503
27.159897127566595
27.038230607650938
26.82537356347796
26.790160715672442
27.09527416740011
27.732841060632932
28.2361052751981
28.499426756064643
28.34242594581852
27.89489614483945
27.44929186876039
27.280977013594637
27.459456169699745
27.807743970013345
28.01275081702834
27.843454043332713
27.341462581715255
26.645570659005255
26.173064422442287
26.155149524121562
26.53237063075096
27.029896555018205
27.283590246971457
27.093828181138345
26.580088765666233
26.118461784289
26.084597150505797
26.600531777708113
27.458333744720534
28.238855528117252
28.571414404032485
28.356396935856072
27.81703890092395
27.347133205020654
27.258249744494695
27.572458087536166
28.013835060185464
28.19318852646183
27.863338540251743
27.07381340506089
26.14944659035347
25.527375812581706
25.5269202342783
25.971510937869184
26.477673485250865
26.542705383806414
26.19286400712901
25.578075253255513
25.03292612363984
24.999725890114043
25.499033191581052
26.319688800986526
27.050520485848875
27.324906049969986
27.10176972773807
26.42798686013301
25.963982658608366
25.794568509091683
25.859771097016015
26.12556054608663
25.941212114927577
25.246732196381384
24.17708078803003
23.119529770016054
22.50046207138746
22.672377015166003
23.33761735472809
24.131160113077062
24.579873975510914
24.544880831252826
23.96836514375815
23.6300501130655
23.507697321264633
23.79504857451309
24.199848920505833
24.446351771180034
24.3478637632026
23.95421903336451
23.538544782125015
23.436469040407577
23.89303299316165
24.3676379239385
24.951462836417377
25.050904185447436
24.65279341377238
24.059107095122357
23.615416728509416
23.592872712298277
24.01681543829487
24.64769627739394
25.097263883054296
25.08768189437257
24.614374768598257
24.03394353513775
23.632814258828265
23.899714599355562
23.91055418593085
24.43845077893379
24.43831025959
24.106514610871905
23.576723723991428
23.175956647905238
23.187293299200622
23.641957669058623
24.424030874044803
24.6374720354278
24.6365374367804
24.179212556000355
23.552459301440877
23.13832362097652
23.027314150744584
23.556349322911487
23.978955586906203
24.197594227978655
24.01409084320491
23.545786777863544
23.192206950822126
23.27388046144275
23.595397700224936
24.277268570767497
24.637216493428458
24.57839782214164
24.069780539827022
23.465260834329328
23.167075064131517
23.410541266433256
24.11639444497556
24.867088272380755
25.40351972892271
24.609831522396806
24.162644699280236
23.445910275380733
23.212947724633175
23.66831684598511
24.431640820743105
25.02485025110952
25.101039683492015
24.561118733987822
23.684116375027056
22.996117294028448
22.917618763216066
23.426784118596697
24.157110360647877
24.57154257697466
24.414391341315195
23.858119063982286
23.091094047649847
22.945166277096945
23.340718615221988
24.268137547077156
25.223527286470418
25.635291498776738
25.323301655122467
24.468036395077302
23.64228588151526
23.342665804380744
23.606005283232875
24.43957439723632
25.1818327315828
25.33575016536622
24.85136316715044
23.961576049586178
23.22084621047154
23.095258229287406
23.598211448200377
24.333645007797102
24.643837746383024
24.28276604337812
23.23568271929387
22.37775517431203
21.750899949109346
22.217738365798912
23.251093278762667
24.42891558665246
25.03928684247146
24.82413122662972
23.9772723563085
23.176106119500453
23.02647518216432
23.49492181541804
24.437270150903192
25.30716463096088
25.305317662585757
24.246462694981993
23.323299960181846
22.458270144553612
22.38497732889776
23.02731793492315
24.001550092878535
24.504709261621247
24.334126009146992
23.172658172008173
22.133290208932426
21.514676019282756
21.829007848978737
22.32831200300422
23.534125750403945
23.96710021594707
23.635858480881243
22.7758233918297
22.185285688306724
22.39922051572363
23.269498321388177
24.65976121504974
25.81424751146425
26.2708367163857
25.804797207106667
24.79069650355686
23.88242933807769
23.777846447826608
24.494321572203578
25.406671841677717
25.737332078556904
25.155315974312142
23.86722786172566
22.330180024240406
21.168340445347905
20.719489597773773
21.050812573288702
21.754676085161645
22.00470036080616
21.61057897234539
20.778527114323836
20.1446227213882
20.194083162655424
20.940256504727284
22.48533696768137
24.73994850193072
26.52628490932473
27.512351432995274
27.897782325364492
27.76612802538734
27.737208613541753
28.415489791176455
29.73043520767393
31.2653999951411
32.28084564251265
32.58589794077241
32.2980029372568
31.410349203848636
30.13631012567434
28.86861260966935
28.107191075484526
27.98111828046406
28.157042718399595
27.897462434546174
27.46549292338821
25.57714119328071
23.319659765775516
21.62365719820857
21.348672134800488
21.945384232836236
23.446010814469023
25.341347937849843
26.56326063411823
27.283671523685527
27.54669253985076
27.566977570216185
28.32262684135219
29.772250036909718
31.53773785223511
32.73705431667527
33.15509425975549
32.8207534873854
31.713557146160063
29.994364709001374
28.039013280066506
26.40357966287501
25.320897234669964
24.54299067525176
23.46816616351697
21.263100058977038
18.40733874663079
15.502666791776393
13.047558207108374
11.469135636465845
10.730817203256018
10.755468587552645
11.284902027751729
11.842179255938476
12.314133259936003
12.553704433792774
12.736436495126483
13.209058639297565
14.297035915314009
16.249342495500265
18.84930035017156
21.798943869960667
25.06267364519438
26.747200573585346
27.222495637440968
26.95246183131789
26.983500773727425
27.214585234729952
28.031893685154046
28.588889726813996
28.41656639547042
26.900160899258537
24.255499027161015
20.6112894735385
18.29247487074885
16.467001552371244
15.805507443361757
16.201881364955266
16.966496114041806
17.474579990806507
17.38936612303488
17.345859809823022
17.995868596168997
19.670651070790626
22.74180058173002
27.39619248202809
32.14357389396497
35.42491657080255
37.927403579985224
39.3720133437401
40.13907361558851
40.6560602875384
41.33908394957367
42.09534328926337
42.81752374777952
43.09493917571921
42.43581649542403
40.63341213178312
37.470226461896175
32.73991054903542
26.58148296031995
20.86370427729589
17.072707360438404
13.10510813166058
11.406753047225592
10.38527033270528
9.344467213555918
8.284451495500162
7.408031461294379
7.130546299801884
7.845170141272153
9.769701719730175
12.750513492077179
16.709799475280608
19.90539107202915
24.74938495937459
28.796794271269516
31.581313240174453
33.64099396702787
33.825312118496
34.6238717575923
35.35796554838502
35.22059959134361
34.24383269583909
32.502422569173405
29.80552685203697
26.038572924178567
22.450373174946836
18.86454269962698
14.846972218695788
12.672281094960868
11.18815550132079
10.419707312180558
10.216155324271053
10.107780870455203
9.938591127280969
9.90556722509518
10.318427774621533
11.53296009828784
13.857568727253742
17.369604859467252
20.726721837079552
25.06539747172369
30.35301045578842
33.30642901126943
35.411206189450475
36.34595762356773
36.69275256736193
37.396475404362825
38.308325371427365
38.776305105167225
38.39173524335349
37.01742388725803
34.862596517042675
32.03206190167845
28.337416124189517
23.33017625277732
19.704425645090407
16.565424911301683
14.568888168612581
13.569796836320943
13.465365384054813
13.422927773214012
13.178316376441385
13.12303318297935
13.288643290103597
14.328696801606888
16.57899096883785
19.437537301166305
21.708081859029154
25.70177196837578
29.65441355820836
32.18955447894716
34.485489058898224
35.30696492835703
35.585833426889415
36.20540171556384
36.49469483244162
35.94336284959742
34.361822051198985
32.10288080036764
29.20408065534484
26.177124621495324
22.83915811096902
19.307494582534208
16.588510966137797
14.29857698315059
12.562912273336405
11.804236110140058
11.879472655359793
12.410374493044912
13.10204852633331
14.323008654002845
15.96830576606597
18.117999496713743
20.882551757852973
23.690617079865497
26.579532201717228
29.654599662026463
32.66181378318075
35.031944223101924
36.5120278108651
36.80216944086723
36.31478305551643
35.70967613682881
35.042335926646196
33.72049201758723
31.358480055104085
28.62040856615562
25.359335755930847
21.76595942011296
17.927478626111764
15.38017006470875
13.435954794851202
12.290380269630512
12.129957994814333
12.977124971709568
14.507758645957669
16.0973623259848
17.93476900443166
19.650777341142877
21.2865865917264
23.75784980192004
27.041683100857995
29.94989800150301
31.869652949405054
33.686125051008766
34.64795522678228
34.487852208773184
33.4478481077169
31.96703645446877
30.381964520922786
29.277459455532863
27.89950060091857
26.84598490377447
24.490848982403925
21.2035293677783
18.28943489065724
15.053575644085436
14.034768093669463
13.736085054994533
14.181390441936948
15.095445143901674
16.270655692555735
17.268686058822425
18.58901741537347
19.36764256668525
19.363472723036395
21.407655145832184
23.797836966323686
27.0295682744027
29.283480135980035
31.19826908362217
31.031925729353524
30.352335730014325
29.28011879670924
28.478482525404214
27.80060049545009
27.63497955348036
27.840527098749554
28.139906162407698
27.30928229711432
25.06341683629523
21.71882285764482
19.428929429240807
18.43006554189747
17.493578055048935
17.986689002267607
18.559514212311875
19.22339987901201
19.31740453851015
18.86202567715803
18.516174881548427
18.804325913306094
20.758110829621415
24.180293922806584
28.83410717692739
32.30267690178508
35.18310956117897
36.26742886057444
36.14400694354422
35.45884430683621
34.74116586543048
34.47333885069385
34.57953443674553
34.49435779140456
33.34463086141859
31.11044778410392
27.01904016310187
22.610147590418283
19.038403215511927
16.344540735720244
15.257223297971985
15.824174303044154
17.22620435627342
18.44280683362243
18.66761683591802
17.9388419592656
17.120520568969955
17.265479579524584
18.8734767355279
22.057356581934158
26.232241914265934
31.096044520119953
34.853924009806015
37.596052715201374
37.99622805372335
37.11684451705292
36.46256021534151
35.898908528649734
35.65034834300984
35.62033006345283
34.944046130354764
32.69866863589867
29.255879802278294
24.852922197388985
19.988519776071215
16.636037401537294
14.985773652796997
14.924079909010263
16.225814237614063
18.1389425427121
19.687103737234835
20.5062016493455
20.757214275627746
22.026476150523685
24.338352034666585
28.339491444976836
33.78220480021637
38.75041091186714
42.18027649968364
43.67721117804081
43.37915211604331
41.73988830706844
39.35300481118515
38.31093458226177
39.01866388399508
39.45040507488567
40.02209741207229
39.69732377419462
37.80662320827065
34.01364045431085
29.366067758711264
24.832307766621376
21.768794725062683
20.755918014941955
21.336494086326212
22.418159396171532
23.294849508760038
22.970349575441283
21.602072886619155
20.34060804685943
20.43194714698379
22.197752398036513
25.459510225891883
30.134823920489147
35.139994111585544
37.49621545887809
37.849044030360176
37.65652459146102
37.316733259414576
36.43128522499999
37.959468260319696
40.66837828591025
42.479817592733795
43.04538837268034
41.78573175724844
38.21938142810296
32.437855580817065
26.56356029673335
22.446383733301587
20.35711189536481
20.054154442310477
21.140192093871015
22.22033903701249
21.910350545174346
19.843467519530403
17.941854541726578
17.081980196372005
17.45279161415838
19.681069866661257
23.076657657447416
26.10154949761314
28.1683480493177
29.618007275818798
30.125069612887348
29.97687789880372
30.058925000433906
31.14968241722041
34.60733866510225
37.902223129462
39.38560637263255
39.85381389220383
38.85628773627534
35.89621855120791
33.02684196963478
30.6538233305855
29.38547750125215
28.94099006930605
29.17586084417536
29.14106670450044
28.642725868570224
25.853834258427398
22.381436056026285
20.26484589053416
19.102149574982988
18.748808676581614
19.394670414662837
20.415630795495733
21.165141042042862
20.7892951149477
20.63429213014114
21.231330833374695
22.530231350935807
24.618611948258952
26.91276826792252
29.871276331402825
32.12581154996168
32.919714595814355
33.0380604835497
33.078409363588904
32.57341753982161
32.841530255788875
32.47652503912818
32.00118264780639
30.98220361447071
29.41150753810362
27.857601393122422
26.916148347375234
25.17469722226106
23.53577494595178
22.68609847410218
21.948356317339908
21.196609416291935
20.800173213756338
20.877370219819507
21.979673114683006
23.20285338317776
24.547611495091473
27.045383702097787
28.650106304650897
29.477433063681623
30.56540063720883
32.20622143385943
32.653192293849116
32.77515725389198
33.0567814082338
