-0.0
-0.000497412680179127
-0.021764793944681123
-0.101500610474879
-0.2271639924256556
-0.32157837489854196
-0.3404683778039401
-0.3337321566222413
-0.36855174146752645
-0.42637478215867153
-0.4221449568525122
-0.3083383277838535
-0.1302978535762025
0.02557563493211961
0.12702961947882613
0.21011995147809057
0.3044187808403177
0.39546204212429753
0.4675346869581374
0.5389736829914992
0.6235915765081325
0.6751646538131426
0.6281648338584636
0.49285025863986115
0.3548854328606631
0.2721049075988403
0.2113076492795878
0.11179185948189752
-0.024274945302046935
-0.1489175314357388
-0.24422294468766814
-0.3265933270158599
-0.3862077814754564
-0.37852288548945034
-0.2957246326504301
-0.20710602834689562
-0.18274222476878663
-0.19845427692944884
-0.16962602394502774
-0.07158053340706247
0.0353043256121497
0.1087124887238485
0.17875876754431694
0.27059096505968433
0.33659091858519447
0.3232736649269863
0.26328687499351605
0.23088872793636425
0.22883032919391091
0.18701313135443284
0.0652527976910112
-0.10051479659506558
-0.2597590197121966
-0.40170475560973384
-0.5308626585830865
-0.6262927339937058
-0.6546313461396238
-0.6145711594739828
-0.5488149062079504
-0.5011027585866922
-0.4656917179229013
-0.3959857515007932
-0.26329432492886806
-0.08801621206929316
0.09067759343607885
0.2503039690089474
0.37773073873464175
0.44254553834114696
0.42847946725887187
0.3900959287873719
0.4078266501618956
0.47053835166923297
0.4704881361456377
0.335490548694291
0.12303169082027608
-0.04375457000713763
-0.11685434162547463
-0.15179985889244887
-0.1979523372030416
-0.23491217517188992
-0.23445244674409482
-0.22493633786911518
-0.24994867612459482
-0.2923409798202307
-0.2868670328851057
-0.20898610558204245
-0.11348707829043707
-0.0634053821309718
-0.055051857296796805
-0.04447819872469376
-0.022926596081813494
-0.02151588185832303
-0.0464724785827315
-0.05830324046496413
-0.03648509175033621
-0.024903901411983016
-0.07467434036970776
-0.16308306288501362
-0.21156005130983055
-0.18073090632769262
-0.10385166043074931
-0.01604460062127116
0.09317095933157196
0.22815144710910487
0.3388011014845478
0.37265216006231605
0.35771860344562534
0.38410122813777225
0.482446694053387
0.5668407009929027
0.5343310942768242
0.3804988137519919
0.17931463868371028
-0.020842637929288036
-0.2244624130188891
-0.4137688955501596
-0.5233891599248477
-0.5231703847443596
-0.4854091231648285
-0.5298879480628566
-0.6613192673681692
-0.7217249669960213
-0.5713098637635503
-0.2597533197951727
0.048041963484308475
0.27406583693893727
0.46795030786451325
0.65148517109777
0.7681910118527957
0.8148386173306208
0.8976738658864413
1.0870632350370237
1.2465550155622696
1.1774188058781752
0.8678871211319064
0.4867060858013178
0.1692674494912742
-0.06890337924581208
-0.2523686625618686
-0.393061429140373
-0.5091125698633936
-0.6839144922711896
-0.9673156187676716
-1.230127575037409
-1.281876716867016
-1.1195554364449538
-0.8979401226611778
-0.6260218431188759
-0.3876843996843004
-0.13787984776227585
0.09768567616630616
0.3202011618872218
0.6087632293036841
1.0050908452008498
1.4091529737703974
1.6342806889247323
1.6064646253670856
1.4091283458430344
1.1328362228347397
0.8337991551161659
0.4940508151714916
0.15638326781000206
-0.1343276672357402
-0.4283613364128219
-0.8155480205609519
-1.287184467387305
-1.68137968827146
-1.8311858010823086
-1.7297962712936468
-1.5208844549959246
-1.278339462584585
-0.9691742313802783
-0.6357052823029018
-0.3914493224159949
-0.12937246641882325
0.27849220064151625
0.8386311699161162
1.3746042512812087
1.6355770243825696
1.7172250769723365
1.5982277175026804
1.483503709073191
1.3944811065484284
1.2766701223957002
1.0744665075269388
0.7835231876626518
0.3573399404342891
-0.19029354602998783
-0.759691044316956
-1.2107730956028697
-1.427548026094935
-1.520592599549979
-1.4667712052727069
-1.3488766036828237
-1.194829733089783
-1.0400873777740192
-0.8779785400771911
-0.6084731458455184
-0.14429101376856523
0.44739070506085493
0.9722584738411347
1.2174978196666764
1.4320234824589408
1.5243085919335893
1.568389803277309
1.5558456313215547
1.5060423478797071
1.4501924582542984
1.3035000848735232
0.9073354371122014
0.24562507611292356
-0.4494690577769131
-0.9084748931666223
-1.0580741366650237
-1.207570860002783
-1.3375853960009898
-1.4272131417742482
-1.4171389280277613
-1.3624198095102515
-1.2690048514398877
-0.9939397802055401
-0.45644152604739435
0.17320818604653804
0.6417317180025105
0.863708280290852
1.0481176729943598
1.2264039137346237
1.3517917510635589
1.406714400010318
1.4749270281504683
1.584600706423816
1.5616283192493632
1.2244128878610807
0.6645816707064115
0.17798574303163744
-0.10079654978068803
-0.3138623483143184
-0.6135641122140088
-0.9401667316104858
-1.1783692954171272
-1.3660656172206331
-1.5891055157349547
-1.736184084091285
-1.5666891692613563
-1.0469541858566482
-0.43518145186908935
0.023169767444330556
0.34470007969796157
0.6874796179837463
1.0983309141182196
1.415938175474007
1.6569520093264782
1.935093699439944
2.1784738725536235
2.2209242908579627
1.9679728231485953
1.426983150567379
0.904211296377152
0.5583249723754615
0.3283617934155989
0.049449579038678554
-0.30216656997157565
-0.6060064946367433
-0.9741764116031817
-1.3391095410730058
-1.6990527441330063
-1.8926003196330476
-1.6452628494229855
-1.2144446203557453
-0.8505157169167752
-0.5916227418634612
-0.3325246353639873
-0.03704466887990175
0.2635383542947023
0.5734994056221036
0.9315193160666682
1.2567572848303614
1.3152483473832954
1.0940578411198412
0.6801173009415733
0.39865207141997205
0.36642887833829885
0.42012827263963953
0.38911906297696663
0.2320154468522694
-0.037850629846514064
-0.45320826063655933
-0.9621356345995088
-1.2800219290703654
-1.407691001499693
-1.2630838504642394
-1.0966217188594019
-1.0370220251707138
-1.004230734365526
-0.8683412101558103
-0.563709040325308
-0.10859736857838698
0.4134794742255161
0.9177427220985221
1.3219677896267834
1.540009539365152
1.5222826909408296
1.4230789977508613
1.2956814649025286
1.1413056945102995
0.9129172582915728
0.6246878745084199
0.21204343225443878
-0.3594994834630621
-0.9920624268830246
-1.4935645467873493
-1.7532072471887346
-1.823786277562205
-1.7631059804526077
-1.774145333910423
-1.7159504334291156
-1.5373858738663397
-1.1983200776353176
-0.7245665591988895
-0.25545183824250256
0.3095616147796803
0.9880899109208625
1.6413658997865395
2.0557650426624368
2.179875507773489
2.2576183800449714
2.401932903849528
2.4620769778618525
2.2609228373224557
1.848620026130769
1.3094656146907564
0.6142070727162314
-0.28015609278395787
-1.2029548043244362
-1.8503849275505693
-2.10431730345726
-2.2560306575234685
-2.346006350089085
-2.604391738767905
-2.6977082443124036
-2.484817637349074
-2.0384129137148648
-1.4892779367029565
-0.9539631243033014
-0.4006892516023813
0.23272499144355402
0.8436172270094007
1.3110135935776848
1.6872967724247037
2.1334631956292474
2.6387964045698373
2.8933443289969754
2.7288613956176317
2.2442660017767597
1.7424572477272184
1.237400733866553
0.5713205685220407
-0.30788260639888737
-1.1521211862733447
-1.7453252741921659
-2.141810875593916
-2.5882160162535617
-2.966382702069078
-2.979289393358796
-2.6226644836475566
-2.0990956665947174
-1.6568386667601518
-1.2377053905311963
-0.6117546302651855
0.14188414512237224
0.7093154878046306
1.0493214955342465
1.4893428790561574
2.198187654381714
2.798465851481488
2.9089431340869494
2.59059329509146
2.196176786894317
1.9504320192808682
1.5203610638182743
0.8279874471100542
0.06951555527045897
-0.5562593318796616
-1.0830991297313695
-1.7260184662463767
-2.389180080012633
-2.726526266271037
-2.637860788900203
-2.2168380916670465
-1.7508231465814899
-1.457337918435731
-1.2227381903968806
-0.7588687640296664
-0.06251489517246546
0.6825504762598738
1.3955609805599274
2.207038441826606
2.9442441581631806
3.3056923124715865
3.1729241884131394
2.906639453621226
2.7342511956284543
2.5776014444209703
2.444651198876781
1.9198298193369343
1.0881510277905828
0.1316177129867458
-0.765292553806822
-1.5672528362876181
-2.2814561352412586
-2.793021667666248
-2.9497598001326644
-2.8670171489227902
-2.7669082324409677
-2.798100868853563
-2.9040280370401312
-2.6099070766899377
-1.62059552537755
-0.3499839203814392
0.7070264754794092
1.4938654115870162
2.323156603466167
3.0711277366076635
3.480084565349193
3.6855878362127545
3.9004279775646835
4.22696405145685
4.48246530284377
4.226559617633137
3.245327047586322
1.9261351159774487
0.9134813653391857
0.07133160585197222
-1.0721445579114812
-2.4437892993594406
-3.466961138301607
-4.047817096075839
-4.6364920203543765
-5.438608001400616
-6.174687433662017
-6.519536319376062
-6.3278153297509245
-5.854251241162743
-5.536052080123653
-5.533517823461059
-5.43041171391179
-4.712516539545639
-3.518716274763286
-2.5826747389710087
-2.3566127163817883
-2.3413980019544844
-1.792778522768541
-0.7320949726521313
-0.015272960684955525
-0.27255653854706163
-0.9973805174842233
-1.341186813167481
-1.259534914423606
-1.6007249768717928
-2.468542248088341
-3.2591091896789885
-3.57079169313889
-3.9232752151330694
-4.755877482526007
-5.728796688317747
-6.349543493470127
-6.324444152525338
-5.8098887318475105
-5.315660804808367
-5.183068226165221
-4.9798475778185205
-4.072614449099419
-2.4414005886947767
-0.7973174215080787
0.30296467687472
1.2366961287396936
2.8596513794450575
5.156726481682713
6.973346545418911
7.805175061178464
8.094293519642353
8.455437655632528
9.074625240055516
9.813293379480617
10.289468707319598
10.316179465491203
10.051068733353056
9.771390385354408
9.626223622512159
9.387262365823517
8.700142466502733
7.456950604402301
5.9676029625036655
4.755665448704557
4.107483674880972
3.65593508547539
2.325731094097058
0.29946614449170533
-0.7464170264553167
-0.8472983071276928
-0.9647906743135576
-1.3367449526268214
-1.36225281678239
-0.5146761561340245
0.9065933338739454
2.0381460865767247
2.3686421468457546
2.4629682991271338
3.2079775554107663
4.026995574403998
4.514770555508518
4.600358683546082
4.522965812256422
4.440992934010462
4.024667834792422
2.817075430016698
0.7776281256601736
-1.7267526893927794
-4.4021673352814
-6.599981976193334
-8.598684135889341
-10.977657219054887
-13.40313524945425
-15.378624091064646
-16.625492474107762
-17.19898772631874
-17.353380828127733
-17.26704439485088
-16.919726484516453
-16.126225093908616
-14.71264092572297
-12.677343865030853
-10.23226653912781
-7.565280037192614
-4.620577931862859
-1.0391536524275318
2.132454125368084
4.197366565495688
6.295700230151653
8.154274459732928
9.309124387899118
9.587819931726777
9.309723130544569
8.939616112873438
8.637298667277129
8.141663403851823
7.027596186421151
5.174127090671256
2.7353215592856444
-0.13517773913108347
-1.8981256612335486
-3.3830638283291385
-5.301681777568796
-7.397556631809888
-8.646518361114062
-8.44576671729446
-7.250782328144221
-6.147372844972437
-5.824486152193468
-5.606880249258962
-3.9436625755416923
0.7008447244628802
3.6456376382482505
4.469537199495201
4.796663598139219
5.785508176043733
7.692088444034881
9.662623310996192
10.558430546622558
10.041680917138972
8.802330911782782
7.865369265765752
7.583398103590669
7.319609152555503
6.127854927491486
3.685996232993225
-0.5503458408696273
-2.1539974080051696
-2.6864101724854548
-4.035283787403577
-6.390659005258354
-8.46301884924841
-9.03776880915439
-7.993386053712057
-6.513421685201961
-5.823887133453921
-5.820312574179432
-5.1706020431308986
-2.8234983358657804
0.7772820525942898
3.7537012115400117
4.342789746454356
4.539498623250766
5.6461617427398485
7.368097791494271
8.702856768570921
8.781138067052998
7.8408748731427025
6.9017454101360745
6.611105235912814
6.740596864059542
6.368062753176014
4.860448467299452
2.024637892455009
-1.6098737636229365
-3.205604076034123
-4.8752428492275985
-6.903267710569347
-8.890549843769678
-10.507935806407591
-11.350729384739738
-11.245681790251226
-10.453908791760327
-9.510511107394178
-8.804753146569453
-8.185249124588301
-6.712462288449632
-3.266880096340418
0.10107512923108405
2.0098642412009746
3.093328655358284
4.272220095115763
6.016396550462941
7.906575478938871
9.049391565196967
8.974690489418995
8.08126722561613
7.107135444448929
6.661556560976457
6.535948813349645
5.25623825971317
1.1899594238232032
-2.8072766417391835
-5.175182899297004
-6.268799434750454
-7.423225737145138
-9.506367188608301
-11.980355483315137
-13.526568763752048
-13.114806750641973
-11.12655440986945
-8.975937227169947
-7.698885994557184
-6.793115130530167
-4.774656638457062
-1.2914992059649173
2.1311535499903718
4.030220958688027
4.484050215108907
4.831691542465949
6.170102797535643
8.098154929610253
9.271141803448208
8.573529967782735
6.551106630482293
4.625182233576108
4.068092741445181
4.076107442907871
2.610278913836429
-0.4607155696532349
-3.2816849443996206
-4.269553038327857
-3.741942702456603
-3.530645108326297
-4.7815188805418725
-6.340937761050199
-6.166725930635401
-3.8389872663809728
-0.5209623662575679
0.19353016716097876
-0.9129201528184209
-0.22717519076486392
2.314301819104169
4.740214265959802
5.547808344357722
5.055258451638123
4.697553719020937
5.415739162717864
6.520641757831621
6.58883459306997
4.954476985395081
2.508046655050026
0.6596967971099257
1.2716831840189502
1.0865175127672144
-2.020997306951849
-4.994289200647175
-5.891672668071566
-5.277765534094047
-4.7944129498933785
-5.425005198671813
-6.337340199215236
-6.225808914277797
-4.8156375283910435
-2.8166423971487093
-2.049538926983443
-2.4872675855772717
-1.9081428488735204
0.8174569013576443
2.8399989644821937
3.3551664309044478
3.14792591352625
3.333429103592273
4.188041390928829
4.840846587669332
4.544778720508765
3.4697536288400115
2.4250331029133863
1.592442285526979
0.8390091952546475
-0.5890899314568354
-2.853112571727907
-4.336603347682868
-4.885794231320639
-5.16427718829405
-5.769876957599039
-6.453752490329441
-6.640500884142768
-6.115525536049203
-5.269757965499035
-4.213316341217386
-2.3455044023464904
-0.39604845472384853
0.8359251490987045
1.867446447774682
2.7716099973385617
3.7227081008920653
4.671013862711103
5.480599971725602
5.923523101648264
5.8755537124228745
5.683203351928904
5.7696338021272116
5.991522672516469
5.761866672627953
4.493582081869133
2.5491767129532774
2.0547954684895937
2.224179478677976
1.1945077608508625
-1.2057214578580449
-3.7873395893963604
-4.87989698976088
-3.9788249662079913
-2.4459177548552358
-2.187722183857738
-2.982111738501171
-2.4476774397065104
1.3725153425989542
4.524037976892631
4.89091912773543
4.311557880933367
4.405020202507556
5.95096268434409
8.038884086409595
9.10279340968183
8.048123250589338
5.643800567647663
3.7704365811056344
3.486710410726986
3.10646834405187
-1.173333877963627
-6.43185303852001
-9.116194951671883
-9.304589198194767
-8.633084500193128
-9.162090452500328
-11.197812863414317
-13.159272937020168
-13.057768280268485
-10.486526273642243
-7.220465368161828
-5.918563012600908
-6.64515957998891
-6.268055429880718
-2.1581224171492925
4.00677184321158
5.591283307588258
4.534324382859724
3.944310136887799
6.094702215678989
9.462337581322856
11.34765093815192
9.855080028297365
6.477754806063278
4.420074159856194
4.9478651085412295
5.843349812785545
3.929176480890695
-3.0249233667319055
-6.713897006146295
-6.275403948882142
-4.8237557545553695
-6.155098307423108
-9.983746766841435
-13.05134059380664
-12.876892062657568
-9.742486398625505
-6.740331437168782
-6.828765841495898
-8.486998668923883
-7.77017950327345
-2.931277160294454
3.0968225400613165
4.078689151132991
2.089512377778637
1.759365240320192
5.077414701894102
8.579909356697955
8.495605891902478
4.7249177381650975
0.7198740710508116
0.10590995294391492
1.476903302539166
1.1131378261018587
-2.7010270348491057
-7.533916930606469
-9.617030774798806
-8.762308881592928
-7.147168442946351
-7.760834206345992
-10.66652164296946
-13.08926941841686
-12.536641340744838
-8.828383486432656
-4.7352467199497
-4.385954804675293
-6.363530958087189
-5.956096740663485
-1.52792236642264
3.6907800896659633
5.050291510249555
2.846883742997382
1.55512035586577
5.160940146559496
9.925023650142606
11.353359473055736
9.142921683166737
6.66201506854982
6.781144369161277
9.483894412336978
12.005311067236772
11.87288489124843
9.039376968336644
5.997872666149016
5.4164424731563345
7.084975400217403
7.746219172279953
4.403531850534129
-3.3520269219960737
-6.227949935696417
-3.509999469148836
-0.09305644069476679
-2.5152589244796397
-7.021024754556822
-9.064422764102787
-7.572226717456338
-3.0134980761160444
-0.1552234185361294
-1.8084935931717607
-2.1421260616877738
2.608610698249227
7.716601527505709
9.223886224610766
8.119730327500342
7.429578583065057
8.736943085878169
11.154395812567866
12.538184998474833
11.562178027157824
8.90612919705253
6.6367854594510485
6.457168236105785
7.3571913965037385
6.098046235994149
0.08876199313545935
-6.223958480497501
-7.696732086173992
-6.219430781421403
-6.275996311508196
-8.669233441276933
