-0.0
-0.000462
-0.020234
-0.094279
-0.21095
-0.298596
-0.316114
-0.309849
-0.342164
-0.395822
-0.391818
-0.286093
-0.120732
0.024013
0.118199
0.195329
0.282825
0.367383
0.434277
0.500576
0.579103
0.626961
0.583272
0.457513
0.329342
0.252467
0.19602
0.103554
-0.022885
-0.13859
-0.227061
-0.303489
-0.358787
-0.351555
-0.274591
-0.192235
-0.169628
-0.184237
-0.157461
-0.066435
0.032989
0.101177
0.166181
0.251428
0.312657
0.300169
0.244388
0.214275
0.212336
0.173472
0.060363
-0.093693
-0.241553
-0.37328
-0.493124
-0.581657
-0.6079
-0.570649
-0.50955
-0.465199
-0.43232
-0.367588
-0.244352
-0.081354
0.084597
0.232849
0.351025
0.411072
0.397943
0.362297
0.378783
0.437003
0.436943
0.311525
0.114069
-0.040923
-0.108748
-0.140994
-0.183828
-0.218123
-0.217769
-0.208925
-0.232131
-0.27147
-0.266241
-0.193971
-0.105288
-0.058789
-0.051045
-0.041244
-0.021248
-0.01994
-0.043115
-0.054098
-0.033835
-0.023099
-0.069344
-0.151453
-0.196458
-0.167793
-0.09626
-0.014609
0.086859
0.212063
0.314758
0.346166
0.332254
0.356812
0.448159
0.526528
0.496287
0.353175
0.166198
-0.019714
-0.208687
-0.384224
-0.485974
-0.48574
-0.450662
-0.491939
-0.614025
-0.670095
-0.530314
-0.241061
0.044775
0.255357
0.434966
0.605186
0.713495
0.756792
0.833666
1.009441
1.157556
1.093315
0.805884
0.451898
0.157107
-0.064836
-0.23477
-0.365321
-0.49581
-0.681145
-0.932055
-1.14789
-1.190368
-1.039529
-0.8063
-0.581267
-0.359933
-0.12745
0.091583
0.298305
0.565423
0.933475
1.308683
1.520498
1.491851
1.299482
1.051996
0.774293
0.458784
0.145207
-0.125812
-0.397819
-0.757382
-1.195366
-1.562939
-1.70005
-1.609025
-1.402261
-1.15293
-0.868182
-0.590189
-0.363359
-0.11998
0.258785
0.778962
1.276696
1.563528
1.595967
1.486113
1.371508
1.285719
1.17238
0.997728
0.727717
0.33194
-0.176623
-0.705397
-1.124297
-1.354839
-1.412009
-1.36202
-1.25242
-1.109315
-0.965646
-0.815123
-0.564961
-0.133895
0.415573
0.902992
1.202802
1.342731
1.415659
1.456615
1.444944
1.398677
1.346744
1.210402
0.842657
0.228155
-0.417348
-0.843606
-1.023567
-1.121436
-1.242101
-1.325405
-1.31603
-1.265182
-1.178346
-0.922628
-0.423802
0.160926
0.596023
0.829758
0.984206
1.138981
1.255495
1.306593
1.369859
1.471571
1.450216
1.136817
0.617196
0.165316
-0.093576
-0.291476
-0.569924
-0.873418
-1.09462
-1.26876
-1.47569
-1.612256
-1.45474
-0.972204
-0.404078
0.021572
0.320162
0.638879
1.020477
1.365261
1.61269
1.828773
2.022966
2.064812
1.813026
1.325086
0.839611
0.518402
0.304689
0.045588
-0.280972
-0.59086
-0.904725
-1.278425
-1.6375
-1.757558
-1.527866
-1.127784
-0.78982
-0.548752
-0.308785
-0.034386
0.244752
0.532599
0.865077
1.167111
1.247718
1.016033
0.626953
0.370226
0.340302
0.390178
0.361373
0.215478
-0.035135
-0.420859
-0.893477
-1.243898
-1.32234
-1.172947
-1.018368
-0.961827
-0.931917
-0.806375
-0.523475
-0.100833
0.383996
0.852283
1.229645
1.4297
1.422081
1.321936
1.208095
1.059947
0.847724
0.580059
0.196854
-0.333913
-0.921975
-1.389984
-1.628345
-1.67258
-1.645751
-1.648828
-1.610848
-1.43257
-1.087168
-0.672868
-0.237222
0.287481
0.9176
1.524268
1.909569
2.036887
2.117973
2.247422
2.292216
2.098961
1.71696
1.216495
0.57019
-0.260366
-1.117328
-1.720279
-1.955828
-2.053656
-2.197183
-2.43064
-2.515126
-2.316683
-1.893654
-1.384493
-0.885894
-0.372094
0.21613
0.783438
1.219026
1.569058
1.984935
2.457224
2.699256
2.542448
2.100415
1.618933
1.150869
0.530507
-0.28597
-1.069976
-1.621918
-1.990945
-2.409946
-2.777143
-2.795719
-2.447807
-1.950518
-1.538592
-1.149373
-0.568081
0.13179
0.658738
0.976718
1.383713
2.041646
2.601129
2.706865
2.407027
2.0613
1.814172
1.411913
0.768936
0.064577
-0.516552
-1.007234
-1.604354
-2.222761
-2.552363
-2.469385
-2.064966
-1.65238
-1.385417
-1.135404
-0.704706
-0.058033
0.633876
1.296018
2.051482
2.735993
3.065545
2.971924
2.721005
2.552778
2.453771
2.271144
1.787737
1.009841
0.123609
-0.710754
-1.457629
-2.138108
-2.63967
-2.785037
-2.689727
-2.58204
-2.610366
-2.708115
-2.429071
-1.50479
-0.32483
0.656769
1.390454
2.15613
2.872372
3.320179
3.562087
3.783483
4.118022
4.377492
4.097415
3.106016
1.828784
0.872151
0.075067
-1.02458
-2.351728
-3.341989
-3.897251
-4.458798
-5.276258
-6.070602
-6.452666
-6.241875
-5.733429
-5.417823
-5.442505
-5.351148
-4.622029
-3.424288
-2.500001
-2.277617
-2.265555
-1.725315
-0.703753
-0.009068
-0.24208
-0.920826
-1.240103
-1.162457
-1.473923
-2.348013
-3.144189
-3.441219
-3.763121
-4.563051
-5.594185
-6.267075
-6.241603
-5.69484
-5.207295
-5.095655
-4.902265
-3.9943
-2.37838
-0.763494
0.30761
1.220059
2.80109
5.12947
7.067783
8.027895
8.448321
8.958594
9.717056
10.560138
11.097234
11.145862
10.852384
10.533239
10.362507
10.087583
9.29568
7.866275
6.157811
4.79494
4.060168
3.502
2.138013
0.261094
-0.71531
-0.811493
-0.927004
-1.28431
-1.313805
-0.495562
0.823337
1.869655
2.189581
2.268651
3.093035
4.011572
4.539503
4.634063
4.568559
4.490835
4.057444
2.819951
0.808921
-1.62553
-4.302393
-6.5311
-8.618043
-11.143574
-13.754115
-15.932903
-17.346779
-18.009736
-18.179768
-18.060554
-17.634997
-16.70862
-15.107924
-12.8893
-10.298879
-7.484456
-4.381042
-0.936246
2.076317
4.255136
6.547812
8.609457
9.902036
10.257794
9.961708
9.50835
9.120305
8.535663
7.301902
5.24841
2.625078
-0.099501
-1.730422
-3.160206
-5.161489
-7.351225
-8.67701
-8.447378
-7.162849
-6.010016
-5.685961
-5.469031
-3.675189
0.620312
3.579364
4.507507
4.918466
6.037517
8.1518
10.331279
11.329298
10.765022
9.389421
8.33908
8.00466
7.663608
6.288327
3.537945
-0.460551
-2.040753
-2.570081
-3.906897
-6.307801
-8.48488
-9.100659
-8.005738
-6.462826
-5.759742
-5.774044
-5.129111
-2.767999
0.791951
3.635744
4.257443
4.535334
5.814531
7.787144
9.247095
9.303105
8.257087
7.240296
6.94554
7.050464
6.578197
4.88535
1.912024
-1.46161
-3.032996
-4.656994
-6.763617
-8.930312
-10.689497
-11.588726
-11.43924
-10.539195
-9.52167
-8.808936
-8.197687
-6.66058
-3.204826
0.072099
2.002233
3.130806
4.386968
6.273982
8.338211
9.611627
9.584673
8.562388
7.408496
6.838303
6.613774
5.204484
1.212908
-2.697021
-5.052583
-6.149169
-7.33289
-9.555686
-12.261604
-13.967498
-13.490758
-11.296694
-8.982612
-7.67172
-6.81461
-4.779925
-1.291394
2.20474
4.166659
4.620163
4.949855
6.372007
8.518682
9.847029
8.976735
6.652788
4.575858
4.004277
4.031081
2.589985
-0.471482
-3.279119
-4.214572
-3.625839
-3.384965
-4.633309
-6.260442
-6.085272
-3.586255
-0.459459
0.175097
-0.86725
-0.232539
2.344388
4.859914
5.689377
5.122457
4.726358
5.538424
6.781291
6.832269
4.989391
2.323265
0.63696
1.201464
1.032675
-1.827637
-4.794301
-5.74192
-5.079731
-4.555207
-5.20947
-6.216323
-6.116972
-4.565476
-2.590094
-1.884112
-2.307154
-1.748919
0.755384
2.765027
3.282437
3.081868
3.267057
4.16323
4.876781
4.553184
3.395365
2.264539
1.496771
0.803809
-0.522732
-2.600489
-4.131744
-4.7369
-5.022601
-5.62085
-6.302068
-6.486158
-5.935847
-5.016293
-3.862588
-2.154427
-0.363272
0.797573
1.807146
2.761544
3.78775
4.7938
5.627106
6.05895
5.988545
5.759638
5.822279
6.063421
5.800619
4.391767
2.408372
1.924239
2.113633
1.172278
-1.17475
-3.707031
-4.753035
-3.810815
-2.309571
-2.069548
-2.853145
-2.251908
1.299773
4.406403
4.873879
4.315071
4.448477
6.14412
8.449028
9.630923
8.402451
5.666938
3.63487
3.347167
2.918806
-1.039733
-6.263217
-9.080249
-9.219808
-8.462927
-9.040733
-11.295521
-13.526382
-13.428478
-10.543061
-7.022514
-5.709715
-6.498031
-6.155186
-2.02378
3.829768
5.545688
4.465235
3.833283
6.110979
9.820338
11.928966
10.253702
6.507252
4.309929
4.906879
5.854181
3.703106
-2.76046
-6.503106
-5.960359
-4.479505
-5.892942
-10.023942
-13.459811
-13.205091
-9.699048
-6.534028
-6.634341
-8.406522
-7.697022
-2.760145
2.954711
3.921633
1.984822
1.655623
5.052734
8.915874
8.835967
4.69111
0.686414
0.160381
1.607897
1.243714
-2.680961
-7.73459
-9.973778
-8.959082
-7.127516
-7.71966
-10.894161
-13.575932
-12.826181
-8.651852
-4.394416
-4.126242
-6.229417
-5.878772
-1.451781
3.70589
5.060497
2.798661
1.534437
5.053623
10.174907
11.876828
9.511716
6.809382
6.946832
9.883666
12.673092
12.559794
9.390776
5.991426
5.374959
7.179544
7.872846
4.246636
-3.06749
-6.004483
-3.225903
-0.05966
-2.315099
-6.883956
-9.102349
-7.403803
-2.775706
-0.119685
-1.625809
-1.996908
2.517864
7.76174
9.49563
8.323922
7.55927
8.950463
11.646152
13.252965
12.248621
9.306855
6.72285
6.431583
7.347194
6.020489
0.187864
-5.987985
-7.583149
-6.061074
-6.085281
-8.640509
