0.0
-0.001115
-0.003505
-0.00207
0.009051
0.029526
0.055875
0.088823
0.132046
0.183725
0.235933
0.284758
0.334069
0.383331
0.422014
0.446999
0.467699
0.479199
0.458138
0.398737
0.324388
0.255372
0.186211
0.104335
0.019709
-0.042067
-0.073958
-0.089573
-0.091884
-0.064421
0.003597
0.096086
0.182414
0.240969
0.270436
0.295701
0.343609
0.400226
0.429766
0.434849
0.444799
0.446895
0.390671
0.268784
0.144738
0.084164
0.078147
0.057712
-0.010354
-0.082316
-0.112586
-0.117948
-0.129845
-0.119755
-0.029094
0.131675
0.274159
0.338805
0.36122
0.399671
0.443041
0.444283
0.408094
0.382958
0.374994
0.327072
0.205453
0.059547
-0.039717
-0.089763
-0.141295
-0.197284
-0.194739
-0.109916
-0.007421
0.040527
0.042622
0.070026
0.143208
0.182803
0.124099
0.022897
-0.031071
-0.058389
-0.156986
-0.339776
-0.496794
-0.542034
-0.524754
-0.544659
-0.600671
-0.603896
-0.530003
-0.459175
-0.44258
-0.424949
-0.340666
-0.222558
-0.159455
-0.16196
-0.137115
-0.002309
0.217183
0.415104
0.528014
0.580114
0.587462
0.508904
0.332066
0.149506
0.076383
0.093024
0.05501
-0.128939
-0.401313
-0.645784
-0.816234
-0.930393
-0.969781
-0.884686
-0.705023
-0.557503
-0.521682
-0.514809
-0.383713
-0.087108
0.271479
0.577089
0.799107
0.932216
0.932419
0.791278
0.603282
0.491644
0.463289
0.390024
0.161948
-0.184122
-0.526467
-0.801077
-1.014665
-1.146999
-1.155707
-1.064148
-0.976996
-0.975157
-1.005917
-0.911702
-0.622036
-0.225876
0.154882
0.475176
0.730171
0.876247
0.871153
0.776084
0.719967
0.738879
0.717709
0.533674
0.210418
-0.133566
-0.438053
-0.71658
-0.950383
-1.06682
-1.056462
-1.027574
-1.097845
-1.219202
-1.205709
-0.954746
-0.57835
-0.211589
0.158341
0.556461
0.867924
0.957275
0.8796
0.836122
0.9143
0.994319
0.925064
0.703448
0.4232
0.127506
-0.198371
-0.518107
-0.720176
-0.749277
-0.702028
-0.724267
-0.831088
-0.89355
-0.813393
-0.626643
-0.403512
-0.146758
0.144818
0.383939
0.460059
0.390372
0.322726
0.373949
0.502172
0.563526
0.488375
0.332177
0.149061
-0.065609
-0.288008
-0.425245
-0.41852
-0.355054
-0.395148
-0.567518
-0.72721
-0.740657
-0.618296
-0.42969
-0.188491
0.094099
0.313627
0.343812
0.2138
0.132606
0.261063
0.505458
0.63673
0.558683
0.350845
0.101332
-0.172865
-0.413076
-0.464455
-0.27032
-0.025684
-0.000284
-0.246906
-0.556803
-0.713856
-0.72588
-0.711869
-0.627705
-0.365348
-0.104773
-0.187238
-0.562762
-0.752681
-0.480528
-0.021902
0.192913
0.127074
0.078291
0.137709
0.060608
-0.213755
-0.305563
0.087569
0.674745
0.900952
0.673347
0.429937
0.478308
0.585828
0.434339
0.123941
-0.049296
-0.166072
-0.551215
-1.138026
-1.414032
-1.05169
-0.321309
0.246365
0.480125
0.621105
0.801378
0.848367
0.641971
0.414508
0.447497
0.59872
0.430021
-0.149005
-0.696571
-0.806847
-0.601163
-0.46797
-0.515845
-0.530587
-0.454698
-0.532525
-0.839651
-0.958108
-0.451062
0.512952
1.273204
1.484129
1.458991
1.579885
1.717248
1.580572
1.260402
1.079127
1.038277
0.708076
-0.178677
-1.201792
-1.682424
-1.520578
-1.262605
-1.289497
-1.391222
-1.335386
-1.31413
-1.577377
-1.822974
-1.489212
-0.592596
0.215702
0.495208
0.545155
0.841563
1.321139
1.639309
1.776886
1.979565
2.190354
1.979906
1.09566
-0.068769
-0.871527
-1.126051
-1.156619
-1.29341
-1.50408
-1.647935
-1.814725
-2.11419
-2.291066
-1.901317
-0.93792
-0.018095
0.348538
0.33097
0.400451
0.68348
0.970715
1.220027
1.609234
2.103426
2.265305
1.793617
0.952977
0.357409
0.257597
0.248582
-0.046163
-0.553226
-1.076045
-1.579772
-2.122466
-2.502449
-2.335411
-1.548206
-0.574957
0.000681
0.128272
0.203811
0.450994
0.779965
1.121535
1.504528
1.840563
1.834357
1.326911
0.523951
-0.094085
-0.23811
-0.155111
-0.21579
-0.490593
-0.90764
-1.446383
-2.040691
-2.427446
-2.321883
-1.760528
-1.103961
-0.778813
-0.870866
-1.04458
-0.939071
-0.481692
0.197273
0.978718
1.692418
2.001575
1.719145
1.028743
0.388544
0.117948
0.053872
-0.168196
-0.612946
-1.148917
-1.77341
-2.452109
-2.875895
-2.785634
-2.233117
-1.51605
-0.977192
-0.77615
-0.759963
-0.671769
-0.321753
0.36971
1.275341
2.062623
2.316562
1.978896
1.420026
0.929418
0.558774
0.258715
-0.025776
-0.363709
-0.947446
-1.927022
-3.105353
-3.968371
-4.159032
-3.584808
-2.728627
-2.014648
-1.256979
-0.347091
0.458789
0.937994
1.371572
2.330946
3.901995
5.413048
6.327863
6.59364
6.425651
6.089072
5.766401
5.471483
5.060466
4.531144
3.896852
2.885788
1.235325
-0.757728
-2.619053
-3.671015
-3.851174
-3.422161
-2.841583
-2.033648
-0.940002
0.089227
0.780561
1.413395
2.5587
4.314915
6.029889
7.178075
7.61092
7.44303
6.96222
6.466716
6.004886
5.36405
4.417011
3.306939
2.137642
0.656103
-1.259873
-3.321324
-5.013236
-6.054074
-6.549948
-6.795221
-6.990339
-7.136722
-7.094118
-6.796497
-6.296733
-5.608751
-4.641819
-3.216944
-1.345439
0.576298
2.054521
2.861082
3.341824
3.658592
3.877448
4.217702
4.795517
4.878882
3.70208
1.322203
-1.036876
-2.520802
-3.613842
-4.799424
-5.793891
-6.081081
-5.575594
-4.929492
-4.96038
-5.525408
-5.586085
-3.961632
-0.801011
1.58483
2.908689
4.210774
6.074595
8.097368
9.410952
9.705572
9.535347
9.849067
10.904418
11.833642
11.314153
8.721948
4.70726
0.736829
-1.982185
-3.774825
-6.070464
-8.77715
-10.742583
-11.399884
-11.132938
-10.867324
-11.147401
-11.563193
-11.107779
-9.117623
-5.870415
-2.338936
0.5329
1.940881
3.996965
6.666414
8.497983
8.870822
8.041658
7.004015
6.425297
5.966468
4.674425
1.776832
-2.537848
-4.79145
-5.699793
-6.398788
-7.380675
-8.666061
-9.760509
-10.064171
-9.504114
-8.574729
-7.842588
-7.383709
-6.665574
-4.970008
-1.886221
2.503877
4.905073
6.367568
7.928533
9.856795
11.865238
13.252402
13.469345
12.659895
11.564328
10.898924
10.522383
9.393277
6.552936
1.923514
-1.355748
-2.278331
-2.735493
-4.233087
-6.428834
-7.838381
-7.503605
-5.972503
-4.657575
-4.516917
-4.91725
-4.007222
-0.474862
3.621643
4.254024
3.435235
3.989476
6.416512
8.770955
9.098723
7.174492
4.668784
3.439017
3.375538
2.340436
-1.180897
-5.686723
-7.464017
-7.150284
-6.4628
-6.791447
-8.032809
-8.914865
-8.158336
-5.803126
-3.309506
-2.094256
-1.905295
-0.876154
2.295918
6.136069
7.421832
6.783764
6.210751
6.9936
8.263146
8.326021
6.462848
3.464664
0.947779
-0.247371
-0.957872
-2.824633
-6.082154
-8.454294
-9.026093
-8.320604
-7.524082
-7.374649
-7.465879
-6.734311
-4.480231
-1.288464
1.348343
2.657465
3.291787
5.068444
7.864754
9.862445
10.207046
9.308133
8.341506
7.949256
7.725254
6.698242
4.457055
1.479561
-1.017322
-1.979267
-2.927802
-4.729203
-6.398461
-7.630066
-7.839265
-7.1326
-5.952191
-4.822543
-4.061618
-3.436951
-2.268599
-0.650572
0.649037
0.773458
0.966747
2.465415
4.245075
5.069532
4.241333
2.28596
0.946981
1.098944
1.663959
1.442638
0.2705
-0.656667
-0.688047
-1.118476
-2.975405
-4.654514
-5.177279
-4.464844
-3.292612
-2.933262
-3.687158
-4.53178
-4.479149
-3.260587
-1.307528
0.25646
1.427962
3.680752
6.182429
7.599046
7.292854
5.715079
4.288708
4.223905
4.950768
4.651685
2.262392
-1.269734
-3.621337
-4.573588
-5.460828
-6.769097
-7.9772
-8.319667
-7.537401
-6.280144
-5.687579
-6.12652
-6.619428
-5.675409
-2.764566
0.828424
3.244298
4.029366
5.343833
7.795329
9.763121
9.846534
8.070393
5.861085
5.142087
6.022748
6.455952
4.221533
-0.752471
-4.110557
-4.262968
-3.908726
-4.460047
-5.718798
-6.449143
-5.57525
-3.4443
-1.807447
-1.946784
-2.836296
-2.039907
1.343475
4.442281
5.412322
5.31352
5.230811
5.73869
6.315854
6.3004
5.583081
4.913149
5.067541
5.901519
6.404995
6.19144
5.001576
2.290888
0.577615
0.49072
0.943331
0.527439
-0.412425
-0.771338
-0.336757
0.115772
-0.413406
-1.311382
-1.197942
0.326543
2.396529
2.642497
2.261774
2.280179
2.953692
3.823871
4.552649
5.398391
6.582029
7.359376
7.02971
5.870656
4.859749
3.706715
1.001344
-1.334254
-2.153799
-1.895632
-1.991946
-3.436696
-5.449357
-6.633643
-6.319625
-5.705182
-6.280959
-8.01948
-9.577574
-9.618075
-8.801121
-8.382943
-8.612122
-8.054402
-5.614034
-2.178899
0.982305
3.755504
5.320254
5.491857
5.533499
6.619228
7.24962
5.790829
4.31494
4.689888
5.954767
5.622698
3.42322
1.53544
0.960799
1.321064
1.818842
1.552076
0.567557
-0.451128
-0.843511
-1.029302
-1.592612
-2.15361
-1.99306
-0.474836
1.820626
1.997829
0.550115
-1.027761
-1.144063
-0.020159
0.946528
1.20442
1.470836
2.371837
3.485416
3.26949
1.885672
0.191858
0.867013
3.182827
5.039286
4.737482
3.006456
1.807483
2.171332
2.817237
2.239421
0.71431
0.81715
3.698358
6.074702
3.719845
-1.816133
-4.946154
-4.437693
-3.017473
