-0.0
-0.0011998826085018015
-0.0037673416865921833
-0.0022230394808365455
0.00975540900270505
0.031812584675413855
0.06016458330113128
0.09567427006101067
0.14225718099914678
0.197932331201371
0.254187906242375
0.30679779547122965
0.3598630490332299
0.4129289271248501
0.4545160441207108
0.4814698238783433
0.5037744716806432
0.5161302930793378
0.4934002845684507
0.42943602535078196
0.34942170363161684
0.2751081864460743
0.2006015733880357
0.11240749073624655
0.021270381712163673
-0.0452339757426914
-0.07951838141453327
-0.09631189490932941
-0.09868812018871377
-0.06909295245927385
0.004162141088959834
0.10374841921004896
0.19658657543501584
0.25971798470353913
0.2915108284583632
0.3187122166808348
0.37029310991986786
0.43113538947971297
0.4629428315803641
0.4684145459290884
0.4790272015982997
0.48129665674853406
0.42074296424052926
0.2894793681593997
0.15600851203201416
0.0906714867129001
0.08415382588662114
0.06214630175689575
-0.011081271990869966
-0.08848571652608547
-0.12108527558205293
-0.12673061427176863
-0.13953609315285054
-0.12867025268793617
-0.03105528238333187
0.1419750306742119
0.2954483095900778
0.36508879423917584
0.3892738606344971
0.4306963539685326
0.4772709864506692
0.4786037213076138
0.43954876117870323
0.4124028011602454
0.40381181260728977
0.3522133898258947
0.22137233463994033
0.06418414801942664
-0.042672012524112866
-0.09659006601089377
-0.1519871786777232
-0.2122726347543483
-0.2095389502805197
-0.118120618207042
-0.00780545630193842
0.04385120753908029
0.046208958116938884
0.07561881349920144
0.1543678839864054
0.19700878666468136
0.13379005161982477
0.024777025891537557
-0.0333407633045695
-0.06277383606555609
-0.168944369923031
-0.3657568309234138
-0.5348513913853795
-0.5835785125228162
-0.5649896912416212
-0.5864225774577031
-0.6467470962196997
-0.6502057716413085
-0.5705979122700863
-0.4942778747489409
-0.4764203092631699
-0.4574911501572887
-0.36667564609505904
-0.23947792614044558
-0.17151674715100582
-0.17412374833146804
-0.14734408971248056
-0.0021751833270773806
0.23412744939861344
0.4471306710136949
0.5686789656466089
0.6248248731439865
0.6327250548828915
0.5481540805854761
0.3577460961107363
0.16109803141735116
0.08228106893889081
0.10001089424008028
0.05905051875658095
-0.13893366097321388
-0.4320608991200389
-0.6952710109955416
-0.878944944800219
-1.0019283893966522
-1.044325924731797
-0.9527587582426859
-0.7593179898094992
-0.6003240084652041
-0.5616224238267721
-0.5544196483363464
-0.41325184752308325
-0.09372989913112699
0.2923580330614085
0.6214370177591437
0.8606011040140478
1.0038787728748266
1.0041826357921335
0.8522525678036122
0.6497610258575354
0.5294717144653469
0.4989968693940777
0.42010330059406403
0.17450578791579285
-0.19817447619001677
-0.5668871417047935
-0.8625951467038279
-1.0940117385584456
-1.238376911932524
-1.2466331302352724
-1.146355900941598
-1.0519962823951852
-1.049947591752733
-1.0575474349178628
-0.9817445804155183
-0.6698250509322452
-0.2432303071554247
0.1668209977929385
0.5117073158947514
0.7862667631147809
0.9435643739718469
0.9380906888043334
0.8359321988415782
0.7753000907358999
0.7962925503172468
0.7728611313680652
0.5746850384693005
0.22659416142650587
-0.1438157952384165
-0.4717120221370672
-0.7716203312070335
-1.023385144061763
-1.1487679363135173
-1.1368496864819955
-1.1066547861002933
-1.181722628455287
-1.2975110739324034
-1.2799055054671256
-1.0209197196096158
-0.6229044219962943
-0.22796654386798884
0.1703842196686853
0.5990899891420635
0.9344812235936024
1.0307004560279909
0.9494767787564908
0.9000635266956074
0.984464558533996
1.065544756409429
0.9941223868246901
0.7584210952498402
0.45558811433996754
0.13723654028559307
-0.21367535545492197
-0.557976006960843
-0.7755691569903814
-0.8069060153685825
-0.7578160012735274
-0.7800789900033068
-0.8949758205247369
-0.9622339659540113
-0.8759441289975176
-0.6747364466047211
-0.4345733386651042
-0.1580921653711896
0.15588449459703302
0.41337609292966065
0.4953435557786906
0.42432829123017324
0.3483279718555932
0.40259679278806215
0.5406539535749555
0.6066904097031255
0.5257548430676622
0.3575536453344428
0.1604206966041497
-0.07074770199192967
-0.3102327712444904
-0.45801192998481166
-0.4507702785387496
-0.38516254542682654
-0.4256705628285367
-0.6111792118947414
-0.783014881608882
-0.7974740928280392
-0.6657468947629448
-0.46277137691551956
-0.2031929288454847
0.101257019016026
0.33765282773271504
0.3701570389788152
0.23202546125533147
0.14345389190886243
0.28106086565153454
0.5441964603253414
0.685455864352295
0.6014101302231594
0.37765501777818994
0.10910144077250652
-0.18610386283669478
-0.44490060654146457
-0.5002306087268742
-0.29118092278037055
-0.027867831425320518
-0.0004924084493358825
-0.26594135669973523
-0.5995460316257746
-0.7686203142094011
-0.781710935473946
-0.7666355055745325
-0.6761870688968947
-0.3934939847209744
-0.11290021144359452
-0.2017000711028752
-0.6060732332997424
-0.8105883665893325
-0.5175713383068232
-0.022088293321501723
0.20614704937182918
0.13580076998972998
0.08416450401309966
0.14837065507445096
0.07491453150869266
-0.23032954101360723
-0.32919161953469317
0.094143175549502
0.7264037575982896
0.9700553760136124
0.7249719756452966
0.4647705346964974
0.5149476319333318
0.6318025047807951
0.4646684403621886
0.13337373437893174
-0.05317195896588957
-0.1789192622194518
-0.5936506939843256
-1.2148391958174203
-1.5227483943008133
-1.1325774401755624
-0.3460840935480892
0.2652016901522182
0.5169205784912316
0.6687314311366934
0.8655528578248742
0.9135061630633116
0.6915397039714388
0.44626320998027386
0.4817867883826755
0.6445211604762311
0.4629679235177061
-0.1605417128912387
-0.7501710472999688
-0.8689237097299214
-0.6474375774725658
-0.5073110698184418
-0.5567131336855242
-0.5714559242336874
-0.48972070964824227
-0.5516024202443891
-0.8907224192865909
-1.0317142651082103
-0.485805350280352
0.5522685886552938
1.3709281614727737
1.5980700833866066
1.5707565725885564
1.700114523822592
1.843560295117912
1.7009822369718468
1.3533729197126327
1.16171086227256
1.1180590474847047
0.762490698745339
-0.19238696344080247
-1.2941040061605196
-1.810072941427884
-1.6351691033760898
-1.3588409623144178
-1.391826379352146
-1.4944041067917673
-1.438003709303841
-1.4158663604714277
-1.6929289371297802
-1.962604015291504
-1.603662938430039
-0.6381638276087633
0.23223214013782778
0.5332124549807998
0.586996665975486
0.9056569520687493
1.420084960701371
1.7613253454544926
1.9091449475559656
2.1283776505456093
2.3545993279096886
2.132552891216571
1.1801461927550825
-0.07378556389503715
-0.9382164120871416
-1.2122944950137071
-1.2432475905920202
-1.3923923647321952
-1.6198520328797459
-1.771378007125314
-1.9496397922246256
-2.2722400475836633
-2.4606343193455085
-2.0482642305819594
-1.0093579066340397
-0.019456420093889926
0.37534378516938444
0.35642648268250054
0.4312455518224527
0.7357904358753233
1.0430303708919557
1.3134120681182981
1.7334937589097619
2.258604565260418
2.420993881537985
1.9220163833872297
1.0254189077831062
0.38461994131524735
0.27746134915540144
0.2677534098414779
-0.04963524950007403
-0.5948323091361661
-1.1576550157139005
-1.701391063742307
-2.2714503793168994
-2.663307545286827
-2.501776457815328
-1.6680271609559314
-0.6188781196615811
0.0006296866128736138
0.13802356483315073
0.21936565450178985
0.48553898627928627
0.8396014332283088
1.2067329545923373
1.6200290331868974
1.9826241370534774
1.9755850251585236
1.4294137115965366
0.5876811173736529
-0.10182465598954206
-0.25651580834874843
-0.16714069641447976
-0.23248148378147881
-0.528396877703099
-0.97690374976629
-1.5565595660008467
-2.196625879887514
-2.598805862652841
-2.4880428345509213
-1.8957565521739876
-1.196242213701353
-0.8388640611683611
-0.9375787522640149
-1.124945484831674
-1.0113306747389674
-0.5188138376472948
0.2123124172411245
1.0532952344780846
1.8243500315672325
2.1483511377248323
1.8330782081542192
1.0998442425738877
0.40656552724640016
0.1491454131272385
0.05812076489740112
-0.18105715909061007
-0.6602322088258397
-1.2371538737336398
-1.9084726532464638
-2.637603388741169
-3.069332178344583
-2.951902538288069
-2.3696242558777465
-1.6208712202987587
-1.054067381116093
-0.8339742004202326
-0.8165457251007547
-0.7234340817594287
-0.34675550691394175
0.3978287130943892
1.3730355558756822
2.2199850675157027
2.4951467587020826
2.1146226550910106
1.484783304688271
0.9559804395395151
0.5695134912248072
0.26693765903611716
-0.01957752481866038
-0.36577192888585386
-0.9999456724229469
-2.0601780553745677
-3.2574434496185574
-4.074254854128492
-4.260283313958304
-3.722645480208817
-2.835508204330909
-2.096060687850574
-1.3156645470409176
-0.35927480726400607
0.4771462337895235
0.9553757766666773
1.4027506254173117
2.414773296391812
4.005236401322465
5.49673604896561
6.384492263586743
6.64062822889027
6.491799469707541
6.172565848146174
5.861083567509357
5.577017004341446
5.220179955118714
4.771780653694907
4.1758311326327
3.1113478795923264
1.3357357577425162
-0.8104342370099529
-2.8108320157345417
-3.8199718578315913
-3.975774706777637
-3.540272963082961
-2.945889848144723
-2.1311560240416303
-0.9892953529862845
0.09853004946838015
0.7985413513693633
1.4439829326907136
2.6385405156030837
4.412483920298627
6.095552599940878
7.1928470398647795
7.60695104821345
7.448915807311928
6.969511141506314
6.461857265307801
5.997854106989873
5.376362883397024
4.462316891632347
3.4027722891442176
2.268098231344343
0.7497290108653885
-1.2315637383520617
-3.3052146365798087
-4.959283350025925
-5.948681129119591
-6.4089081170421185
-6.623224762835691
-6.784014978049787
-6.907687145362795
-6.8575304364630805
-6.583535371966878
-6.130008429343746
-5.499042109028858
-4.616194633653852
-3.280899895830862
-1.4411746358565316
0.6113059448144951
2.211379855010831
3.0831068137067437
3.5836837727223445
3.883489680516155
4.096147954723892
4.446259884034855
5.0207888041454645
5.095802850232718
3.9406849251220226
1.414792422850348
-1.130208238161692
-2.606626816364214
-3.6463761040725657
-4.733680705902261
-5.665319096795663
-5.9508632509448915
-5.464220086383384
-4.829004274635404
-4.861139365805968
-5.4341707878812935
-5.569084500883502
-4.097116460458374
-0.8399014118811668
1.6324859285867013
3.0053433562264638
4.328574424881534
6.185267647124327
8.17569580991592
9.444298376388641
9.702739630571664
9.525260743714728
9.851709579670075
10.910599387669702
11.81363526217381
11.279275625245122
8.780350052416464
4.836773284731895
0.8238803462168212
-2.1299622414278128
-3.8095043108506346
-5.846261596674783
-8.32456076045657
-10.14700384046282
-10.75136208475179
-10.506060846367005
-10.239046274072006
-10.459722945519088
-10.819883324996196
-10.427131602006526
-8.675060070777075
-5.756352727036398
-2.478649985686852
0.581437052118278
2.112413770915475
4.24919488506583
6.746861350899328
8.427214944092556
8.782019644165953
8.020870086318018
7.057618197128974
6.527660835447216
6.078563147653954
4.795411402263981
1.8910443893169009
-2.765019292886372
-4.782428182710201
-5.549588113197144
-6.159985561129252
-7.0559199486723845
-8.250469167572973
-9.289495068651242
-9.595979463903653
-9.079160980792194
-8.201679817469877
-7.504835172964537
-7.083278816694961
-6.449370634343144
-4.936379456745607
-1.9860085980252922
2.729157428514498
5.108815324527161
6.512289963039728
7.958235572855184
9.737476956556725
11.627684965069928
12.953349380484726
13.186692142636181
12.433139578935691
11.379686372879483
10.717447007019
10.333736377068329
9.280783898456868
6.605080295999987
1.979807587059061
-1.4378303329645499
-2.3636971904657216
-2.7883612998114087
-4.216230553452958
-6.292361579278074
-7.606568919150038
-7.283451900293278
-5.849454744168089
-4.615037320714043
-4.479383678510717
-4.875086930028434
-4.0320886182227476
-0.5332361812597444
3.884783720388339
4.4783400592185005
3.6069040183705954
4.0908318597745605
6.4718313023151195
8.757247367113422
9.114570760230098
7.287805758257351
4.809144976571772
3.5658873017327424
3.5001107679270915
2.4408054966923705
-1.191426567828184
-5.671371847444801
-7.280609785623006
-6.9334818226210935
-6.2452457700774655
-6.503700323615693
-7.642374612866817
-8.489146211936388
-7.857564101650505
-5.71568368518484
-3.318601900514958
-2.1276018895146755
-1.9380960619000196
-0.9026657455652684
2.342943935088556
6.1953105464434985
7.422285894583399
6.824208091996624
6.287754028072477
7.052433044592341
8.2871806717047
8.390060003489923
6.57348625826772
3.5572209086821234
0.9902534319148208
-0.22841666903496788
-0.9455585006398316
-2.8319731632150758
-5.983757595014203
-8.17981958500647
-8.602079642119483
-7.874236370580977
-7.137439948278075
-7.038460537004028
-7.199379713460612
-6.617999772515935
-4.480009798072336
-1.2808823203071806
1.3898874249948232
2.7118905838668104
3.3554935338577505
5.117205235411266
7.834991293695868
9.734395193719068
10.027280600528565
9.204871612358383
8.335695619258578
7.9759964376584
7.737970381501262
6.717163048586942
4.528986674554672
1.6010235019189987
-1.0858457483208876
-2.1346585320774043
-3.1032273190340036
-4.72855640387838
-6.181806660529012
-7.256438301550214
-7.476777400155597
-6.884469195340949
-5.850284427284828
-4.810553348785827
-4.0300181866095475
-3.3719765990158894
-2.2657954563987475
-0.7126945935658959
0.7085287792148661
0.8455876288149949
1.0510897128557715
2.678103449498135
4.396352669989409
5.207092787146713
4.419013929557376
2.4765137007048024
1.0195718398714109
1.1237829355996112
1.7044774537729355
1.5377040198022733
0.3075321866633881
-0.697499658293257
-0.7270967355145169
-1.1970991918299088
-3.1526494473495386
-4.659186053561143
-5.1239905064451685
-4.462150027320531
-3.3204848857818927
-2.9233855342532866
-3.654399414607723
-4.505696201713134
-4.492798925321245
-3.380689086563886
-1.4104925558093677
0.28579044609135096
1.547294297938343
3.954188632683276
6.380190306091359
7.700048939947215
7.372645553290713
5.811333229095748
4.381050154467958
4.338283519287392
5.117838410606524
4.870704237868155
2.4342582338670313
-1.363713678356359
-3.8793629360483184
-4.700195281621151
-5.429467774519164
-6.534793707880078
-7.616648066670149
-7.97692947780864
-7.3152210691002315
-6.187588845902969
-5.66210123355205
-6.083890242489048
-6.503328894876853
-5.625452967088928
-2.8548746262015605
0.8288873244877892
3.4387205211378014
4.339090323443409
5.692627531615367
7.9679099634517545
9.74425166840897
9.763327049022529
8.078779701126379
6.081878981571244
5.477203277599736
6.307338576624645
6.645601426402365
4.445503189855098
-0.8091902849612657
-4.231608202357432
-4.316621683923726
-3.9298563807543405
-4.408975003846269
-5.578167167598874
-6.2943046155868565
-5.499071982625285
-3.437992186238655
-1.8411318282488438
-2.0472054131508886
-2.9410030582089597
-2.1384429201828246
1.4693776879935723
4.5821763007537655
5.540526677312142
5.4546707616520225
5.3800990885464035
5.867516147375086
6.395010205630609
6.342763207585271
5.625100753881356
4.997085308157644
5.282371063376967
6.112862263724065
6.5398413380421445
6.310871027116559
5.252212758621179
2.422352259298051
0.5252079976483432
0.44444956979622574
0.94713261800502
0.5065978725363889
-0.4062233485486866
-0.7371249316994324
-0.30488888652564694
0.10688310693492772
-0.4479384572312335
-1.3922521011694116
-1.2671224188967065
0.32935011063951514
2.6050158069028733
2.7639154220735813
2.3761434457583785
2.4559170736530533
3.1298557197989454
3.8696451427495306
4.592224815125365
5.504391851751595
6.726454853040739
7.5577823996135995
7.207918265381593
6.0054938191609
4.971130240626784
3.951630724410372
1.0449498466835276
-1.3932865202096814
-2.2580738493089654
-2.030095644476657
-2.0146068523847482
-3.441856673163768
-5.507299160458766
-6.564508070385731
-6.211472651281601
-5.608022780416772
-6.060274756293995
-7.743069162952695
-9.365003387193683
-9.301990368278357
-8.508759747145064
-8.196953507597943
-8.493573191772684
-8.049723729180897
-5.810875776580219
-2.2726685023763356
1.1184322145628176
3.962418957893373
5.64075509109564
5.753691953537746
5.6375399980675995
6.61584065900295
7.298681907423009
5.791972528599177
4.335981277013305
4.8341868862021045
6.109650376601003
5.757616060511838
3.5108943174039244
1.4290898538913193
0.7801847012163904
1.2185733532294207
1.7854931136929388
1.5775393525274062
0.6722799827250434
-0.33397296342695276
-0.8376316203339647
-1.1311983353681705
-1.795269982323527
-2.3652548036786833
-2.100323871144668
-0.49402590914558486
1.976640082225272
2.1486717073614665
0.6047470555035852
-1.1047451305783191
-1.2002298387190666
-0.07965124642577585
0.9007517467194797
1.2667396727267795
1.5844743209057197
2.5606244001687064
3.780233691645417
3.4574552784079455
1.9479629021493348
0.08708753754920193
0.7240082389072172
3.188227351598397
5.074866694741503
4.772473120646175
3.036300927176109
1.7833298656759171
2.0640392125579057
2.717580878134104
2.2365892867072277
0.6831098123186331
0.8118471480096243
3.797540044905752
6.226715139221325
3.9576877307603313
-1.831735554840309
-5.066843522931871
-4.559305489294713
-3.120081674936297
