0.01000001
0.02000001
0.03000001
0.04000001
0.050000010000000004
0.060000010000000006
0.07000001
0.08000001
0.09000000999999999
0.10000000999999999
0.11000001
0.12000000999999999
0.13000001
0.14000001
0.15000001000000002
0.16000001
0.17000001
0.18000001000000002
0.19000001
0.20000001
0.21000001000000001
0.22000001
0.23000001
0.24000001
0.25000001
0.26000001
0.27000001
0.28000001
0.29000001000000003
0.30000001
0.31000001
0.32000001
0.33000001
0.34000001
0.35000001000000003
0.36000001
0.37000001
0.38000001
0.39000001
0.40000001
0.41000001
0.42000001
0.43000001
0.44000001
0.45000001
0.46000001
0.47000001
0.48000001
0.49000001
0.5000000099999999
0.5100000100000001
0.5200000100000001
0.5300000100000001
0.5400000100000001
0.5500000100000001
0.5600000100000001
0.5700000100000001
0.58000001
0.59000001
0.60000001
0.61000001
0.62000001
0.63000001
0.6400000100000001
0.6500000100000001
0.6600000100000001
0.6700000100000001
0.6800000100000001
0.6900000100000001
0.70000001
0.71000001
0.72000001
0.73000001
0.74000001
0.75000001
0.7600000100000001
0.7700000100000001
0.7800000100000001
0.7900000100000001
0.8000000100000001
0.8100000100000001
0.8200000100000001
0.83000001
0.84000001
0.85000001
0.86000001
0.87000001
0.88000001
0.8900000100000001
0.9000000100000001
0.9100000100000001
0.9200000100000001
0.9300000100000001
0.9400000100000001
0.95000001
0.96000001
0.97000001
0.98000001
0.99000001
1.00000001
1.01000001
1.02000001
1.03000001
1.04000001
1.05000001
1.06000001
1.07000001
1.08000001
1.09000001
1.10000001
1.11000001
1.12000001
1.13000001
1.1400000099999998
1.1500000099999999
1.1600000099999999
1.1700000099999999
1.1800000099999999
1.1900000099999999
1.20000001
1.21000001
1.22000001
1.23000001
1.24000001
1.25000001
1.26000001
1.27000001
1.28000001
1.29000001
1.30000001
1.31000001
1.32000001
1.33000001
1.34000001
1.35000001
1.36000001
1.37000001
1.38000001
1.3900000099999998
1.4000000099999999
1.4100000099999999
1.4200000099999999
1.4300000099999999
1.4400000099999999
1.45000001
1.46000001
1.47000001
1.48000001
1.49000001
1.50000001
1.51000001
1.52000001
1.53000001
1.54000001
1.55000001
1.56000001
1.57000001
1.58000001
1.59000001
1.60000001
1.61000001
1.62000001
1.63000001
1.6400000099999998
1.6500000099999999
1.6600000099999999
1.6700000099999999
1.6800000099999999
1.6900000099999999
1.70000001
1.71000001
1.72000001
1.73000001
1.74000001
1.75000001
1.76000001
1.77000001
1.78000001
1.79000001
1.80000001
1.81000001
1.82000001
1.83000001
1.84000001
1.85000001
1.86000001
1.87000001
1.88000001
1.8900000099999998
1.9000000099999999
1.9100000099999999
1.9200000099999999
1.9300000099999999
1.9400000099999999
1.95000001
1.96000001
1.97000001
1.98000001
1.99000001
2.00000001
2.0100000099999997
2.0200000099999995
2.0300000099999997
2.0400000099999995
2.0500000099999998
2.0600000099999995
2.07000001
2.0800000099999996
2.09000001
2.1000000099999996
2.11000001
2.1200000099999996
2.13000001
2.1400000099999996
2.15000001
2.1600000099999996
2.17000001
2.1800000099999997
2.19000001
2.2000000099999997
2.21000001
2.2200000099999997
2.23000001
2.2400000099999997
2.25000001
2.2600000099999997
2.2700000099999995
2.2800000099999997
2.2900000099999995
2.3000000099999998
2.3100000099999995
2.32000001
2.3300000099999996
2.34000001
2.3500000099999996
2.36000001
2.3700000099999996
2.38000001
2.3900000099999996
2.40000001
2.4100000099999996
2.42000001
2.4300000099999997
2.44000001
2.4500000099999997
2.46000001
2.4700000099999997
2.48000001
2.4900000099999997
2.50000001
2.5100000099999997
2.5200000099999995
2.5300000099999997
2.5400000099999995
2.5500000099999998
2.5600000099999995
2.57000001
2.5800000099999996
2.59000001
2.6000000099999996
2.61000001
2.6200000099999996
2.63000001
2.6400000099999996
2.65000001
2.6600000099999996
2.67000001
2.6800000099999997
2.69000001
2.7000000099999997
2.71000001
2.7200000099999997
2.73000001
2.7400000099999997
2.75000001
2.7600000099999997
2.7700000099999995
2.7800000099999997
2.7900000099999995
2.8000000099999998
2.8100000099999995
2.82000001
2.8300000099999996
2.84000001
2.8500000099999996
2.86000001
2.8700000099999996
2.88000001
2.8900000099999996
2.90000001
2.9100000099999996
2.92000001
2.9300000099999997
2.94000001
2.9500000099999997
2.96000001
2.9700000099999997
2.98000001
2.9900000099999997
3.00000001
3.0100000099999997
3.0200000099999995
3.0300000099999997
3.0400000099999995
3.0500000099999998
3.0600000099999995
3.07000001
3.0800000099999996
3.09000001
3.1000000099999996
3.11000001
3.1200000099999996
3.13000001
3.1400000099999996
3.15000001
3.1600000099999996
3.17000001
3.1800000099999997
3.19000001
3.2000000099999997
3.21000001
3.2200000099999997
3.23000001
3.2400000099999997
3.25000001
3.2600000099999997
3.2700000099999995
3.2800000099999997
3.2900000099999995
3.3000000099999998
3.3100000099999995
3.32000001
3.3300000099999996
3.34000001
3.3500000099999996
3.36000001
3.3700000099999996
3.38000001
3.3900000099999996
3.40000001
3.4100000099999996
3.42000001
3.4300000099999997
3.44000001
3.4500000099999997
3.46000001
3.4700000099999997
3.48000001
3.4900000099999997
3.50000001
3.5100000099999997
3.5200000099999995
3.5300000099999997
3.5400000099999995
3.5500000099999998
3.5600000099999995
3.57000001
3.5800000099999996
3.59000001
3.6000000099999996
3.61000001
3.6200000099999996
3.63000001
3.6400000099999996
3.65000001
3.6600000099999996
3.67000001
3.6800000099999997
3.69000001
3.7000000099999997
3.71000001
3.7200000099999997
3.73000001
3.7400000099999997
3.75000001
3.7600000099999997
3.7700000099999995
3.7800000099999997
3.7900000099999995
3.8000000099999998
3.8100000099999995
3.82000001
3.8300000099999996
3.84000001
3.8500000099999996
3.86000001
3.8700000099999996
3.88000001
3.8900000099999996
3.90000001
3.9100000099999996
3.92000001
3.9300000099999997
3.94000001
3.9500000099999997
3.96000001
3.9700000099999997
3.98000001
3.9900000099999997
4.00000001
4.01000001
4.0200000099999995
4.030000009999999
4.04000001
4.05000001
4.0600000099999995
4.070000009999999
4.08000001
4.09000001
4.10000001
4.110000009999999
4.12000001
4.13000001
4.14000001
4.150000009999999
4.16000001
4.17000001
4.18000001
4.190000009999999
4.20000001
4.21000001
4.22000001
4.2300000099999995
4.24000001
4.25000001
4.26000001
4.2700000099999995
4.280000009999999
4.29000001
4.30000001
4.3100000099999995
4.320000009999999
4.33000001
4.34000001
4.35000001
4.360000009999999
4.37000001
4.38000001
4.39000001
4.400000009999999
4.41000001
4.42000001
4.43000001
4.440000009999999
4.45000001
4.46000001
4.47000001
4.4800000099999995
4.49000001
4.50000001
4.51000001
4.5200000099999995
4.530000009999999
4.54000001
4.55000001
4.5600000099999995
4.570000009999999
4.58000001
4.59000001
4.60000001
4.610000009999999
4.62000001
4.63000001
4.64000001
4.650000009999999
4.66000001
4.67000001
4.68000001
4.690000009999999
4.70000001
4.71000001
4.72000001
4.7300000099999995
4.74000001
4.75000001
4.76000001
4.7700000099999995
4.780000009999999
4.79000001
4.80000001
4.8100000099999995
4.820000009999999
4.83000001
4.84000001
4.85000001
4.860000009999999
4.87000001
4.88000001
4.89000001
4.900000009999999
4.91000001
4.92000001
4.93000001
4.940000009999999
4.95000001
4.96000001
4.97000001
4.9800000099999995
4.99000001
5.00000001
5.01000001
5.0200000099999995
5.030000009999999
5.04000001
5.05000001
5.0600000099999995
5.070000009999999
5.08000001
5.09000001
5.10000001
5.110000009999999
5.12000001
5.13000001
5.14000001
5.150000009999999
5.16000001
5.17000001
5.18000001
5.190000009999999
5.20000001
5.21000001
5.22000001
5.2300000099999995
5.24000001
5.25000001
5.26000001
5.2700000099999995
5.280000009999999
5.29000001
5.30000001
5.3100000099999995
5.320000009999999
5.33000001
5.34000001
5.35000001
5.360000009999999
5.37000001
5.38000001
5.39000001
5.400000009999999
5.41000001
5.42000001
5.43000001
5.440000009999999
5.45000001
5.46000001
5.47000001
5.4800000099999995
5.49000001
5.50000001
5.51000001
5.5200000099999995
5.530000009999999
5.54000001
5.55000001
5.5600000099999995
5.570000009999999
5.58000001
5.59000001
5.60000001
5.610000009999999
5.62000001
5.63000001
5.64000001
5.650000009999999
5.66000001
5.67000001
5.68000001
5.690000009999999
5.70000001
5.71000001
5.72000001
5.7300000099999995
5.74000001
5.75000001
5.76000001
5.7700000099999995
5.780000009999999
5.79000001
5.80000001
5.8100000099999995
5.820000009999999
5.83000001
5.84000001
5.85000001
5.860000009999999
5.87000001
5.88000001
5.89000001
5.900000009999999
5.91000001
5.92000001
5.93000001
5.940000009999999
5.95000001
5.96000001
5.97000001
5.9800000099999995
5.99000001
6.00000001
6.01000001
6.0200000099999995
6.030000009999999
6.04000001
6.05000001
6.0600000099999995
6.070000009999999
6.08000001
6.09000001
6.10000001
6.110000009999999
6.12000001
6.13000001
6.14000001
6.150000009999999
6.16000001
6.17000001
6.18000001
6.190000009999999
6.20000001
6.21000001
6.22000001
6.2300000099999995
6.24000001
6.25000001
6.26000001
6.2700000099999995
6.280000009999999
6.29000001
6.30000001
6.3100000099999995
6.320000009999999
6.33000001
6.34000001
6.35000001
6.360000009999999
6.37000001
6.38000001
6.39000001
6.400000009999999
6.41000001
6.42000001
6.43000001
6.440000009999999
6.45000001
6.46000001
6.47000001
6.4800000099999995
6.49000001
6.50000001
6.51000001
6.5200000099999995
6.530000009999999
6.54000001
6.55000001
6.5600000099999995
6.570000009999999
6.58000001
6.59000001
6.60000001
6.610000009999999
6.62000001
6.63000001
6.64000001
6.650000009999999
6.66000001
6.67000001
6.68000001
6.690000009999999
6.70000001
6.71000001
6.72000001
6.7300000099999995
6.74000001
6.75000001
6.76000001
6.7700000099999995
6.780000009999999
6.79000001
6.80000001
6.8100000099999995
6.820000009999999
6.83000001
6.84000001
6.85000001
6.860000009999999
6.87000001
6.88000001
6.89000001
6.900000009999999
6.91000001
6.92000001
6.93000001
6.940000009999999
6.95000001
6.96000001
6.97000001
6.9800000099999995
6.99000001
7.00000001
7.01000001
7.0200000099999995
7.030000009999999
7.04000001
7.05000001
7.0600000099999995
7.070000009999999
7.08000001
7.09000001
7.10000001
7.110000009999999
7.12000001
7.13000001
7.14000001
7.150000009999999
7.16000001
7.17000001
7.18000001
7.190000009999999
7.20000001
7.21000001
7.22000001
7.2300000099999995
7.24000001
7.25000001
7.26000001
7.2700000099999995
7.280000009999999
7.29000001
7.30000001
7.3100000099999995
7.320000009999999
7.33000001
7.34000001
7.35000001
7.360000009999999
7.37000001
7.38000001
7.39000001
7.400000009999999
7.41000001
7.42000001
7.43000001
7.440000009999999
7.45000001
7.46000001
7.47000001
7.4800000099999995
7.49000001
7.50000001
7.51000001
7.5200000099999995
7.530000009999999
7.54000001
7.55000001
7.5600000099999995
7.570000009999999
7.58000001
7.59000001
7.60000001
7.610000009999999
7.62000001
7.63000001
7.64000001
7.650000009999999
7.66000001
7.67000001
7.68000001
7.690000009999999
7.70000001
7.71000001
7.72000001
7.7300000099999995
7.74000001
7.75000001
7.76000001
7.7700000099999995
7.780000009999999
7.79000001
7.80000001
7.8100000099999995
7.820000009999999
7.83000001
7.84000001
7.85000001
7.860000009999999
7.87000001
7.88000001
7.89000001
7.900000009999999
7.91000001
7.92000001
7.93000001
7.940000009999999
7.95000001
7.96000001
7.97000001
7.9800000099999995
7.99000001
8.00000001
8.01000001
8.02000001
8.03000001
8.04000001
8.05000001
8.060000010000001
8.070000010000001
8.080000010000001
8.09000001
8.10000001
8.11000001
8.12000001
8.13000001
8.140000010000001
8.150000010000001
8.160000010000001
8.17000001
8.18000001
8.19000001
8.20000001
8.21000001
8.220000010000001
8.230000010000001
8.240000010000001
8.25000001
8.26000001
8.27000001
8.28000001
8.29000001
8.30000001
8.310000010000001
8.320000010000001
8.330000010000001
8.34000001
8.35000001
8.36000001
8.37000001
8.38000001
8.390000010000001
8.400000010000001
8.410000010000001
8.42000001
8.43000001
8.44000001
8.45000001
8.46000001
8.470000010000001
8.480000010000001
8.490000010000001
8.50000001
8.51000001
8.52000001
8.53000001
8.54000001
8.55000001
8.560000010000001
8.570000010000001
8.580000010000001
8.59000001
8.60000001
8.61000001
8.62000001
8.63000001
8.640000010000001
8.650000010000001
8.660000010000001
8.67000001
8.68000001
8.69000001
8.70000001
8.71000001
8.720000010000001
8.730000010000001
8.740000010000001
8.75000001
8.76000001
8.77000001
8.78000001
8.79000001
8.80000001
8.810000010000001
