             0.00000000000000000000
            -0.00000020629655604978
            -0.00000094514804352956
            -0.00000214110049166619
            -0.00000337385495735513
            -0.00000428771554806303
            -0.00000480599548375900
            -0.00000513372732145862
            -0.00000548847945356068
            -0.00000575060651900083
            -0.00000541719470006562
            -0.00000413369928708129
            -0.00000214254423899470
            -0.00000000963668330530
             0.00000182261834294669
             0.00000323951467423309
             0.00000443801435485267
             0.00000565784264375479
             0.00000700008200452932
             0.00000834787881863901
             0.00000930221142648054
             0.00000942789615360315
             0.00000859113124128004
             0.00000708228675752280
             0.00000545938306307077
             0.00000410863252400883
             0.00000298407011046807
             0.00000176090376336214
             0.00000015453911903366
            -0.00000179332915785810
            -0.00000369679967390810
            -0.00000506140177032688
            -0.00000552036275323046
            -0.00000505085088273941
            -0.00000407979139813185
            -0.00000321825896922741
            -0.00000279274524251043
            -0.00000263733654647505
            -0.00000230660542543896
            -0.00000144630609452316
            -0.00000001273596497402
             0.00000171468711341595
             0.00000328554837696134
             0.00000429666252587637
             0.00000457952244946656
             0.00000427248054511954
             0.00000370430090508305
             0.00000319011498967716
             0.00000279101019646319
             0.00000219115697764880
             0.00000094301795397955
            -0.00000110743821361347
            -0.00000364576918600740
            -0.00000611908008158990
            -0.00000804749646616150
            -0.00000912041667463102
            -0.00000925108429962139
            -0.00000869350263708223
            -0.00000793364552993034
            -0.00000730136435625010
            -0.00000670411629169751
            -0.00000573376739719886
            -0.00000401593682460593
            -0.00000153651177673896
             0.00000130245791816192
             0.00000385745633858798
             0.00000550004305572628
             0.00000602828782142933
             0.00000590892238526281
             0.00000585104814755427
             0.00000616324770050443
             0.00000652318351837335
             0.00000619555862152459
             0.00000470341922655063
             0.00000237282711233371
             0.00000002422441120260
            -0.00000166682133020909
            -0.00000250959927119518
            -0.00000278682242253744
            -0.00000290967117515018
            -0.00000313640394422320
            -0.00000355125505374987
            -0.00000404741526891398
            -0.00000430884516970054
            -0.00000399615078398815
            -0.00000307474714029896
            -0.00000190256838597878
            -0.00000096499331739343
            -0.00000054415742963311
            -0.00000058750530688351
            -0.00000083661079525663
            -0.00000101318382954174
            -0.00000093639844451364
            -0.00000063271872297527
            -0.00000037015649184254
            -0.00000050737661793092
            -0.00000118954740663591
            -0.00000213571226330851
            -0.00000278123632863126
            -0.00000264071683091184
            -0.00000155740318282461
             0.00000021916866012854
             0.00000215565952373540
             0.00000371324512518954
             0.00000457289311089687
             0.00000485703880134076
             0.00000513072902336702
             0.00000589218208389183
             0.00000705034429091867
             0.00000788799419545050
             0.00000752899459711115
             0.00000559937612644422
             0.00000246185298469209
            -0.00000104296617264706
            -0.00000400427496181562
            -0.00000584892206285135
            -0.00000652089548083110
            -0.00000658516367012253
            -0.00000703468862360222
            -0.00000834323859603986
            -0.00000979432535283606
            -0.00000999991707470537
            -0.00000797784949440948
            -0.00000393180283357760
             0.00000090373779446250
             0.00000511201250472621
             0.00000782386227104996
             0.00000911680510376237
             0.00000990843151426609
             0.00001126531072614819
             0.00001360771108294232
             0.00001629451402149333
             0.00001783040687519953
             0.00001680658321561061
             0.00001287464207986715
             0.00000719031005332280
             0.00000181994184515586
            -0.00000176382127250970
            -0.00000362838398572035
            -0.00000496031772454361
            -0.00000707494392925978
            -0.00001053517481114681
            -0.00001469203027420603
            -0.00001795539508587348
            -0.00001882807006350158
            -0.00001687290017719015
            -0.00001282457799988228
            -0.00000816896482555732
            -0.00000420529590892370
            -0.00000134303604831259
             0.00000106556198053444
             0.00000419540800056465
             0.00000881829946455496
             0.00001460839717750500
             0.00002011772637069769
             0.00002346778728169879
             0.00002353882502091010
             0.00002054066337126330
             0.00001574573107298009
             0.00001067664675418630
             0.00000630968287695170
             0.00000268118811045840
            -0.00000100848053006823
            -0.00000577527783812368
            -0.00001199591194998472
            -0.00001879068414879451
            -0.00002428732972264016
            -0.00002674066244468348
            -0.00002561075599051050
            -0.00002171519210567738
            -0.00001685294790406521
            -0.00001259960570214309
            -0.00000939338846120525
            -0.00000643979169735337
            -0.00000225951872106138
             0.00000409752426092251
             0.00001206044803847920
             0.00001961465362875813
             0.00002441519220049360
             0.00002548055720345843
             0.00002380321830769692
             0.00002122527508373076
             0.00001907748530272445
             0.00001746548735225304
             0.00001544637855451594
             0.00001168526785001230
             0.00000551869698401190
            -0.00000251734992849255
            -0.00001083177033695935
            -0.00001747776174766662
            -0.00002115543026152886
            -0.00002181681413735098
            -0.00002047250485574035
            -0.00001848774916498073
            -0.00001684465501500067
            -0.00001548945422868904
            -0.00001326062041576816
            -0.00000882422050346656
            -0.00000186179770269866
             0.00000646798310508488
             0.00001410013996342574
             0.00001929778185873952
             0.00002160745602438282
             0.00002190010565877510
             0.00002159637568757107
             0.00002166592098279968
             0.00002207671307919454
             0.00002170085000039043
             0.00001878134110345715
             0.00001233116991487488
             0.00000330418234096622
            -0.00000584752337688218
            -0.00001272541319068812
            -0.00001639393889114902
            -0.00001765923997142844
            -0.00001811510761895352
            -0.00001894658804738494
            -0.00002019887828614595
            -0.00002071513973495481
            -0.00001891206557549085
            -0.00001392401870703263
            -0.00000629743112095100
             0.00000217972123359641
             0.00000933753868467628
             0.00001381120119266563
             0.00001580859200107224
             0.00001670625547520575
             0.00001793455881164699
             0.00002013651652449679
             0.00002275247979250876
             0.00002411620161085686
             0.00002246288547012090
             0.00001731172906023475
             0.00000999886419188673
             0.00000276785658591008
            -0.00000270623927800085
            -0.00000616579389395824
            -0.00000864784600154119
            -0.00001154233353610079
            -0.00001556849237130954
            -0.00002022973492645218
            -0.00002395525926768546
            -0.00002483765322436795
            -0.00002166861899545866
            -0.00001485551499626312
            -0.00000645613130061367
             0.00000109745262648709
             0.00000663958568599376
             0.00001074092325948166
             0.00001472485082398507
             0.00001937216226274462
             0.00002457420044703248
             0.00002953190182175935
             0.00003268249282460324
             0.00003241788625436978
             0.00002812572214459627
             0.00002109093800916797
             0.00001371114721449208
             0.00000792952450066351
             0.00000412366703983473
             0.00000118239349585416
            -0.00000247353563808149
            -0.00000789327651019784
            -0.00001488143223342367
            -0.00002177147673700387
            -0.00002628009793755166
            -0.00002679469093655389
            -0.00002337549235969528
            -0.00001763723506993820
            -0.00001180606986248947
            -0.00000756113430883025
            -0.00000487560184635552
            -0.00000236684654276260
             0.00000158571822204506
             0.00000745717512378152
             0.00001407643232421073
             0.00001894535836215158
             0.00001983745856696770
             0.00001662829210981202
             0.00001137052012306718
             0.00000688556333586402
             0.00000493124116323131
             0.00000525838973456228
             0.00000590694484922622
             0.00000443225365270509
            -0.00000041086495935927
            -0.00000765944214488663
            -0.00001482147391050730
            -0.00001940478529029401
            -0.00002038330666559176
            -0.00001862025421573836
            -0.00001614868108615032
            -0.00001446571713804281
            -0.00001357249930308774
            -0.00001223278760594034
            -0.00000877675700079850
            -0.00000253732742502225
             0.00000566059524467034
             0.00001393032271972057
             0.00002015655722555131
             0.00002308039937425620
             0.00002295505576704048
             0.00002103200698972202
             0.00001865665402914131
             0.00001629123368867447
             0.00001360454835610435
             0.00000960877735183508
             0.00000335973083054005
            -0.00000501909244875506
            -0.00001407723723345670
            -0.00002170300847899043
            -0.00002632242948300167
            -0.00002799427590064873
            -0.00002781560525552488
            -0.00002670174062366975
            -0.00002493461689173679
            -0.00002226059219058135
            -0.00001813659997218881
            -0.00001204992843774710
            -0.00000392933499029187
             0.00000565547266423755
             0.00001546987558321415
             0.00002406879007590586
             0.00003022252449632713
             0.00003371595255010478
             0.00003541106844472595
             0.00003617680361946206
             0.00003582893199648142
             0.00003342211557504809
             0.00002813101126869121
             0.00001945391357092074
             0.00000794579751514370
            -0.00000472363528757709
            -0.00001640015668773646
            -0.00002526654480307809
            -0.00003084858624690660
            -0.00003466077335778732
            -0.00003800389751792804
            -0.00004067607038367435
            -0.00004118852990662570
            -0.00003839218654079044
            -0.00003216248239620625
            -0.00002340651233522731
            -0.00001380143510885502
            -0.00000460655753483521
             0.00000374406292693017
             0.00001130057885676035
             0.00001852867713443969
             0.00002596713107537575
             0.00003353771992143662
             0.00003970133302781375
             0.00004225894343457331
             0.00004038493089767534
             0.00003473074730363462
             0.00002645293501461186
             0.00001665236633755523
             0.00000636330448141789
            -0.00000393270277928964
            -0.00001408011061685336
            -0.00002392529359142486
            -0.00003291009760723697
            -0.00004029222904150675
            -0.00004474788625748927
            -0.00004495538840720091
            -0.00004094111079082482
            -0.00003392028900962336
            -0.00002537515378306073
            -0.00001656878989766307
            -0.00000811298996820342
            -0.00000018788650470114
             0.00000761484689840236
             0.00001596312094098715
             0.00002507094984422456
             0.00003401851719776717
             0.00004040273585229682
             0.00004241589201271543
             0.00003992426093300045
             0.00003429747867313902
             0.00002733187062701293
             0.00002001346847876387
             0.00001233142487083422
             0.00000393309161545991
            -0.00000556913659073026
            -0.00001614165881323643
            -0.00002702565567126511
            -0.00003611322368957581
            -0.00004073751169127554
            -0.00003985259018363602
            -0.00003472166669726313
            -0.00002798544715867825
            -0.00002176869108388843
            -0.00001652171574739801
            -0.00001060224029700690
            -0.00000233203868481577
             0.00000890338899475346
             0.00002210466367254303
             0.00003487207937749245
             0.00004412152229940552
             0.00004834614934238865
             0.00004809788342835542
             0.00004527961950436772
             0.00004206886017620658
             0.00003926586335191127
             0.00003564782434514120
             0.00002897526008800873
             0.00001821969713562857
             0.00000392054357339938
            -0.00001181656959219812
            -0.00002610847342856076
            -0.00003662731325244973
            -0.00004233259449559084
            -0.00004396486332253677
            -0.00004386531022833074
            -0.00004397817078318603
            -0.00004435314086893059
            -0.00004317508368367797
            -0.00003719128505642171
            -0.00002473686998143336
            -0.00000768773945217149
             0.00001022975924296005
             0.00002571634355675890
             0.00003738700000442824
             0.00004570545431772537
             0.00005202577942482420
             0.00005811442872801624
             0.00006451941343672932
             0.00006986609205549102
             0.00007110314428337370
             0.00006559795688534013
             0.00005300696251436898
             0.00003527518315330922
             0.00001547785204905452
            -0.00000396736724937737
            -0.00002155163585727399
            -0.00003736126131234069
            -0.00005180829125656374
            -0.00006597460794618354
            -0.00008071325169206565
            -0.00009504650078799020
            -0.00010623447807851124
            -0.00011190650977374449
            -0.00011164480601746644
            -0.00010709925577668091
            -0.00010013587371334462
            -0.00009152697390385053
            -0.00008207734931849410
            -0.00007258368305819509
            -0.00006339243368180941
            -0.00005470498694033345
            -0.00004647246422612130
            -0.00003762767251185855
            -0.00002714859217701755
            -0.00001649704804557082
            -0.00000885058039884537
            -0.00000714527377076647
            -0.00001156602098935269
            -0.00001901714057577894
            -0.00002672939809445590
            -0.00003419153957764761
            -0.00004163437144369153
            -0.00004944694139998793
            -0.00005862415099339622
            -0.00007055679634621921
            -0.00008486977438205001
            -0.00009833554895114485
            -0.00010687661044401866
            -0.00010862152423164371
            -0.00010450345738968757
            -0.00009620428743977797
            -0.00008496539853223823
            -0.00007178084645164386
            -0.00005685854980670077
            -0.00003970932131058209
            -0.00002009734514574634
             0.00000207596403019108
             0.00002750385143119336
             0.00005711097035446689
             0.00008889434818547613
             0.00011676328442914395
             0.00013733165583880633
             0.00015161916121824858
             0.00016318280028648646
             0.00017406467624560675
             0.00018439029880816732
             0.00019292261442541031
             0.00019809124622476677
             0.00019937055735661814
             0.00019664304390094447
             0.00018976804555981462
             0.00017819000615946636
             0.00016167570080388146
             0.00014095635105137473
             0.00011857443775488241
             0.00009705967491922139
             0.00007704759291221269
             0.00005794984597011190
             0.00003760191437377727
             0.00001693243961821230
            -0.00000122471612829435
            -0.00001381838606899658
            -0.00001971183506795638
            -0.00001938962507931558
            -0.00001284593475026498
            -0.00000082780177931198
             0.00001313896470750964
             0.00002583709485192126
             0.00003656160840068078
             0.00004614647595949378
             0.00005690282878941345
             0.00006787249816786825
             0.00007787866966239886
             0.00008534265947571907
             0.00008730120956713374
             0.00008163184833513718
             0.00006668251942687610
             0.00004094187827281129
             0.00000535100456088681
            -0.00003652492226038236
            -0.00007944618623733226
            -0.00012234732845067548
            -0.00016457037559007478
            -0.00020690384687658373
            -0.00024857858151869036
            -0.00028598533676784489
            -0.00031497469205953932
            -0.00033282997594456662
            -0.00033919178990303407
            -0.00033446967430409910
            -0.00031925281128145793
            -0.00029418581740530775
            -0.00026071287016115631
            -0.00022104757852186245
            -0.00017691389720130376
            -0.00013045123341485181
            -0.00007998367003826555
            -0.00002341296528487667
             0.00003455479708718884
             0.00008239883653517181
             0.00012084622968485383
             0.00015105518684650326
             0.00017104496211886420
             0.00018133640174097121
             0.00018269465324298242
             0.00017685378846738360
             0.00016524778488037693
             0.00014691862557397967
             0.00012204006978112693
             0.00009196480318157957
             0.00005582582133007951
             0.00001483879191214099
            -0.00002677430470732351
            -0.00006297536978559915
            -0.00009209337329323001
            -0.00011417557051771152
            -0.00012785365541190954
            -0.00013210626894529111
            -0.00012734124662911004
            -0.00011523714099440324
            -0.00009726991910101472
            -0.00007148386745203774
            -0.00003764489158634182
             0.00000487877024460682
             0.00004433857270210242
             0.00007585939073475244
             0.00010257642791246989
             0.00012843259002187318
             0.00015386673986426819
             0.00017542005819555517
             0.00018793731939173187
             0.00018877498391222140
             0.00017967730561992755
             0.00016432470366092893
             0.00014491221438114960
             0.00012062937896428434
             0.00009148880889485495
             0.00005866786114989794
             0.00001880028771661545
            -0.00001819577048920516
            -0.00005090149156679852
            -0.00008104434870701337
            -0.00010799937091290946
            -0.00012805394344850906
            -0.00013777364947490089
            -0.00013642266711503634
            -0.00012587051583983112
            -0.00010901763371947868
            -0.00008737539221532043
            -0.00006046600240020017
            -0.00002955790833403283
             0.00000308157410343891
             0.00003722819178923779
             0.00006722860052241282
             0.00009431724599114503
             0.00011837886449398073
             0.00013824458041358098
             0.00015213350615831295
             0.00015737499995052806
             0.00015434915026723341
             0.00014658031164412893
             0.00013601612434030244
             0.00012082629699581485
             0.00009844022353412993
             0.00006955333649512707
             0.00003407095224837044
            -0.00000826846853189028
            -0.00004977335610171745
            -0.00008785656696679145
            -0.00012280964590792527
            -0.00015253198706243157
            -0.00017579297737388032
            -0.00019108750940145165
            -0.00019691334856058342
            -0.00019321923431923072
            -0.00018076492691460839
            -0.00016050832424598227
            -0.00013342285239552259
            -0.00009800174711805400
            -0.00005481868911738484
            -0.00001189876400001553
             0.00002678852627711392
             0.00006074027693315917
             0.00009112704377670570
             0.00011854248354174862
             0.00014146832922482444
             0.00015648239778778220
             0.00016106366934744753
             0.00015544621460379933
             0.00014264666270713159
             0.00012327791104256404
             0.00009595983151616024
             0.00005955868526239955
             0.00001544322696562445
            -0.00002807309664177708
            -0.00006925476896341928
            -0.00010800325018347486
            -0.00014511769218179279
            -0.00017965393188472739
            -0.00020663206353395191
            -0.00022173922430625452
            -0.00022270964305556179
            -0.00020919614876518193
            -0.00018308215066370698
            -0.00014894934147038940
            -0.00010905677606247452
            -0.00006610462849007445
            -0.00002376769206069923
             0.00001577637382016727
             0.00005140024888123779
             0.00008163795469348509
             0.00010795754919630032
             0.00013059571082482620
             0.00014631425800416215
             0.00015000419101723084
             0.00013975358467050347
             0.00011970562768825022
             0.00009489544734290678
             0.00006992428062717643
             0.00004750088445891561
             0.00002554014647511218
             0.00000213259650047345
            -0.00002281197365624866
            -0.00004661802029167599
            -0.00006627041047356410
            -0.00008093959348485262
            -0.00009012818642632810
            -0.00008995410558361362
            -0.00007867904131663021
            -0.00005780922910132935
            -0.00003257248785817823
            -0.00001104921847140212
             0.00000377575796403465
             0.00002034754729047437
             0.00004120137303630568
             0.00006351321405711943
             0.00008466569715317840
             0.00010039008363210278
             0.00010970799716922066
             0.00011436639943905758
             0.00011096228844229380
             0.00009685226502176616
             0.00007660342037598174
             0.00005357367358282410
             0.00003095751617615607
             0.00001218531965816595
            -0.00000648589664188184
            -0.00003033650611091376
            -0.00005417616716251181
            -0.00007492489648249961
            -0.00009063786269100088
            -0.00009852448860638901
            -0.00010192175024657914
            -0.00009919011204117596
            -0.00008930231038225480
            -0.00007472035300416411
            -0.00005897950497633600
            -0.00004357840518912098
            -0.00002924955014300899
            -0.00001236137367058970
             0.00000963841261227633
             0.00003113453493751373
             0.00004990800062801931
             0.00006315449043429289
             0.00007197295698000652
             0.00007758321148932905
             0.00007767161978258183
             0.00007142675629514965
             0.00006010060449996158
             0.00004458143391182522
             0.00002616438870618290
             0.00000523083904149007
            -0.00001647161336899767
            -0.00003742627606525545
            -0.00005537290890007879
            -0.00007160199540670409
            -0.00008600289450058286
            -0.00009836443508290445
            -0.00010638931322101274
            -0.00010687096493701131
            -0.00009867737834366525
            -0.00008175765909582978
            -0.00005846734598252557
            -0.00003210024213078709
            -0.00000678114109391089
             0.00001400858137352703
             0.00003192009041058583
             0.00004852270796443995
             0.00006550598091638092
             0.00008295787464602763
             0.00009967909613867872
             0.00011252301543484781
             0.00011885739890700560
             0.00011829400173702786
             0.00011214515939797193
             0.00009986398926143377
             0.00008378763564010371
             0.00006751141107332499
             0.00005233119106276885
             0.00003965916397414934
             0.00002595242766363905
             0.00000705753908571821
            -0.00001665682986000142
            -0.00004060785296845421
            -0.00005796598706917462
            -0.00006307696913427799
            -0.00005733495112151951
            -0.00004555916457817385
            -0.00002575487723041588
            -0.00000105109893412475
             0.00002642630773096198
             0.00005103117579029170
             0.00006832041095847127
             0.00008320694756066343
             0.00009940015278863056
             0.00011785955708617267
             0.00013468255963889559
             0.00014323594298418512
             0.00013777250857897392
             0.00011765731211313723
             0.00008725362724938230
             0.00004901743118718667
             0.00000479968080517081
            -0.00003912246235693274
            -0.00007986253522883280
            -0.00010900419155365434
            -0.00013508196592346280
            -0.00015874622601687080
            -0.00018164379829309086
            -0.00020214922224418797
            -0.00021405312480172930
            -0.00021191668471048263
            -0.00019338978766290536
            -0.00016084931433092275
            -0.00012504561861970901
            -0.00008675588643052228
            -0.00004657994300154085
            -0.00001107039884501862
             0.00002305568395619786
             0.00004592407002031710
             0.00006989411167519414
             0.00009689126779962604
             0.00012563253411110228
             0.00015059267266465958
             0.00016372767044036966
             0.00015829131781748326
             0.00013683565719147542
             0.00010961181175185434
             0.00007942258355596933
             0.00004441610319309608
             0.00001536645857839611
            -0.00001851070478708549
            -0.00004669922900091558
            -0.00007779485487121149
            -0.00010992021901067492
            -0.00014341833603700795
            -0.00017769849723309357
            -0.00019853929785068193
            -0.00020202223185197428
            -0.00018588974849654451
            -0.00015739764814080764
            -0.00012738098506128744
            -0.00009396999791205898
            -0.00006293910421167996
            -0.00003656761453732016
            -0.00000644242680389190
             0.00001448767359109174
             0.00004235315139039278
             0.00007030062454183717
             0.00009874293868121243
             0.00011771746330862345
             0.00011696221586964574
             0.00009312456253728350
             0.00005655579458017134
             0.00002136765146913838
            -0.00000900726686997250
            -0.00003908668785656291
            -0.00007182353503083492
            -0.00010200491279743090
            -0.00012645658007902111
            -0.00014909668323006742
            -0.00017114498263865748
            -0.00019118121444130931
            -0.00020860892357505581
            -0.00021210290227155782
            -0.00019823461670590923
            -0.00016707193718648778
            -0.00012787892424930217
            -0.00009480940131344242
            -0.00006481655682409712
            -0.00004055361464918485
            -0.00001712960958603397
             0.00000715968515354439
             0.00002772860492801244
             0.00005032973158226899
             0.00007761990848508625
             0.00011183632704816010
             0.00014604816183940578
             0.00016236971449264272
             0.00016167273943970591
             0.00015475533922587798
             0.00015247432176868168
             0.00015810935863285480
             0.00016483287665445566
             0.00017063194240688200
             0.00016635912733331448
             0.00015214155225534161
             0.00013640253060081680
             0.00011759414789655524
             0.00007863010664493016
             0.00003189062694963979
            -0.00001238327469288082
            -0.00003980743958805329
            -0.00005103945284784288
            -0.00005366748969836832
            -0.00006416260264512044
            -0.00007811265690576129
            -0.00009341089948883310
            -0.00010084428936457992
            -0.00008037750121478976
            -0.00005085490658946241
            -0.00001779975591910035
             0.00002364084083344299
             0.00006734317151633004
             0.00010768473707343693
             0.00012965008964315152
             0.00013988515727778879
             0.00014581776010586423
             0.00015565752323753483
             0.00016866576756690823
             0.00018018917670255665
             0.00018362762949553915
             0.00017527401585047745
             0.00015650025598921977
             0.00013201271877740227
             0.00009622468131859104
             0.00004233689565386394
            -0.00001209884369461036
            -0.00006086286141671378
            -0.00009588377455062587
            -0.00011781332681106765
            -0.00014110084650717996
            -0.00016856724165257615
