            -0.00002828861601959966
            -0.00002829464708748117
            -0.00002831930892081376
            -0.00002837105305051430
            -0.00002845240401062048
            -0.00002855946530359023
            -0.00002867671477555302
            -0.00002878058223763077
            -0.00002885149614071900
            -0.00002888316463457207
            -0.00002888022177732635
            -0.00002885187340570472
            -0.00002880619600995181
            -0.00002874632466289789
            -0.00002867490532773783
            -0.00002859751789040235
            -0.00002851871521615943
            -0.00002844036690949384
            -0.00002835996341864069
            -0.00002827060654591667
            -0.00002816853356856260
            -0.00002806049560371917
            -0.00002796627341672843
            -0.00002791371306462971
            -0.00002792330822107110
            -0.00002799460794666452
            -0.00002810535624289697
            -0.00002822422334573822
            -0.00002832974561252077
            -0.00002842036667341682
            -0.00002850990723013686
            -0.00002861394380295898
            -0.00002873327227667833
            -0.00002884924298770266
            -0.00002893359542174668
            -0.00002896322182938346
            -0.00002893420650364726
            -0.00002886889341669379
            -0.00002880301659134012
            -0.00002875823460954392
            -0.00002872693289343788
            -0.00002868209667611336
            -0.00002859725940155294
            -0.00002846267972439113
            -0.00002829451997847521
            -0.00002813230679861390
            -0.00002802278798533009
            -0.00002799535792772499
            -0.00002804454773640017
            -0.00002813676754110922
            -0.00002823655086065695
            -0.00002832938797836828
            -0.00002842537871969718
            -0.00002854707124863914
            -0.00002871056744712697
            -0.00002890798810598625
            -0.00002910458929569479
            -0.00002925162528411527
            -0.00002930958338108446
            -0.00002926940107311078
            -0.00002915780053861272
            -0.00002901933341227377
            -0.00002888754315269262
            -0.00002876743745200538
            -0.00002863899914870101
            -0.00002847748933605875
            -0.00002827634496075625
            -0.00002805633467432515
            -0.00002785820085951962
            -0.00002772713421596989
            -0.00002769190777010518
            -0.00002774719205788648
            -0.00002786058290447394
            -0.00002799730174358660
            -0.00002813566735394271
            -0.00002826990181419076
            -0.00002840050141618834
            -0.00002852012669721713
            -0.00002861265246914539
            -0.00002866116434165718
            -0.00002865338241703534
            -0.00002858637880184344
            -0.00002847220964414552
            -0.00002833626505700968
            -0.00002820413870099694
            -0.00002808764709090992
            -0.00002798222872810978
            -0.00002787807081539046
            -0.00002777412976589416
            -0.00002768254329065328
            -0.00002762248823045728
            -0.00002761063517204318
            -0.00002765530709618359
            -0.00002775074508275344
            -0.00002787281936895627
            -0.00002798796580492293
            -0.00002807242112134305
            -0.00002812533548497756
            -0.00002816713141375632
            -0.00002822360619212755
            -0.00002830889513511911
            -0.00002841722325072949
            -0.00002852306928721699
            -0.00002859219281626701
            -0.00002859787577791575
            -0.00002853433792202872
            -0.00002842341315569723
            -0.00002830527348178093
            -0.00002821442118704411
            -0.00002815968021854927
            -0.00002812448074910673
            -0.00002808564412970766
            -0.00002803141260032923
            -0.00002796760237657252
            -0.00002791367928174501
            -0.00002789086432825894
            -0.00002790624599700035
            -0.00002794452875947316
            -0.00002797765708650678
            -0.00002798259371920447
            -0.00002796082345785241
            -0.00002794425584516455
            -0.00002797178959882948
            -0.00002805496437882121
            -0.00002816856136299592
            -0.00002826819099913929
            -0.00002831866518216266
            -0.00002831086078737025
            -0.00002826296233586893
            -0.00002821282945403245
            -0.00002819529216839981
            -0.00002821386585780494
            -0.00002823247785944792
            -0.00002820646329719828
            -0.00002812360735755234
            -0.00002801319646613703
            -0.00002792270946985816
            -0.00002788884006291844
            -0.00002791828413988454
            -0.00002798202392318335
            -0.00002803184007428037
            -0.00002803161400473572
            -0.00002798368312783786
            -0.00002792024030680812
            -0.00002790546159470633
            -0.00002799087044116757
            -0.00002811941116719357
            -0.00002825191286151319
            -0.00002833459329426721
            -0.00002834332979612818
            -0.00002829093866308378
            -0.00002821605205953815
            -0.00002815827912355035
            -0.00002813086433672007
            -0.00002811358344043131
            -0.00002806444150430053
            -0.00002797546892148661
            -0.00002786375456846507
            -0.00002777430003663403
            -0.00002776344259377882
            -0.00002784754813265258
            -0.00002799819784930156
            -0.00002815731873408347
            -0.00002826874609449183
            -0.00002830987866968993
            -0.00002830336410759560
            -0.00002827459688105534
            -0.00002828417079507173
            -0.00002840203905400192
            -0.00002852556668459678
            -0.00002855638583086854
            -0.00002850225145518510
            -0.00002838663038098997
            -0.00002827164325150294
            -0.00002821611965449162
            -0.00002823610151546620
            -0.00002829244796406495
            -0.00002831121428969754
            -0.00002821736268541306
            -0.00002803125850953121
            -0.00002784409295199391
            -0.00002770194978193856
            -0.00002767675127008220
            -0.00002776445033861543
            -0.00002790498610600831
            -0.00002802378131642933
            -0.00002808401066318448
            -0.00002810994793056728
            -0.00002816619639161596
            -0.00002830681642312909
            -0.00002853009033958318
            -0.00002876897565660364
            -0.00002892376214666585
            -0.00002892484031242716
            -0.00002878212697039623
            -0.00002857397271055579
            -0.00002840143821797006
            -0.00002832452599151373
            -0.00002832398390580722
            -0.00002831302883298707
            -0.00002819520145509041
            -0.00002793279819951258
            -0.00002758317375823674
            -0.00002727114514784766
            -0.00002711812863979344
            -0.00002715931648717283
            -0.00002734216950346428
            -0.00002755424407127105
            -0.00002769761588412031
            -0.00002775970641315943
            -0.00002781337043251167
            -0.00002796473429833566
            -0.00002826849132808919
            -0.00002867290447447396
            -0.00002904124256049464
            -0.00002922997007004112
            -0.00002918852119175785
            -0.00002898142459964966
            -0.00002874633727949483
            -0.00002861327372369759
            -0.00002862015412628060
            -0.00002868552274730755
            -0.00002866217985609021
            -0.00002844362541296543
            -0.00002804713190195243
            -0.00002760778941562112
            -0.00002729724372936318
            -0.00002722291986371388
            -0.00002735096368325907
            -0.00002754396137251935
            -0.00002763562292243219
            -0.00002754475526822512
            -0.00002734164495125470
            -0.00002720878168410477
            -0.00002732300710492399
            -0.00002773121070791011
            -0.00002831743397515818
            -0.00002885930123500918
            -0.00002916225478918717
            -0.00002916587828944056
            -0.00002896362047211556
            -0.00002873740742580109
            -0.00002864765154388198
            -0.00002871739224160101
            -0.00002880597758442901
            -0.00002871860223049993
            -0.00002834903813347999
            -0.00002774606202950972
            -0.00002708944537379540
            -0.00002660922934311912
            -0.00002643151394404305
            -0.00002652485512692379
            -0.00002674611733710465
            -0.00002688105793235730
            -0.00002688457606985229
            -0.00002678467667256613
            -0.00002679172360817419
            -0.00002707858067597059
            -0.00002767601508348647
            -0.00002847110537194189
            -0.00002923038879298166
            -0.00002973584370424321
            -0.00002992203221830918
            -0.00002984474285766068
            -0.00002974529342717309
            -0.00002968523523456112
            -0.00002971801529850061
            -0.00002977026657947981
            -0.00002953375317451693
            -0.00002899539079612262
            -0.00002824764507604278
            -0.00002753290426469755
            -0.00002708327528579570
            -0.00002706887242755298
            -0.00002742858227821846
            -0.00002794812786884700
            -0.00002835319372126918
            -0.00002848812220010948
            -0.00002833275317754079
            -0.00002819972721339424
            -0.00002810515621619370
            -0.00002818687160236575
            -0.00002834264221875433
            -0.00002844717156392543
            -0.00002840774605503840
            -0.00002824636781828188
            -0.00002809220676423135
            -0.00002810291352045103
            -0.00002834921799393165
            -0.00002866128018405958
            -0.00002904923065848964
            -0.00002916414631193354
            -0.00002898005996401645
            -0.00002867806677163878
            -0.00002839860144292034
            -0.00002834762477512593
            -0.00002857554275970328
            -0.00002894070112106830
            -0.00002922670132768170
            -0.00002926172465932261
            -0.00002898392966591844
            -0.00002861416930387491
            -0.00002836178675042876
            -0.00002832736905864144
            -0.00002828231806482992
            -0.00002847391213586460
            -0.00002842985697966110
            -0.00002821526307339226
            -0.00002791708686769257
            -0.00002770746939320956
            -0.00002772974269925836
            -0.00002791724863057251
            -0.00002821435193045550
            -0.00002842099124889029
            -0.00002849885595081930
            -0.00002830796027072718
            -0.00002791821222957649
            -0.00002759087748067826
            -0.00002747261700379833
            -0.00002769493444072642
            -0.00002789950204594338
            -0.00002802059305055656
            -0.00002796525177832580
            -0.00002771312609542734
            -0.00002745105245004429
            -0.00002744776398808236
            -0.00002773283389365353
            -0.00002823554188587496
            -0.00002855088882603216
            -0.00002855449087917262
            -0.00002830914482140753
            -0.00002800949455868952
            -0.00002787767475623141
            -0.00002804942974125626
            -0.00002846341284351952
            -0.00002879289035349262
            -0.00002885409459834540
            -0.00002848416622150768
            -0.00002830176074311084
            -0.00002803860768129291
            -0.00002800344166865644
            -0.00002823907240773057
            -0.00002866189572827568
            -0.00002900675334956140
            -0.00002904701936136707
            -0.00002872734920184726
            -0.00002819191700685103
            -0.00002772085333912671
            -0.00002747670376537092
            -0.00002756206359816114
            -0.00002787950015939886
            -0.00002814154246337967
            -0.00002816121285299183
            -0.00002794157900818249
            -0.00002764645946415217
            -0.00002767496049067142
            -0.00002801216827609779
            -0.00002864412400919132
            -0.00002929051878193620
            -0.00002960639674690104
            -0.00002941027888016423
            -0.00002888582939858971
            -0.00002837603380538420
            -0.00002817141607154271
            -0.00002831373673510495
            -0.00002872718494954656
            -0.00002915723390996230
            -0.00002931181615386641
            -0.00002905741568534114
            -0.00002855117313828294
            -0.00002807816550015659
            -0.00002787773308699609
            -0.00002793491434308335
            -0.00002813638915284736
            -0.00002814020018583474
            -0.00002780037829652534
            -0.00002716263116322318
            -0.00002661624145700601
            -0.00002635242135227857
            -0.00002660058474180295
            -0.00002725064556939279
            -0.00002804806549682311
            -0.00002857885720392635
            -0.00002863771016667986
            -0.00002827893672937883
            -0.00002787755436131134
            -0.00002775467338858174
            -0.00002798266472374055
            -0.00002844241241398430
            -0.00002880493361742103
            -0.00002881008989646494
            -0.00002833320959501970
            -0.00002778993593488892
            -0.00002721161522416580
            -0.00002702407345730409
            -0.00002723054190845550
            -0.00002759762261899984
            -0.00002769483634747093
            -0.00002744118989132180
            -0.00002681382338693728
            -0.00002616959049387059
            -0.00002571932643956802
            -0.00002577925662554354
            -0.00002609274301642762
            -0.00002668284738229361
            -0.00002697808595310792
            -0.00002701205189839803
            -0.00002674708539032358
            -0.00002657626792149282
            -0.00002682946421849013
            -0.00002752301744777513
            -0.00002855006727551094
            -0.00002940746285804934
            -0.00002992379719142032
            -0.00002997058258107430
            -0.00002969538695037752
            -0.00002927299288788060
            -0.00002911705693688314
            -0.00002933316502216587
            -0.00002960144463311003
            -0.00002950353765693121
            -0.00002879660881154713
            -0.00002758220795248138
            -0.00002604900097581299
            -0.00002465631263849494
            -0.00002366469140743834
            -0.00002316249038380092
            -0.00002296899550330945
            -0.00002272694587554706
            -0.00002250261257670259
            -0.00002272987518851890
            -0.00002321852058355563
            -0.00002378229020372903
            -0.00002466185227187144
            -0.00002606484568816557
            -0.00002785769216536230
            -0.00002954377659074567
            -0.00003079111439067975
            -0.00003150771814965764
            -0.00003160204638527302
            -0.00003135474771914930
            -0.00003142781179695729
            -0.00003246673234951430
            -0.00003443384268649247
            -0.00003633704188488816
            -0.00003714798480978410
            -0.00003655313514438710
            -0.00003472010962134958
            -0.00003248965729006553
            -0.00003100611119043542
            -0.00003086739319172556
            -0.00003197887624702357
            -0.00003335409838776615
            -0.00003348612808979194
            -0.00003228600992440738
            -0.00003045605273608224
            -0.00002845564041658674
            -0.00002686317970340480
            -0.00002609848107784213
            -0.00002627920254147248
            -0.00002715198066104569
            -0.00002842588960536260
            -0.00002964402231709572
            -0.00003080275209218570
            -0.00003154215753916429
            -0.00003161634359314041
            -0.00003160481045869047
            -0.00003246891911804690
            -0.00003442608904704562
            -0.00003653918344745217
            -0.00003757916000251985
            -0.00003702594689832020
            -0.00003488928075557029
            -0.00003178189543604019
            -0.00002871266934478284
            -0.00002651345874711077
            -0.00002495075699941328
            -0.00002289712176836957
            -0.00001890906507336387
            -0.00001248375049249548
            -0.00000374129115521553
             0.00000546641461814095
             0.00001383608270868680
             0.00002189013142044729
             0.00003034648016569027
             0.00003872729789185226
             0.00004527185359627980
             0.00004776657107144166
             0.00004470271450909359
             0.00003643738437682198
             0.00002499983250993286
             0.00001231303946406974
             0.00000081010593672001
            -0.00000815279948055595
            -0.00001549033878139785
            -0.00002195643819439550
            -0.00002710484743887312
            -0.00003036866864770859
            -0.00003212390954350729
            -0.00003248771285179897
            -0.00003185041248045982
            -0.00003189285198036881
            -0.00003308991894637253
            -0.00003381476269787039
            -0.00003313890777080683
            -0.00003122215723366503
            -0.00002828489976611870
            -0.00002447986794332359
            -0.00002081421146772645
            -0.00001700163565768024
            -0.00001257050109574788
            -0.00000810752960034072
            -0.00000440354895177741
            -0.00000270865817455540
            -0.00000485755438546788
            -0.00001078640406065702
            -0.00001793361303860851
            -0.00002280422447685612
            -0.00002579939887362602
            -0.00002888321390010828
            -0.00003143623596601638
            -0.00003261543611333426
            -0.00003209864139989112
            -0.00002984694255168644
            -0.00002636271669876430
            -0.00002239482800764246
            -0.00001967867034809749
            -0.00002014565771015253
            -0.00002445870402843076
            -0.00003061076635456894
            -0.00003567434996634266
            -0.00003836220641408215
            -0.00003826994546909623
            -0.00003623493941087939
            -0.00003296336289604326
            -0.00002756193969499562
            -0.00001855196749989613
            -0.00000299809049389119
             0.00001834288335512400
             0.00003948837387781215
             0.00005723817496900821
             0.00006927971137120439
             0.00007248327453097437
             0.00006544115487631617
             0.00005014042194488329
             0.00003094401561512131
             0.00001203210964887528
            -0.00000308562080070134
            -0.00001528153620067060
            -0.00002724168644018721
            -0.00003384685674812164
            -0.00003672808691764191
            -0.00003726965492410450
            -0.00003741371318145250
            -0.00003716999386217710
            -0.00003657866591555007
            -0.00003629297713806960
            -0.00003698624243382708
            -0.00003796877132044723
            -0.00003682092705788202
            -0.00003285644753535219
            -0.00002733721224503300
            -0.00002027022406544263
            -0.00000921702313437672
             0.00000699617818172166
             0.00002475529983504280
             0.00003773085782594661
             0.00004596376251343526
             0.00005111725203928065
             0.00005326432169529540
             0.00004985306250514699
             0.00003826804979168022
             0.00001932757360287053
            -0.00000128243444266374
            -0.00001332938732726018
            -0.00002237961934566236
            -0.00002983169037698821
            -0.00003535363765418127
            -0.00003663566375815607
            -0.00003496087735065898
            -0.00003321928006593640
            -0.00003192461990284085
            -0.00003068743739473596
            -0.00002950570326877365
            -0.00002919000848153234
            -0.00003070769222313586
            -0.00003355040489894818
            -0.00003588470443355655
            -0.00003597101319383032
            -0.00003334423595444264
            -0.00002870369673833483
            -0.00002313756969128384
            -0.00001474564654869592
            -0.00000479482238797999
             0.00000448074087518586
             0.00001099981767324587
             0.00001607091006223534
             0.00001971746766227469
             0.00001904435589948405
             0.00001143374882419034
            -0.00000155581013849466
            -0.00001213416982254577
            -0.00002002026704251463
            -0.00002575212582157393
            -0.00003091337047551080
            -0.00003539179370739267
            -0.00003608426436817204
            -0.00003556098067670487
            -0.00003609578411693950
            -0.00003670640524149100
            -0.00003621394568060805
            -0.00003474200146011293
            -0.00003343692920349612
            -0.00003337595319302729
            -0.00003415800724309234
            -0.00003385497783974819
            -0.00003139098591454737
            -0.00002700871136267007
            -0.00002044351601391823
            -0.00000983779949104788
             0.00000349801095258654
             0.00001400852155319377
             0.00001774838689622947
             0.00001755665030762644
             0.00001688781037036950
             0.00001589932896774486
             0.00001199021874250363
             0.00000248902447160564
            -0.00000998919222549715
            -0.00002059334811094356
            -0.00002744834687608981
            -0.00003211003397795165
            -0.00003522617786016439
            -0.00003626441281013890
            -0.00003583565028013815
            -0.00003558242310321401
            -0.00003580219652124513
            -0.00003576822076524892
            -0.00003472211815036733
            -0.00003263363298580084
            -0.00003059988231078766
            -0.00002975102511275134
            -0.00002934649543524252
            -0.00002655735898813899
            -0.00002059946042456059
            -0.00001339051234574297
            -0.00000548551901147403
             0.00000341602827488158
             0.00001032890163128290
             0.00001352571301785168
             0.00001237396315318135
             0.00000688355785501288
            -0.00000044471842036868
            -0.00000658781212047168
            -0.00001294560866749492
            -0.00001989108676117603
            -0.00002478477398331356
            -0.00002742344134337244
            -0.00003037221554420640
            -0.00003294822230554897
            -0.00003442343096334092
            -0.00003490886040627024
            -0.00003441236011894361
            -0.00003382817124754436
            -0.00003429110208176054
            -0.00003522430242276871
            -0.00003551190219176357
            -0.00003473630846415388
            -0.00003244334963485975
            -0.00002875295130672263
            -0.00002165589957900188
            -0.00001466689201041664
            -0.00001008351567640473
            -0.00000693154169829366
            -0.00000368966831609456
             0.00000158278530245512
             0.00000571075484791784
             0.00000312044401458157
            -0.00000450391401515374
            -0.00001174268931719336
            -0.00001742133146022959
            -0.00002211594794423341
            -0.00002605640464055933
            -0.00002925900844005061
            -0.00003226516833892187
            -0.00003502767730296500
            -0.00003687027669586035
            -0.00003748104831639660
            -0.00003616409097341123
            -0.00003324959318008983
            -0.00003187771373911707
            -0.00003267373297688640
            -0.00003398425207264088
            -0.00003435718505683793
            -0.00003354407490904774
            -0.00003190007348253007
            -0.00002946693198118899
            -0.00002630607305057601
            -0.00002383265246739917
            -0.00002178655451037722
            -0.00001906149294673972
            -0.00001440040385739181
            -0.00000985926071227567
            -0.00000840971716341910
            -0.00001121754622392457
            -0.00001531661944613023
            -0.00001889101312476892
            -0.00002202027022539599
            -0.00002511812189220875
            -0.00002848404893062494
            -0.00003257811849979470
            -0.00003599270807262442
            -0.00003836540880337889
            -0.00003902643693397614
            -0.00003729970655845388
            -0.00003401960192476157
            -0.00003204100277726098
            -0.00003299128621345641
            -0.00003533163354311522
            -0.00003625724337645958
            -0.00003468507477521157
            -0.00003142633109282199
            -0.00002684913155119707
            -0.00002103966991219877
            -0.00001491848420395641
            -0.00000898949866054047
            -0.00000320876207947830
             0.00000470564814599188
             0.00001313242269055973
             0.00001822569806811227
             0.00001631648418719864
             0.00000749086661160378
            -0.00000345182576061317
            -0.00001168160446056628
            -0.00001782025544531803
            -0.00002245127795127429
            -0.00002703643289820599
            -0.00003127850706393985
            -0.00003424138225454241
            -0.00003590750360576694
            -0.00003600958645387383
            -0.00003429497799678150
            -0.00003167160225963671
            -0.00003019203784272856
            -0.00003187239273261525
            -0.00003575457461889246
            -0.00003623102709928109
            -0.00003333092908106249
            -0.00002910205167259550
            -0.00002420725252632342
            -0.00001835726865526452
            -0.00001094040878820701
            -0.00000413909637612832
            -0.00000007339354512564
             0.00000079557821307026
             0.00000110380831993609
             0.00000141467096359102
            -0.00000266167399822870
            -0.00001312876381099404
            -0.00002300713649320623
            -0.00002619687879403217
            -0.00003019012164605950
            -0.00003556927164008584
            -0.00003942498912850973
            -0.00004084228478741828
            -0.00003892358374652919
            -0.00003548104329596228
            -0.00003256186869760074
            -0.00002997971745333351
            -0.00002780460356838232
            -0.00002733063510670553
            -0.00002998194206612265
            -0.00003579545729094559
            -0.00003982101655259372
            -0.00003864566614634106
            -0.00003520791311572731
            -0.00003036434721092724
            -0.00002548790609620977
            -0.00002201809569274637
            -0.00001560349108210136
            -0.00001016364500426699
            -0.00000882802808268832
            -0.00000832235256746612
            -0.00000584358129860674
            -0.00000453631914543168
            -0.00001090201002646000
            -0.00001989307904773088
            -0.00002401977300700761
            -0.00002742375189920683
            -0.00003197557116888793
            -0.00003569091633282869
            -0.00003832265315619703
            -0.00003664053826860388
            -0.00003222098825254225
            -0.00002980807545771614
            -0.00002892277811279019
            -0.00002944882608101942
            -0.00003124434889850155
            -0.00003512434910709587
            -0.00004058494601257099
            -0.00004179428927112185
            -0.00003903939815408409
            -0.00003451445193647401
            -0.00002778328776672348
            -0.00002435239216548434
            -0.00002222706408125147
            -0.00001470602979591391
            -0.00000846983788337110
            -0.00000725663859945955
            -0.00000662855860869486
            -0.00000413084274860187
            -0.00000277899927674051
            -0.00000210147752291386
             0.00000168017449547235
             0.00000273821911928426
            -0.00000188113811084809
            -0.00000573571735756002
            -0.00000931329519026237
            -0.00001445458856690801
            -0.00001620426898579319
            -0.00001571515482794629
            -0.00001826456284548110
            -0.00002244871778133703
            -0.00002667153295378736
            -0.00003037867872833340
            -0.00003470974536164353
            -0.00003893859689242033
            -0.00003814496957275094
            -0.00003393923279405280
            -0.00003023880335687326
            -0.00002652511752302131
            -0.00002577018049163458
            -0.00002707222368016970
            -0.00002302191577361751
            -0.00001786743971161869
            -0.00001478326161734688
            -0.00000951332406915825
            -0.00000088031163292027
             0.00000433612647333719
             0.00000144060842282877
            -0.00000574898553449204
            -0.00000856421330832182
            -0.00000624972196839950
             0.00000283682992584143
             0.00000972949369780015
             0.00000330748347598022
            -0.00001257202129426799
            -0.00002276102457798702
            -0.00002557135332279860
            -0.00002788886260027484
            -0.00003056603755606212
            -0.00003327972249880976
            -0.00003381752663085666
            -0.00003445936768835396
            -0.00003501145515025335
            -0.00003495476877804544
            -0.00003389914841817471
            -0.00003044987796648849
            -0.00003129490052793289
            -0.00003292972306705318
            -0.00002903789480423696
            -0.00002192078745818515
            -0.00001717185430396710
            -0.00001463427943826692
            -0.00001176780890916158
            -0.00000818967725724058
            -0.00000741169789713903
            -0.00000842867753149946
            -0.00000669602623156282
            -0.00000002963224578307
             0.00000738775101161881
             0.00000621796885737537
            -0.00000707413952923686
            -0.00002269336322207749
            -0.00002911533310055516
            -0.00002991955495800093
            -0.00003144126299486445
            -0.00003274683750044638
            -0.00003122157183414550
            -0.00002931211889511553
            -0.00002787523174476653
