            -0.00000000000000000000
             0.00000002135368377607
             0.00000011422543554998
             0.00000031621801208630
             0.00000063290486815585
             0.00000105584224585531
             0.00000158405317720431
             0.00000222962019160565
             0.00000300046412066103
             0.00000388332791110410
             0.00000484108078183004
             0.00000581239435051560
             0.00000671355644579595
             0.00000748221653697065
             0.00000811879236857098
             0.00000860804653628692
             0.00000883039336297403
             0.00000866069170222227
             0.00000809630389618776
             0.00000723802089258051
             0.00000621385494757262
             0.00000509560667014840
             0.00000386762903315799
             0.00000252783238301942
             0.00000119530447157709
             0.00000008902588756936
            -0.00000057488246506612
            -0.00000070833722208284
            -0.00000038387252905811
             0.00000026178370787050
             0.00000109799898548353
             0.00000201200978859530
             0.00000291786934684500
             0.00000383773896022812
             0.00000493221290654547
             0.00000622947961727258
             0.00000741522950153992
             0.00000810842495848336
             0.00000822516349680419
             0.00000796456979164699
             0.00000755531587286301
             0.00000707253181182434
             0.00000642565964430239
             0.00000552442989429929
             0.00000444009602273471
             0.00000327883832703122
             0.00000201445887742919
             0.00000064928510793940
            -0.00000059349333011343
            -0.00000137646244634914
            -0.00000151503723342770
            -0.00000112485279413104
            -0.00000046844395348179
             0.00000030560058941431
             0.00000121920460675676
             0.00000233704121811400
             0.00000365488392128373
             0.00000510070849498068
             0.00000653515457955766
             0.00000773177367042640
             0.00000843097620897759
             0.00000846492581458595
             0.00000789907528743428
             0.00000699533877312831
             0.00000597190413109023
             0.00000485949080383778
             0.00000358631918929703
             0.00000215088339090207
             0.00000066372945248254
            -0.00000071457691726509
            -0.00000174504025390406
            -0.00000217942217153278
            -0.00000195706946370011
            -0.00000128343748878008
            -0.00000055993913028404
            -0.00000004251852501722
             0.00000043463831384691
             0.00000109607034703427
             0.00000174370550645237
             0.00000191020013096233
             0.00000133223544015653
             0.00000013835487050861
            -0.00000135072122398504
            -0.00000293886308736503
            -0.00000460498171278606
            -0.00000628467474314706
            -0.00000777758146633772
            -0.00000896207189914760
            -0.00000994612649651828
            -0.00001082229342870802
            -0.00001140155724294571
            -0.00001135875945913066
            -0.00001059624211983532
            -0.00000941391744307858
            -0.00000828754747007860
            -0.00000742617064277176
            -0.00000665796673183394
            -0.00000571559367814849
            -0.00000440030947683762
            -0.00000255449180650153
            -0.00000008828091005169
             0.00000274333424956799
             0.00000521999937950432
             0.00000672723033776322
             0.00000727968161598655
             0.00000737845600853135
             0.00000750293807251180
             0.00000764897601009371
             0.00000738678577129598
             0.00000624495187985761
             0.00000395523466058726
             0.00000061762481778618
            -0.00000325868723489432
            -0.00000688392113785283
            -0.00000951818398583234
            -0.00001101863133469124
            -0.00001198887400662880
            -0.00001317211056950179
            -0.00001470630481630608
            -0.00001595996950801867
            -0.00001601297685712793
            -0.00001430623735853593
            -0.00001092536346509346
            -0.00000648297214087655
            -0.00000183992119046809
             0.00000220327719482153
             0.00000526024103384489
             0.00000757166149301312
             0.00000971281669229290
             0.00001199171252007885
             0.00001408288455359056
             0.00001518553085940083
             0.00001455366842138531
             0.00001195601287084047
             0.00000775725651468910
             0.00000277467069596498
            -0.00000200597670438670
            -0.00000589212397102266
            -0.00000889189935157471
            -0.00001163105725317043
            -0.00001472656614577870
            -0.00001812116997879560
            -0.00002104493151469734
            -0.00002249783417483848
            -0.00002197232934021599
            -0.00001961166232562595
            -0.00001589745473802024
            -0.00001155649902061604
            -0.00000721156555662808
            -0.00000319645676909415
             0.00000056255544021709
             0.00000442298390681032
             0.00000852275916177326
             0.00001241880013050406
             0.00001531607107839873
             0.00001649853916648814
             0.00001568453346466965
             0.00001309186373342365
             0.00000930081331434673
             0.00000506169335350312
             0.00000101823955043643
            -0.00000262141018699908
            -0.00000617472348737817
            -0.00001009711730418482
            -0.00001437827832710267
            -0.00001840935818957653
            -0.00002139275034420283
            -0.00002283091188378610
            -0.00002251748347506551
            -0.00002041304323211298
            -0.00001683355553969861
            -0.00001252248153976269
            -0.00000816311657750689
            -0.00000394974500541796
             0.00000045991059613284
             0.00000536755506139414
             0.00001046990549746132
             0.00001490296306192026
             0.00001783362629627310
             0.00001892557615189082
             0.00001832628683525503
             0.00001628353022368985
             0.00001309806142379185
             0.00000931439105965050
             0.00000564752617045160
             0.00000230056638722163
            -0.00000112061728743263
            -0.00000497352595071188
            -0.00000907404324506642
            -0.00001278215727074953
            -0.00001542719906861150
            -0.00001656421012182644
            -0.00001602747886386660
            -0.00001403209198823113
            -0.00001121092676665378
            -0.00000836478131422643
            -0.00000595223064198573
            -0.00000376234982731709
            -0.00000127264930844432
             0.00000172947998911002
             0.00000490084487334289
             0.00000762100811377912
             0.00000941582941346994
             0.00000999109004008680
             0.00000917661891337940
             0.00000720807329780972
             0.00000482892585722699
             0.00000285484224739000
             0.00000157935915350897
             0.00000052812341950217
            -0.00000111766892190421
            -0.00000376028892710270
            -0.00000709041321143387
            -0.00001026122459155396
            -0.00001223659091053060
            -0.00001235446562984264
            -0.00001075764992772928
            -0.00000836243760475864
            -0.00000633143346854428
            -0.00000520858831362434
            -0.00000451116991008350
            -0.00000324609201674137
            -0.00000082596336201675
             0.00000250725220239303
             0.00000598422523347088
             0.00000865322073917371
             0.00000962511974625080
             0.00000854559464933972
             0.00000594045095855439
             0.00000311953037816949
             0.00000144413711317822
             0.00000122343021911645
             0.00000151936180581796
             0.00000098946526306948
            -0.00000114547222237084
            -0.00000453261263544573
            -0.00000796020046831637
            -0.00001010113926841256
            -0.00001018528442538621
            -0.00000863482431425942
            -0.00000713639042776915
            -0.00000735985385426369
            -0.00000932412574178727
            -0.00001153358695117236
            -0.00001259663108074769
            -0.00001198332939149894
            -0.00000979356858565878
            -0.00000663871545028074
            -0.00000352586813039738
            -0.00000161316069769056
            -0.00000172191736223893
            -0.00000338703473367179
            -0.00000459469979166136
            -0.00000339740257623636
             0.00000005224622199015
             0.00000373100768077715
             0.00000571698532067853
             0.00000577361753676348
             0.00000508765952212645
             0.00000493218186024050
             0.00000597018910621111
             0.00000828341220273224
             0.00001118606470287015
             0.00001303897377149106
             0.00001184282972329592
             0.00000691684569903498
            -0.00000026836130855256
            -0.00000682363010531454
            -0.00001054951951203004
            -0.00001121167635008528
            -0.00001010757530545811
            -0.00000853323349812015
            -0.00000721192047302451
            -0.00000598103827414038
            -0.00000419269014016643
            -0.00000070096048149938
             0.00000506322590355645
             0.00001174667437528376
             0.00001643853418619630
             0.00001673210188811475
             0.00001279921287592753
             0.00000693334762487772
             0.00000177617162763713
            -0.00000133260032988289
            -0.00000263043758687555
            -0.00000315915465407011
            -0.00000424228676132930
            -0.00000696687642391158
            -0.00001118707777946677
            -0.00001518898785422607
            -0.00001668715757890202
            -0.00001471983906135281
            -0.00001021762061799083
            -0.00000497790878273400
            -0.00000026014158753798
             0.00000392990464839323
             0.00000796549993732765
             0.00001227779729303136
             0.00001758466765379105
             0.00002419674078613065
             0.00003080219945423187
             0.00003466425234966300
             0.00003338831972139956
             0.00002691642609973425
             0.00001760218535135242
             0.00000843711169989495
             0.00000098769771331000
            -0.00000480713009450330
            -0.00000969064057745312
            -0.00001450687425672553
            -0.00002014127775679700
            -0.00002663345771284352
            -0.00003261877569173010
            -0.00003555454779732478
            -0.00003397016008678397
            -0.00002905635892656157
            -0.00002348020797041412
            -0.00001908161689044201
            -0.00001590629133547556
            -0.00001271464231737532
            -0.00000807360668099035
            -0.00000075956980556810
             0.00000965337519911319
             0.00002160124047582431
             0.00003158317930846389
             0.00003646711865569290
             0.00003551834567117572
             0.00003068453816191579
             0.00002490983596328596
             0.00001988428255003927
             0.00001519971912617016
             0.00000945063280537645
             0.00000152069663846825
            -0.00000890719211611588
            -0.00002080026427739558
            -0.00003138456619639813
            -0.00003795462501490583
            -0.00003909441247250217
            -0.00003573679691791232
            -0.00003059985606126135
            -0.00002619023072641866
            -0.00002313410828931952
            -0.00002033748427194102
            -0.00001621381642875393
            -0.00000946699878964155
             0.00000042405432088362
             0.00001218150531897176
             0.00002268604802055816
             0.00002881093610627546
             0.00003003233555993632
             0.00002835144704186470
             0.00002646959927362747
             0.00002587176479000959
             0.00002619298115294070
             0.00002568159607726485
             0.00002237145332994844
             0.00001484714073359075
             0.00000316999261779619
            -0.00001039426955071037
            -0.00002194303582500555
            -0.00002822043351479330
            -0.00002921201253088891
            -0.00002757288749502743
            -0.00002611099247907841
            -0.00002598640240122325
            -0.00002626152213825384
            -0.00002429901054096696
            -0.00001814174289760234
            -0.00000739062113119383
             0.00000595401406182636
             0.00001804886715753233
             0.00002511218673795100
             0.00002589498042518193
             0.00002258507042914322
             0.00001897507411519305
             0.00001757806665007218
             0.00001827322825351609
             0.00001864580016933844
             0.00001597038906931624
             0.00000858999599511736
            -0.00000265282778174811
            -0.00001486835015126626
            -0.00002424230417171700
            -0.00002860046797586386
            -0.00002869338141872522
            -0.00002748531573300972
            -0.00002778652711737975
            -0.00003040504046004663
            -0.00003402419846166850
            -0.00003572800116633541
            -0.00003319985622379229
            -0.00002574381516648074
            -0.00001442555748802750
            -0.00000254774120437415
             0.00000659301608979247
             0.00001145859308892992
             0.00001287278277713264
             0.00001355620421251641
             0.00001563581995820284
             0.00001921813298502826
             0.00002220640999989073
             0.00002152874354474909
             0.00001502998485468209
             0.00000282260042512208
            -0.00001243110421946177
            -0.00002574549044404797
            -0.00003372694986575828
            -0.00003595047835548742
            -0.00003531011626141692
            -0.00003499333090973288
            -0.00003649607377014305
            -0.00003898868206968427
            -0.00003988699683549386
            -0.00003648977447141882
            -0.00002772457952216472
            -0.00001461133044598558
            -0.00000048744381010148
             0.00001095654074616910
             0.00001746770270088472
             0.00001972127045326799
             0.00002058666206264915
             0.00002241458738945515
             0.00002572515206746700
             0.00002891320526174591
             0.00002868354522964954
             0.00002222972158226748
             0.00000914045701950564
            -0.00000814286527677267
            -0.00002524465372469421
            -0.00003875219960936372
            -0.00004759660635543768
            -0.00005183441562902649
            -0.00005285149022488603
            -0.00005316967267921791
            -0.00005343990281107822
            -0.00005219196133042137
            -0.00004676132655309469
            -0.00003451392644457369
            -0.00001532517869707485
             0.00000797036133909074
             0.00003122026007235195
             0.00005160850822070596
             0.00006874625676951071
             0.00008326404688150648
             0.00009532290058480320
             0.00010605887970804910
             0.00011638957533625250
             0.00012540044801805851
             0.00013126922807059590
             0.00013197489176249209
             0.00012579066819263371
             0.00011152293061550503
             0.00008969641249848545
             0.00006262902453946777
             0.00003487223230007363
             0.00001079561008069463
            -0.00000741215240412979
            -0.00002132102479205627
            -0.00003256744236207633
            -0.00004244348351322613
            -0.00005001068589203667
            -0.00005216609660777398
            -0.00004475461604363936
            -0.00002665242101540268
            -0.00000074829610533489
             0.00002767398712957967
             0.00005392845129653068
             0.00007624190003978468
             0.00009462275898848086
             0.00010902569892781553
             0.00012072794835687924
             0.00013136572097618724
             0.00014086223012524791
             0.00014726317314009622
             0.00014768875776410885
             0.00013966079327883834
             0.00012089782733597367
             0.00009157458578469953
             0.00005653092794284365
             0.00002204483513108470
            -0.00000881136039662887
            -0.00003646781102911942
            -0.00006138754213296676
            -0.00008431572302691111
            -0.00010627707381683578
            -0.00012686790944274406
            -0.00014449066729774345
            -0.00015695787061600886
            -0.00016155793654571346
            -0.00015660535833560455
            -0.00014282929655924813
            -0.00012282609691392725
            -0.00010048399387296930
            -0.00007884739811152251
            -0.00005923972160857945
            -0.00004052703375113986
            -0.00001884009992136924
             0.00000839047219846122
             0.00003911702831715265
             0.00006694864232139304
             0.00008565118523159675
             0.00009265703298418368
             0.00008816566258872693
             0.00007354876401186264
             0.00005294148897341422
             0.00003041784413570298
             0.00000884533370631821
            -0.00001125089376663815
            -0.00003176285615313452
            -0.00005514570476976841
            -0.00008036806531105993
            -0.00010338941221465119
            -0.00012011118430369828
            -0.00012677779825357943
            -0.00012298809301104628
            -0.00011091479242038090
            -0.00009168553173098966
            -0.00006500952764880606
            -0.00003737833890372552
            -0.00000859815567425526
             0.00001820026324279020
             0.00004588899355885396
             0.00007798344890207590
             0.00011496297750489849
             0.00015307471503746682
             0.00018629803952837390
             0.00020934531084037752
             0.00022054978306514081
             0.00022047374368348177
             0.00020976134838790732
             0.00018855633971156599
             0.00015872187846665490
             0.00012273591732360616
             0.00008242049510362902
             0.00003712490373135325
            -0.00001435661096683887
            -0.00007051478723229697
            -0.00011965182638109750
            -0.00016290149634366904
            -0.00019770925830113606
            -0.00022011769045989540
            -0.00022939503282736138
            -0.00022814567783089790
            -0.00021901263994017356
            -0.00020297779639975774
            -0.00017966740932290410
            -0.00014892147549262457
            -0.00011497737756266343
            -0.00007538602170454932
            -0.00002984555654212280
             0.00002153104669603487
             0.00007121760604907847
             0.00011193462652133236
             0.00013934511785570653
             0.00015225107320612498
             0.00015067250081754404
             0.00013730578662306825
             0.00011552555453659182
             0.00008746573214143230
             0.00005332859609853113
             0.00001438947946088237
            -0.00003010016493385912
            -0.00007000879839302052
            -0.00010382065653951104
            -0.00013331552821789687
            -0.00015825498237182110
            -0.00017853899188068517
            -0.00019165502857184649
            -0.00019567239246904314
            -0.00019078315091504457
            -0.00017885989168867837
            -0.00016186505218169237
            -0.00013945711068838882
            -0.00010984451767937747
            -0.00007188870288212452
            -0.00002651527423041288
             0.00002750324730592554
             0.00007942344274324986
             0.00012689612440830721
             0.00017061532657538497
             0.00021037705600593937
             0.00024276138081522742
             0.00026469803574049596
             0.00027361024949482192
             0.00026943475339170350
             0.00025393385820811766
             0.00022859672922985350
             0.00019555097234431911
             0.00015804390329777115
             0.00011647337788281103
             0.00006815376461564902
             0.00001988217348379588
            -0.00002472495618167196
            -0.00006268129029583184
            -0.00009472488722662767
            -0.00011951818473294685
            -0.00013366203868597277
            -0.00013523060930381811
            -0.00012626043824156348
            -0.00011097624034971468
            -0.00009343946040530676
            -0.00007247929303564978
            -0.00004690586156277192
            -0.00001470344196787628
             0.00002306608285002554
             0.00005702640147344319
             0.00008445182163696348
             0.00010831455642445251
             0.00012744101512902626
             0.00013685343256767706
             0.00013413801690326943
             0.00011986118995912251
             0.00009691760561947367
             0.00006997601847347780
             0.00004089619158085782
             0.00000764774978706256
            -0.00003071439556647053
            -0.00007103831119937894
            -0.00010374752438798957
            -0.00012786513441016297
            -0.00014394328614432921
            -0.00015381959725423383
            -0.00015840946927144791
            -0.00015350210020458762
            -0.00013777462199549714
            -0.00011415432606461657
            -0.00008678385758290898
            -0.00005896556692864190
            -0.00002978522375127965
             0.00000518829644209371
             0.00004552549013869018
             0.00008520652989995125
             0.00011498468285794863
             0.00013301759213559224
             0.00014200946608907580
             0.00014357006877646207
             0.00013703788594158193
             0.00012208467822138729
             0.00009941441044981760
             0.00007039164676883562
             0.00003746102302592746
             0.00000266609279267698
            -0.00003422056593085508
            -0.00007357282297147156
            -0.00010948051759301240
            -0.00013542850061915536
            -0.00015085221437123510
            -0.00015562524906057005
            -0.00015287749184648731
            -0.00014521255424585833
            -0.00013141151488026408
            -0.00010936097505088129
            -0.00007911971894518669
            -0.00004181780393300220
             0.00000061337481974510
             0.00004432880321299756
             0.00008670331374549680
             0.00012429592772011028
             0.00015555367098238283
             0.00017532017425714053
             0.00018408782080289274
             0.00018384801476810454
             0.00017626624835825688
             0.00016217453370047591
             0.00014274494390376899
             0.00011775328797538914
             0.00008599693325930882
             0.00004686507775984050
             0.00000220077809558820
            -0.00004156231226305524
            -0.00007556403794915239
            -0.00010175032157875580
            -0.00011756830191461917
            -0.00012599500056198069
            -0.00012836419853691681
            -0.00012557992901990610
            -0.00011983063189722011
            -0.00011146913651074696
            -0.00009996771714213702
            -0.00008287099210453216
            -0.00005761037716968939
            -0.00002627253358882545
             0.00000498695414273032
             0.00002840930544330889
             0.00004082322838021620
             0.00004682131454339052
             0.00004842314128017154
             0.00005007935529746845
             0.00005358550961963745
             0.00005508845013095342
             0.00005478512473536496
             0.00005111004764753559
             0.00003892522508193613
             0.00001754969147151156
            -0.00000730840820146431
            -0.00002818631057381554
            -0.00003957972019734647
            -0.00004402514400343813
            -0.00004912132448492650
            -0.00005595598913719498
            -0.00006794327114127928
            -0.00008278469166173361
            -0.00009439214672504791
            -0.00009969239228360232
            -0.00009672190766740064
            -0.00008170795434818519
            -0.00005617847757091855
            -0.00002718208765106230
            -0.00000103288751232189
             0.00001801403511066809
             0.00003187851980834792
             0.00004981327492357588
             0.00007238607855250774
             0.00009705785481141880
             0.00011761372677623922
             0.00012708877261990810
             0.00012279636950792092
             0.00010572720503947024
             0.00007723953754151261
             0.00004015452247056838
             0.00000085973146365602
            -0.00003342283644553586
            -0.00005735426064544373
            -0.00007487093874576029
            -0.00009248325513534756
            -0.00011358839348191187
            -0.00013649613574033946
            -0.00015483720126171016
            -0.00016306412851011358
            -0.00015937763882342134
            -0.00014656299757722299
            -0.00012632183341985671
            -0.00009693358324199306
            -0.00006196942564601529
            -0.00002696416506900596
             0.00000490588164415261
             0.00003463218909378413
             0.00006372782434249029
             0.00009620456392284573
             0.00012937971653272497
             0.00015554123732335276
             0.00016978526361764972
             0.00016974978124502035
             0.00015578582729434140
             0.00013272306738450757
             0.00010466505399067702
             0.00006827533283497625
             0.00002968141706664045
            -0.00000680050926167319
            -0.00003358399636287084
            -0.00005237002421014360
            -0.00006979491431879708
            -0.00008661357643276032
            -0.00010134584189644440
            -0.00010976233675263643
            -0.00010737142978635730
            -0.00009313350839027151
            -0.00007161925060891889
            -0.00004811916915601663
            -0.00002036127073654901
             0.00000881478416157246
             0.00003586421871113371
             0.00005564332433697392
             0.00006781377026695051
             0.00008002693884396779
             0.00009394191300126587
             0.00010936378032280080
             0.00012376161489566995
             0.00013302440520503265
             0.00013417756294998521
             0.00012793947364168583
             0.00011811776480030120
             0.00010756981435941026
             0.00009659417336954468
             0.00008521242393145466
             0.00007704092146211037
             0.00006528338498375376
             0.00005332005510467567
             0.00004130789141096759
             0.00002612970955830814
             0.00000985887851485532
            -0.00000544778920612690
            -0.00001458402874392892
            -0.00001521227063562056
            -0.00000899882138250062
            -0.00000143103522442595
             0.00000745149950799732
             0.00001431842516745267
             0.00001695352237180129
             0.00001990799837803754
             0.00002374070101148348
             0.00003726754107621279
             0.00005637611356354628
             0.00007823707360844120
             0.00009857542108937039
             0.00011223473764074506
             0.00011715041496363721
             0.00011542175710663995
             0.00010862783674876677
             0.00009731593922707243
             0.00008587734984854523
             0.00007530040683098414
             0.00006480517537479650
             0.00004204488178336129
             0.00001362715523177122
            -0.00002063938889421849
            -0.00005165054397890448
            -0.00007497637244290496
            -0.00009368967036914238
            -0.00010754923184251906
            -0.00011747397674122225
            -0.00012567733381506734
            -0.00013486563598725981
            -0.00014513692134263953
            -0.00016022293633838081
            -0.00017382355531229932
            -0.00017770113021376650
            -0.00016980544886419733
            -0.00015182922066582394
            -0.00012606174864536452
            -0.00009549838692968258
            -0.00006421593892302756
            -0.00003575295877645954
            -0.00001058976968374913
             0.00001785824767079404
             0.00005032456527717239
             0.00008352878166519606
             0.00011406072388108156
             0.00013555199178522681
             0.00014645737248509896
             0.00013779742038073738
             0.00012115614095020338
             0.00010626301938125942
             0.00009006283443222416
             0.00008017925376200683
             0.00007443131056683590
             0.00007315561891780835
             0.00006914252942527190
             0.00005770622970493782
             0.00003696929863196413
             0.00000958404187035274
            -0.00001359187790261038
            -0.00002275521065608508
            -0.00001827469101961166
            -0.00000817071410854774
            -0.00000021010996560645
             0.00000301313063247576
            -0.00000345160976032482
            -0.00001804561158943222
            -0.00002386877356760107
            -0.00002191103131868546
            -0.00000945474659801942
             0.00000894208609475452
             0.00002777698844421842
             0.00003721439083041995
             0.00003170782754824984
             0.00001779934346183073
             0.00001010373672344468
             0.00001483878393932536
             0.00003283375223458582
             0.00005437821116821993
             0.00006990892762417072
             0.00007496793544331908
             0.00007436844714477950
             0.00006758399192305625
             0.00005894678322948970
             0.00005096441969737024
             0.00004966023680521613
             0.00005794827786586094
             0.00006985217376669695
             0.00007920845206420260
             0.00007830560624564147
             0.00006658964242592810
             0.00005094524698528455
             0.00002911024031641801
             0.00001047426849384981
            -0.00000685056958563013
            -0.00001912410615081404
            -0.00002524822009633251
            -0.00003424407283877143
            -0.00005124086414393777
