             0.00000000000000000000
             0.00000000056841309413
            -0.00000010099221597739
            -0.00000057868208147943
            -0.00000161989166025255
            -0.00000306483607064428
            -0.00000450283032718278
            -0.00000552935507058030
            -0.00000588884028914736
            -0.00000551324106601375
            -0.00000454126037162691
            -0.00000323258668734291
            -0.00000180422094987266
            -0.00000033837496877586
             0.00000119851615660418
             0.00000280359851981157
             0.00000428288235529880
             0.00000535505996681374
             0.00000593297349583300
             0.00000625539752490992
             0.00000667588243090923
             0.00000727071872415731
             0.00000770948951542112
             0.00000750607520985235
             0.00000634721110358380
             0.00000427842905400203
             0.00000172465963053539
            -0.00000062537185200802
            -0.00000211527144380541
            -0.00000255340814880880
            -0.00000240443403733546
            -0.00000244182873900677
            -0.00000312037422546915
            -0.00000422101034040074
            -0.00000505369229849182
            -0.00000499168114286522
            -0.00000386369155670407
            -0.00000200327781401978
            -0.00000008708826980054
             0.00000115277085680147
             0.00000135610857026960
             0.00000087422415432000
             0.00000059292687767707
             0.00000124175541371287
             0.00000280773356017258
             0.00000458442389723781
             0.00000569028185141819
             0.00000552508312710461
             0.00000398623652775876
             0.00000153680512704671
            -0.00000096372150565992
            -0.00000274720712245056
            -0.00000364187138340895
            -0.00000412316021937510
            -0.00000485751502719829
            -0.00000616040258938925
            -0.00000776008816915386
            -0.00000896033952685477
            -0.00000907134639365229
            -0.00000783721710958009
            -0.00000559526103328441
            -0.00000309976379764908
            -0.00000111706430652862
             0.00000001588327657053
             0.00000059795237301908
             0.00000133865033529000
             0.00000278695562167993
             0.00000481200292076050
             0.00000663786331598509
             0.00000745813182768157
             0.00000699535420727901
             0.00000555893458159224
             0.00000377907608594009
             0.00000225332160050735
             0.00000124290164910459
             0.00000057154042988531
            -0.00000021507047678179
            -0.00000144117757205246
            -0.00000291456895357722
            -0.00000401859647687929
            -0.00000424180477164457
            -0.00000360452280415889
            -0.00000261656867586179
            -0.00000188623128754583
            -0.00000174514273589222
            -0.00000211026463447951
            -0.00000256737550265913
            -0.00000258306039968006
            -0.00000180952113051571
            -0.00000038715636942642
             0.00000102335555018659
             0.00000163215409839757
             0.00000108448695893802
            -0.00000027825115837822
            -0.00000168521123864009
            -0.00000245848621558356
            -0.00000236744208634421
            -0.00000166323201875873
            -0.00000088979802644882
            -0.00000057620670357990
            -0.00000086958319844181
            -0.00000130230550251084
            -0.00000102374558408472
             0.00000053531926444464
             0.00000313320682794320
             0.00000579317902112428
             0.00000742699160205404
             0.00000751306991740021
             0.00000632971305877677
             0.00000470720529032328
             0.00000353963491904982
             0.00000323418742734882
             0.00000335872822937955
             0.00000281025818467968
             0.00000058440167754112
            -0.00000331865945534080
            -0.00000765111509404230
            -0.00001059615058522039
            -0.00001093515324729656
            -0.00000884743118283288
            -0.00000576691142494075
            -0.00000339991038052213
            -0.00000270352486231093
            -0.00000335687159472671
            -0.00000386665167466329
            -0.00000238960873998229
             0.00000196606160917566
             0.00000818675099310771
             0.00001375769422342697
             0.00001637385643138351
             0.00001553434328183335
             0.00001250531607197544
             0.00000944246911849258
             0.00000801509729965207
             0.00000850277607295218
             0.00000953599854135955
             0.00000881349321687609
             0.00000477437684687076
            -0.00000202260231335804
            -0.00000911237386231584
            -0.00001373155033755382
            -0.00001464986850969552
            -0.00001266679036523166
            -0.00000998711548591966
            -0.00000879414719328893
            -0.00000991776943756491
            -0.00001232611227758419
            -0.00001361040394982225
            -0.00001152860848761211
            -0.00000558735806317825
             0.00000244046632324977
             0.00000969450798461298
             0.00001404321637214560
             0.00001521611591505826
             0.00001456439150885431
             0.00001407079426264962
             0.00001503474340554239
             0.00001716162074016038
             0.00001857030268709569
             0.00001696014828719060
             0.00001125244009330768
             0.00000257821426606317
            -0.00000626415577318765
            -0.00001256128784843139
            -0.00001525157935567236
            -0.00001530506717397658
            -0.00001484680898909349
            -0.00001577454229516805
            -0.00001852598974353071
            -0.00002160694233990623
            -0.00002236069117028679
            -0.00001879798343227602
            -0.00001108689152721994
            -0.00000163665106533042
             0.00000630120501714438
             0.00001073392704954926
             0.00001189203385682411
             0.00001180446151073464
             0.00001289882599530427
             0.00001630540889908267
             0.00002100028833986592
             0.00002443192391165540
             0.00002418791444287582
             0.00001962158901327658
             0.00001206310238576476
             0.00000425770887723738
            -0.00000155703419088053
            -0.00000486731276180852
            -0.00000685516562522129
            -0.00000935249041499352
            -0.00001344433900108829
            -0.00001857140003174253
            -0.00002269139969523632
            -0.00002352364810944816
            -0.00002005338224037390
            -0.00001332724352071225
            -0.00000592629708947603
            -0.00000034733114549947
             0.00000254104928317599
             0.00000378154280966581
             0.00000547389961326256
             0.00000935028160437578
             0.00001551527510220956
             0.00002208758301971507
             0.00002616225562633349
             0.00002577903835032468
             0.00002118600195818712
             0.00001463243651344899
             0.00000889505891469114
             0.00000535843027921034
             0.00000333333198020177
             0.00000089090722187442
            -0.00000369147654957376
            -0.00001070131001010784
            -0.00001847075150638058
            -0.00002400798023794797
            -0.00002485487165799242
            -0.00002084839029606682
            -0.00001434309836180813
            -0.00000851293409733579
            -0.00000520890186640138
            -0.00000405872793993147
            -0.00000313392189867884
            -0.00000022733099929432
             0.00000578396410547323
             0.00001391341704246228
             0.00002123405632497675
             0.00002459767739155747
             0.00002290076322304473
             0.00001782970162053288
             0.00001266542098170026
             0.00001002708181273197
             0.00001027305729638611
             0.00001159312576403871
             0.00001121377253401790
             0.00000696039068619619
            -0.00000139034030498661
            -0.00001143007684923466
            -0.00001930020293273405
            -0.00002220217094572206
            -0.00002032420155478191
            -0.00001634111341705033
            -0.00001321997930530440
            -0.00001234865379651134
            -0.00001295457124145616
            -0.00001272172530915570
            -0.00000913678377601859
            -0.00000113940595068605
             0.00000978521705480384
             0.00002005945077447328
             0.00002625258333615332
             0.00002715512344383925
             0.00002417149534795519
             0.00002051248988743117
             0.00001875369351256501
             0.00001939447256973722
             0.00002070404202427055
             0.00001996205736472762
             0.00001519243617419979
             0.00000638113806967056
            -0.00000397546956880762
            -0.00001214443238715371
            -0.00001555413515940718
            -0.00001448085008493565
            -0.00001210043197891998
            -0.00001171646661012849
            -0.00001481323904474761
            -0.00002005693747810065
            -0.00002388325233257917
            -0.00002295471479803664
            -0.00001583452971979373
            -0.00000412125992708716
             0.00000790500711774535
             0.00001554175748375777
             0.00001664226427005453
             0.00001275506080798073
             0.00000797502449194225
             0.00000596641115667760
             0.00000776127464883420
             0.00001177799258131176
             0.00001462839847930635
             0.00001358810976396058
             0.00000828250853426171
             0.00000091227328192368
            -0.00000491543123651181
            -0.00000698291657485401
            -0.00000609763382086938
            -0.00000519689088915406
            -0.00000693451213818786
            -0.00001172516434717108
            -0.00001804314173347289
            -0.00002244468003638447
            -0.00002225702848069722
            -0.00001703745661543037
            -0.00000863510279406701
            -0.00000026843222568597
             0.00000537077103132089
             0.00000776595886617330
             0.00000860213780877498
             0.00001036649408339871
             0.00001424021556722798
             0.00001945042233640259
             0.00002374372356735275
             0.00002461396922179025
             0.00002070990518750149
             0.00001321408526392912
             0.00000432340975574384
            -0.00000329051476784288
            -0.00000834836872796079
            -0.00001134382059870064
            -0.00001389399501097511
            -0.00001732170009393474
            -0.00002168631801405732
            -0.00002576730754195434
            -0.00002769098336588984
            -0.00002622234593441257
            -0.00002110518103658850
            -0.00001403698507053393
            -0.00000679817135573408
            -0.00000051103537508555
             0.00000471794877247446
             0.00001001278435871151
             0.00001623135886404640
             0.00002320367766721753
             0.00002966530653211773
             0.00003427548529344510
             0.00003575062307701347
             0.00003358623128562437
             0.00002877752858612281
             0.00002264227812832866
             0.00001586717901159340
             0.00000834200858239222
            -0.00000045035178173815
            -0.00001071654557821773
            -0.00002141661660372888
            -0.00003048477474632972
            -0.00003597063977890452
            -0.00003743941033393952
            -0.00003496587994759312
            -0.00003070228054669130
            -0.00002654759624951210
            -0.00002345919154744787
            -0.00002077611456014683
            -0.00001673606065033676
            -0.00000977904644047889
             0.00000023235643793349
             0.00001154038049804225
             0.00002137069151307502
             0.00002766530624635363
             0.00003066780257622185
             0.00003136032024590686
             0.00003143073387320373
             0.00003162742534090279
             0.00003153278185642015
             0.00002933188536090991
             0.00002295148279840704
             0.00001163791060077904
            -0.00000311838464126389
            -0.00001776190020013991
            -0.00002859984528535932
            -0.00003448995471617316
            -0.00003608460263879691
            -0.00003503339662450298
            -0.00003335708130497901
            -0.00003176845684092764
            -0.00003007349603980125
            -0.00002647839832757045
            -0.00001956208756976563
            -0.00000917955717379720
             0.00000288863038345614
             0.00001334683000460355
             0.00001995614595953787
             0.00002325014750730005
             0.00002505897902271891
             0.00002735009494481794
             0.00003079250370940098
             0.00003479478263427572
             0.00003685540555143321
             0.00003420297937513160
             0.00002581190157101014
             0.00001218275980314030
            -0.00000297779656938530
            -0.00001500275570979386
            -0.00002194798977731983
            -0.00002447647623640616
            -0.00002518839077106088
            -0.00002672662173757179
            -0.00002957600491423089
            -0.00003263347188633108
            -0.00003279265195981751
            -0.00002788488096805579
            -0.00001794865121288410
            -0.00000514943104441774
             0.00000665160432466894
             0.00001471911181879276
             0.00001941513396522962
             0.00002296053434507830
             0.00002810513459119341
             0.00003532459054243600
             0.00004309733108546027
             0.00004801519392378794
             0.00004745227806039901
             0.00004080856170693051
             0.00002907575202243675
             0.00001575726044886079
             0.00000486592293573682
            -0.00000192146582361515
            -0.00000622420950301186
            -0.00001168153944902443
            -0.00002062076228999923
            -0.00003242721590369893
            -0.00004404550386128526
            -0.00005053099600301503
            -0.00004958182649842264
            -0.00004218122895750121
            -0.00003065063814452404
            -0.00001935283143495216
            -0.00001115897487893772
            -0.00000602919724767451
            -0.00000116758980390121
             0.00000770497371720223
             0.00002171451714993586
             0.00003879585727681058
             0.00005393880317553131
             0.00006218291251159190
             0.00006350713407595328
             0.00005969895295712577
             0.00005244561986916960
             0.00004467834760793446
             0.00003824922857305895
             0.00003175358134471215
             0.00002280925726396761
             0.00000977706131018318
            -0.00000880562562468881
            -0.00003111696027042578
            -0.00005220512448815337
            -0.00006666726918162805
            -0.00007395743213296328
            -0.00007642550259337194
            -0.00007574948522036265
            -0.00007446623414469758
            -0.00007570322376999002
            -0.00007829166181353873
            -0.00008009024633879826
            -0.00007930520021069450
            -0.00007378528239674238
            -0.00006273667306436708
            -0.00004765556925902141
            -0.00003240189493505165
            -0.00002059029193097548
            -0.00001390955724162533
            -0.00001225720551491099
            -0.00001279783889738400
            -0.00001276519639233246
            -0.00001195340710585479
            -0.00000935991865800967
            -0.00000531972900356447
            -0.00000516582611276561
            -0.00001225114442489746
            -0.00002624079503471002
            -0.00004265993676628790
            -0.00005672946006355537
            -0.00006506474187427463
            -0.00006958792099733123
            -0.00007152983431988854
            -0.00007185880070003500
            -0.00007412144270133866
            -0.00007739830814313398
            -0.00007910247151006607
            -0.00007738780642012066
            -0.00007003518412394325
            -0.00005575897198496949
            -0.00003551329425096837
            -0.00001287382053785785
             0.00000872247231890719
             0.00002774961685583587
             0.00004433238899539810
             0.00006103620003209714
             0.00007854193756809562
             0.00009726770088816234
             0.00011660035354750466
             0.00013299506285160184
             0.00014622367064515758
             0.00015518604583010263
             0.00015897777064953448
             0.00015793501407682960
             0.00015367782970518022
             0.00014865800806574241
             0.00014396662954181880
             0.00013840490355280168
             0.00013000771686792485
             0.00011738598308383114
             0.00010028792787196485
             0.00007982665091000858
             0.00005718610539286600
             0.00003237096289333664
             0.00001043993569114825
            -0.00000520386751229294
            -0.00001166203041851121
            -0.00001137116677005905
            -0.00001018483679147504
            -0.00001120902925025286
            -0.00001321476619914160
            -0.00001201782573405441
            -0.00000465964919067251
             0.00000842177176999507
             0.00002503666473557796
             0.00004314114644193589
             0.00005716662698082501
             0.00006628865757361828
             0.00006934175861748541
             0.00006808423243490640
             0.00006517839428684127
             0.00006199409935031189
             0.00005734278954236769
             0.00004793861734242731
             0.00002968629882550540
             0.00000016136612220901
            -0.00004151809841541245
            -0.00008929210023693183
            -0.00013541043106122161
            -0.00017265535857747565
            -0.00020169868578174031
            -0.00022168800851575995
            -0.00023360558159898320
            -0.00024006928889321811
            -0.00024340783717626151
            -0.00024402953758537098
            -0.00024061314129601342
            -0.00023048424372445244
            -0.00021131028137051300
            -0.00018257538858399688
            -0.00014515631840913930
            -0.00010099104855982548
            -0.00005206461245414719
            -0.00000083057604971370
             0.00004142791247568269
             0.00007407520663381111
             0.00010085793144140865
             0.00012291266992538858
             0.00013976041364407852
             0.00015073239289855692
             0.00015536794813156475
             0.00015351005465458567
             0.00014484673656149050
             0.00012887018654043214
             0.00010526578854226431
             0.00007497828633224813
             0.00004009120002227874
             0.00000161624350763511
            -0.00003150105989522407
            -0.00005815766898673842
            -0.00008110917702506808
            -0.00009849669564423902
            -0.00010888455651103536
            -0.00011156064802877755
            -0.00010665150328560955
            -0.00009711212707155878
            -0.00008492578758195037
            -0.00006758692089920567
            -0.00004169938505539316
            -0.00000420183746137701
             0.00003445085165717496
             0.00006677749218903589
             0.00009168341170921095
             0.00011225885983226037
             0.00012954180163322586
             0.00014173503239119030
             0.00014785138128386465
             0.00014844937599027899
             0.00014541858969693177
             0.00013967016934674479
             0.00012991715179999392
             0.00011322621935913863
             0.00008694853809157514
             0.00005014854401968106
             0.00000430450425339320
            -0.00003393202382666259
            -0.00005856661610365951
            -0.00007642964739745088
            -0.00009046356641148941
            -0.00009912193345559238
            -0.00010243128429516850
            -0.00010210335537464952
            -0.00009910690613233332
            -0.00009467920080076605
            -0.00008610725732053259
            -0.00006815164786755774
            -0.00003835692131907632
             0.00000012545567378298
             0.00004100016476422433
             0.00007236095584045993
             0.00009025860305672127
             0.00010392603331770554
             0.00011374229869332161
             0.00011845212981533449
             0.00011977095866701925
             0.00011864179513820110
             0.00011653946473913294
             0.00011370045684244705
             0.00010704620249307656
             0.00009414830149786919
             0.00007130083180503360
             0.00003828210381534220
            -0.00000403970658071634
            -0.00004513059626497390
            -0.00008028182057134392
            -0.00010974809751456629
            -0.00013138256110913589
            -0.00014425332068145175
            -0.00014971715001031735
            -0.00014967993410052680
            -0.00014579112937447447
            -0.00013907874931435191
            -0.00013005519648538044
            -0.00011448734113899660
            -0.00009081891374192202
            -0.00005528466316047050
            -0.00001479495501630181
             0.00002524134047116985
             0.00005948408689091903
             0.00008714584054501928
             0.00010863421389017900
             0.00012326274611371680
             0.00013019151235356546
             0.00013022006703905666
             0.00012542049325349122
             0.00011732918853276416
             0.00010704191321729296
             0.00009147824427356959
             0.00006606789315585058
             0.00002632293086984173
            -0.00001927594440324709
            -0.00006306961994829450
            -0.00009830839645786051
            -0.00012558424607442642
            -0.00014782566585945761
            -0.00016413363685029638
            -0.00017163439217249873
            -0.00017246681227313924
            -0.00016641447428686858
            -0.00015314298233658156
            -0.00013366869532424228
            -0.00010460101747013699
            -0.00006214962417219798
            -0.00001277994038835332
             0.00003329153365303932
             0.00006748777536079620
             0.00008736636051710655
             0.00009763503316894435
             0.00010499385363326041
             0.00011049667907064173
             0.00011207432137171345
             0.00011203257918924188
             0.00010547922406222464
             0.00009317690047697536
             0.00007597677387540838
             0.00004969383693299391
             0.00001367572072227739
            -0.00002248747313555110
            -0.00004884359659594218
            -0.00006050991632696322
            -0.00006013511377481436
            -0.00005629864795395769
            -0.00005576881897785386
            -0.00005821127628273790
            -0.00006198235169200366
            -0.00006100105170563709
            -0.00004727200277624158
            -0.00003049362976816244
            -0.00000655652610920676
             0.00002318846360049522
             0.00005246886224138523
             0.00007289749984020449
             0.00008076310744595305
             0.00008023515786637445
             0.00007875588634299564
             0.00008092553154423703
             0.00008378507946533095
             0.00008394713460402740
             0.00007744302459681895
             0.00006064318997049404
             0.00003716883456588972
             0.00001119322678530961
            -0.00001786691627033504
            -0.00004580819090920146
            -0.00006442556143952148
            -0.00006977744364017496
            -0.00006829959295361768
            -0.00006747732334565441
            -0.00007032962204557989
            -0.00007350632523762571
            -0.00007504485278569691
            -0.00007161763454415538
            -0.00005943833421979610
            -0.00004338149321905584
            -0.00002621429839579435
            -0.00000430041250613219
             0.00001845701555239323
             0.00003615676204838088
             0.00004542007157888650
             0.00005115679788676855
             0.00005626732269020094
             0.00006081701112557075
             0.00006273079280867115
             0.00006099449690349209
             0.00005487266367338893
             0.00004464472466242186
             0.00003158355414683148
             0.00001423044037050064
            -0.00001004347029961633
            -0.00003584071062734645
            -0.00005707414171458554
            -0.00007103119364078040
            -0.00007912676674536424
            -0.00008164926631545208
            -0.00008005976969528575
            -0.00007569098126495308
            -0.00007072289331182367
            -0.00006619677431920302
            -0.00005903016548246563
            -0.00004444164455537686
            -0.00002231952031313195
             0.00000759338743892721
             0.00003572404244354284
             0.00005839928924812599
             0.00007318582781507162
             0.00008015908286492463
             0.00007978232683070158
             0.00007540175533883169
             0.00007302359999757226
             0.00007562670902690850
             0.00008291384014826153
             0.00009112056338476455
             0.00009319610500820219
             0.00008229988678985000
             0.00005818667581105457
             0.00002839485867879192
             0.00000199152062993250
            -0.00002066205036072817
            -0.00003713984788294074
            -0.00004258876156005451
            -0.00004056869050932087
            -0.00003734676062383657
            -0.00003567453901764710
            -0.00003842428845633358
            -0.00004134090587163041
            -0.00003354676859938248
            -0.00000586628030804973
             0.00003049040521548978
             0.00006656142271263504
             0.00009055952823197003
             0.00010528568982150407
             0.00011392078313234102
             0.00011585406410446442
             0.00010772664863594592
             0.00009657420877516790
             0.00008562179026143791
             0.00007370372241322219
             0.00006317955197516326
             0.00004174976522746871
            -0.00000384061410781737
            -0.00006092916080269483
            -0.00011260981864385977
            -0.00014639399524323451
            -0.00016120710713164729
            -0.00016463467030589028
            -0.00016111513372532417
            -0.00014694791894077593
            -0.00013085022869787000
            -0.00012099464294808816
            -0.00011299878338476723
            -0.00010743944157537937
            -0.00010178896524993832
            -0.00007995814913420337
            -0.00003433965311784238
             0.00002575062949510172
             0.00007477999951840801
             0.00009707091237711162
             0.00010517957899604575
             0.00011036635321395787
             0.00010963028319121111
             0.00010347332292373275
             0.00010196471028215663
             0.00010307948097372547
             0.00010099841801223433
             0.00009980678031834088
             0.00008689708085176653
             0.00004604224927546673
            -0.00002084176635846019
            -0.00007916491592921864
            -0.00011094854265839775
            -0.00011924798908863111
            -0.00012347258723738921
            -0.00012432920214074108
            -0.00011825859353851881
            -0.00011905783226398978
            -0.00012584820915107381
            -0.00012911373604295744
            -0.00013471261942676251
            -0.00013170415510417211
            -0.00010136519039100167
            -0.00004227869102593754
             0.00002754770278517300
             0.00007234804374108098
             0.00008198970860286478
             0.00008042306295627099
             0.00008085776604708005
             0.00006802217326899383
             0.00005944771285538812
             0.00005497781267449732
             0.00005109820204772487
             0.00005075468222781365
             0.00004475439041175015
             0.00001405366426497878
            -0.00004071897263680647
            -0.00010110845912178387
            -0.00014750376229833481
            -0.00016618669593118374
            -0.00016308830561587466
            -0.00015466466539902109
            -0.00014454836186653149
            -0.00012905301494102423
            -0.00011763827787168642
            -0.00011281989877503207
            -0.00010329374869332243
            -0.00009976626539788094
            -0.00009257784482195677
            -0.00006039099428363031
            -0.00001030176935831801
             0.00003911264608763328
             0.00006893949145961333
             0.00007171035678802488
             0.00006517197788131008
             0.00006877364479499465
             0.00007361393164365914
             0.00008656406316367615
             0.00010964325501055042
             0.00012870390896700025
             0.00014722750279277887
             0.00016122091814401552
             0.00016338367095719309
             0.00014696169404942539
             0.00012060306191827064
             0.00009334162071442075
             0.00007681887910744675
             0.00007371090610876107
             0.00007343105125074271
             0.00006514493780160163
             0.00002385846741347938
            -0.00001483138341546124
            -0.00005149472374574990
            -0.00007630528750704392
            -0.00010400726971417670
            -0.00011920440630032733
            -0.00010309811412492625
            -0.00006706201575542597
            -0.00003022514993963139
            -0.00000668600063651816
            -0.00000560360020376371
            -0.00000401391775304123
             0.00001324212428713247
             0.00004582734125516151
             0.00008312223224454213
             0.00012045213860484802
             0.00014544634668156616
             0.00016440766500609166
             0.00017270646139066112
             0.00016537691718441198
             0.00014329461135687159
             0.00011536193330538761
             0.00009256706991250662
             0.00008267932838146796
             0.00007813040155578347
             0.00006933925380575607
             0.00003669363013356858
            -0.00001485255889718752
            -0.00006772397000795803
            -0.00011906341846862884
            -0.00015549679829069142
            -0.00018431092428319572
