             0.00000000000000000000
            -0.00000123015418441438
            -0.00000510066667697174
            -0.00001003149690548947
            -0.00001352103451335886
            -0.00001523397056013470
            -0.00001614524269992421
            -0.00001696115477686422
            -0.00001791810314287790
            -0.00001876790723387475
            -0.00001807906965959489
            -0.00001437792243138074
            -0.00000790777874851443
            -0.00000017299525748921
             0.00000679518158992785
             0.00001156306737578979
             0.00001494582801209073
             0.00001903504516863730
             0.00002487696952481104
             0.00003108810088108160
             0.00003453833514497853
             0.00003347619990717986
             0.00002887334192814973
             0.00002287396753999278
             0.00001744672259909940
             0.00001365548456413318
             0.00001137791404659255
             0.00000905522652804759
             0.00000410567614781960
            -0.00000445935994097876
            -0.00001410502821831634
            -0.00002054989707394155
            -0.00002121776126695667
            -0.00001717289910256608
            -0.00001200940099712010
            -0.00000875085730248375
            -0.00000812060496824262
            -0.00000920468697612111
            -0.00001022979121460861
            -0.00000865597257796690
            -0.00000252074276878651
             0.00000693949605660702
             0.00001527784895287654
             0.00001863102660523872
             0.00001699104029101890
             0.00001318773036636252
             0.00000962709133796589
             0.00000741896824086669
             0.00000700349498288637
             0.00000735326239939327
             0.00000553069628468244
            -0.00000110013844513842
            -0.00001191912613458825
            -0.00002322882798789980
            -0.00003121446021788069
            -0.00003404208049300179
            -0.00003222673672904671
            -0.00002819795959155102
            -0.00002485798374587537
            -0.00002360495735592902
            -0.00002357573718928409
            -0.00002233577579685527
            -0.00001726590669315992
            -0.00000743887310255870
             0.00000517556805820696
             0.00001627961996554259
             0.00002168360563593378
             0.00002096553211640215
             0.00001824214702573903
             0.00001765710678630240
             0.00001974744541462105
             0.00002241938976995875
             0.00002269495421998316
             0.00001845380257863221
             0.00001013527181147499
             0.00000033389442491273
            -0.00000731819008916348
            -0.00001011595897582573
            -0.00000896923849652466
            -0.00000755113310486818
            -0.00000863964817390308
            -0.00001213131037368977
            -0.00001583791943610991
            -0.00001745093134082125
            -0.00001586754381569423
            -0.00001148635051322375
            -0.00000584942252216966
            -0.00000123530183934427
             0.00000014607252512872
            -0.00000212493739224144
            -0.00000584451920366683
            -0.00000770129294980924
            -0.00000603310202527368
            -0.00000224763353474068
             0.00000064934839483804
             0.00000055962745282162
            -0.00000262020030453163
            -0.00000735758971702012
            -0.00001120453103470152
            -0.00001139523725202859
            -0.00000611559511276734
             0.00000327748414473033
             0.00001229290906325352
             0.00001689001815796825
             0.00001648921210219113
             0.00001414530527498968
             0.00001404189852139758
             0.00001795876394193332
             0.00002436678720749271
             0.00002969350903069827
             0.00002968294199211127
             0.00002167197001206664
             0.00000684356631979979
            -0.00000936738319816242
            -0.00002013396408389534
            -0.00002237975856157806
            -0.00001868961923399343
            -0.00001537306357118639
            -0.00001842835896352871
            -0.00002799766205107552
            -0.00003787354658047287
            -0.00004083928051118049
            -0.00003269115216249773
            -0.00001402242070000370
             0.00000928344732280684
             0.00002800135875104375
             0.00003479455784993080
             0.00003092574405877073
             0.00002624925140208017
             0.00003013704637546875
             0.00004354835334424735
             0.00005958130043714644
             0.00006936325351384388
             0.00006644571164926658
             0.00004863031053620020
             0.00002108806812648356
            -0.00000367793987976659
            -0.00001516167556254864
            -0.00001400671025458897
            -0.00001016297958248853
            -0.00001413787699501683
            -0.00002962563445223135
            -0.00005149113557109960
            -0.00006968975703524268
            -0.00007554177982421655
            -0.00006566566462596265
            -0.00004352520006662704
            -0.00001896839006900085
            -0.00000272297651700001
             0.00000179665046515379
             0.00000126314192332426
             0.00000631080716155786
             0.00002263798582640784
             0.00004772250127270047
             0.00007325801254982092
             0.00008938281229925927
             0.00008921499772475854
             0.00007273585244487157
             0.00004768680928497581
             0.00002546718661177253
             0.00001346874445722624
             0.00000959953433353397
             0.00000462500723305615
            -0.00001000385883577328
            -0.00003595295020754559
            -0.00006692007065297008
            -0.00009243852034918870
            -0.00010312362337479270
            -0.00009475196097179347
            -0.00007194410994254197
            -0.00004736735850418650
            -0.00003266077976404199
            -0.00002931338708464057
            -0.00002853925651299151
            -0.00001886205870624445
             0.00000528275976576479
             0.00004004136765220404
             0.00007441521096038725
             0.00009569933430840110
             0.00009719809257927549
             0.00008341043597211383
             0.00006607642107177652
             0.00005539597360802049
             0.00005399745016883583
             0.00005528738031444748
             0.00004855521849047734
             0.00002767486574108843
            -0.00000507131977805696
            -0.00004070410124796101
            -0.00006812648229924159
            -0.00007991304322369468
            -0.00007615142988648391
            -0.00006400950077097498
            -0.00005349030070458748
            -0.00005118375288364587
            -0.00005471919004366936
            -0.00005401403457647411
            -0.00003997865880134573
            -0.00001141986174809360
             0.00002478473717218835
             0.00005761545207136157
             0.00007725971741988809
             0.00008024369184805456
             0.00007209611595353225
             0.00006422882217689050
             0.00006538874183676165
             0.00007467265928412071
             0.00008182947931862118
             0.00007456433983711837
             0.00004848564623241715
             0.00001053312198289573
            -0.00002695097355537401
            -0.00005297559510104997
            -0.00006216337150264226
            -0.00005779242460258578
            -0.00005086744198782123
            -0.00005293867811592277
            -0.00006571183199587134
            -0.00007814233416197519
            -0.00007659459334229307
            -0.00005650451123557810
            -0.00002327942733695534
             0.00001342109125444677
             0.00004304052805434124
             0.00005712174473535946
             0.00005543174124965122
             0.00004814828971937759
             0.00004869066282142400
             0.00006291225214455476
             0.00008359922133785271
             0.00009602823332576073
             0.00008989822160132138
             0.00006564412522733093
             0.00003165618821392266
            -0.00000121225074179851
            -0.00002295403991783398
            -0.00002879745388243781
            -0.00002484488979204405
            -0.00002554432015981347
            -0.00004113597566338562
            -0.00006761205530545634
            -0.00009038613552113335
            -0.00009656887660451072
            -0.00008214817487889714
            -0.00005123339582518918
            -0.00001375742567254067
             0.00001759550827939329
             0.00003414501895129448
             0.00003790524927307328
             0.00004037555433637639
             0.00005279119568887078
             0.00007738187129350334
             0.00010610087653783115
             0.00012540655122526517
             0.00012486759374934409
             0.00010383599595069000
             0.00007078698138026321
             0.00003814366383971906
             0.00001656648681543530
             0.00000960786151590788
             0.00001091458522314302
             0.00000680068196428739
            -0.00001424922822595785
            -0.00005040897830971920
            -0.00008650479163279927
            -0.00010607991576228250
            -0.00010248021690160294
            -0.00008028358467517502
            -0.00004968726171820316
            -0.00002321004637456709
            -0.00001203509923704138
            -0.00001643265028580316
            -0.00002317175288811857
            -0.00001605540908234853
             0.00001093910449443047
             0.00004815562258948898
             0.00007692674617641849
             0.00008324636549129449
             0.00006691487237698611
             0.00003895722482959526
             0.00001402711365344986
             0.00000412103248370329
             0.00001163670304775214
             0.00002571273337092422
             0.00002790986107467296
             0.00000739098321260115
            -0.00002856217788610744
            -0.00006223487464095457
            -0.00007973681187850141
            -0.00007758550521858192
            -0.00006213947219358753
            -0.00004492971880428359
            -0.00003610586566343389
            -0.00003821514215073105
            -0.00004368847920052166
            -0.00004013733188109297
            -0.00001973046317962303
             0.00001530088415006854
             0.00005331734887692554
             0.00008019796373652279
             0.00008860976717074961
             0.00008102192836446207
             0.00006591972910344097
             0.00005273181622668798
             0.00004664490328841869
             0.00004489483484634418
             0.00003852288922665396
             0.00001964999316380018
            -0.00001202121432269845
            -0.00004920593524390491
            -0.00008110629933929167
            -0.00009924144305464289
            -0.00010272501771175635
            -0.00009669169800999915
            -0.00008720474018156835
            -0.00007906679778441427
            -0.00007346429192883904
            -0.00006564988930757851
            -0.00004803293361276678
            -0.00001732729155417832
             0.00002162797926257041
             0.00005957742864279921
             0.00008949504510842239
             0.00010908455459259957
             0.00011904119260109091
             0.00012192958793089547
             0.00012196523053391706
             0.00012148916385347171
             0.00011688416743103441
             0.00010073808455541982
             0.00006835338128442919
             0.00002350970297834718
            -0.00002257215961815099
            -0.00006006609218191281
            -0.00008551931205155732
            -0.00010161461280369145
            -0.00011521249985206156
            -0.00013028622699584472
            -0.00014402889742209392
            -0.00015033638219667038
            -0.00014319109640911743
            -0.00011946161857693208
            -0.00008221396736575711
            -0.00004091445801126566
            -0.00000608852747619487
             0.00001796167296883225
             0.00003579425591013171
             0.00005635061104192799
             0.00008503302707446159
             0.00011800530258604748
             0.00014411732108466044
             0.00015405543071134666
             0.00014574278128672366
             0.00012117700423248526
             0.00008426568690878613
             0.00004374171900681418
             0.00001025009953456723
            -0.00001413866130286460
            -0.00003812783785607651
            -0.00007018384646621422
            -0.00010787536987188554
            -0.00014061242591869514
            -0.00015995863914553020
            -0.00016278362530570140
            -0.00014893265010035566
            -0.00012050616416478550
            -0.00008326926916497834
            -0.00004775514663921223
            -0.00002328184834059145
            -0.00000715885987103598
             0.00001388383534788682
             0.00004797855334785215
             0.00008966214671512942
             0.00012674024752623789
             0.00014992807908448136
             0.00015515532965850170
             0.00014114548251666840
             0.00011184068654440894
             0.00007877536101726771
             0.00005410196306733795
             0.00003985740941308839
             0.00002516203753740853
            -0.00000276263563117094
            -0.00004588138971526926
            -0.00009443054088411289
            -0.00013375066561978460
            -0.00015174626880855608
            -0.00014485069856009779
            -0.00011956616967811857
            -0.00008836588908397829
            -0.00006341331024523507
            -0.00004965954574409476
            -0.00004035219097851548
            -0.00002075758273575715
             0.00002031368895394103
             0.00007842730240125941
             0.00013413996764263846
             0.00016910312757684927
             0.00017840374564086897
             0.00016851730865317507
             0.00015046971333022404
             0.00013486840562373868
             0.00012731893031996599
             0.00012412007944541121
             0.00011288598682736569
             0.00008041366509752904
             0.00002316234784239474
            -0.00004717522054159564
            -0.00010914008824023791
            -0.00014525186987680616
            -0.00015290629732488635
            -0.00014467689185059614
            -0.00013788011146441561
            -0.00014174920244614542
            -0.00015256912639186523
            -0.00015770178959359512
            -0.00014300618021438629
            -0.00009982659279740965
            -0.00003067406160171241
             0.00004842659235064371
             0.00011394577931870655
             0.00015033400110369931
             0.00016287965790240646
             0.00017191812600129009
             0.00019362153211763795
             0.00022707124484781549
             0.00025694428320622176
             0.00026713008768060841
             0.00024998930272425755
             0.00020399653732669384
             0.00013143922659244347
             0.00004363097752345566
            -0.00003786971036156551
            -0.00009542602113202471
            -0.00013239412625909555
            -0.00016993136212039027
            -0.00022443721560278326
            -0.00029249739922081679
            -0.00035840102394666778
            -0.00040945851064149759
            -0.00044114656566395340
            -0.00045147156402070249
            -0.00043710736944635209
            -0.00039817738252337815
            -0.00034476367871313142
            -0.00029697446230512537
            -0.00027178586625691334
            -0.00026520095024821393
            -0.00025459042438457513
            -0.00022194518825994323
            -0.00017031005576502193
            -0.00011625483079589127
            -0.00007132011070716322
            -0.00003821592217966188
            -0.00002300140769961655
            -0.00003696398752477975
            -0.00007942225042550936
            -0.00012795994833052294
            -0.00015701364050315129
            -0.00016431994638757509
            -0.00017222927021730367
            -0.00020325657257392972
            -0.00025866174592777352
            -0.00032199205180596095
            -0.00037684012319399367
            -0.00041528598907106609
            -0.00043285737953961863
            -0.00042318615010589010
            -0.00038223488538710414
            -0.00031792732040980125
            -0.00025077892299433960
            -0.00019783738110586073
            -0.00015460886748558327
            -0.00009741733187736361
            -0.00000619919192024634
             0.00011649900230610910
             0.00025039452315777451
             0.00037778215997531084
             0.00049363944265935550
             0.00059728792547478508
             0.00068378496230762768
             0.00074866056255714058
             0.00079645663236173694
             0.00084002058220752343
             0.00089033683704182196
             0.00094457752107535164
             0.00098328249430740602
             0.00098233333216006958
             0.00092999108150923807
             0.00083557103323289269
             0.00072237651747103298
             0.00061099498526570389
             0.00050854160976883660
             0.00041144912414648903
             0.00031852819150867626
             0.00023683964111539523
             0.00016912833576094056
             0.00010233814539583641
             0.00002411600508668240
            -0.00005051925033338463
            -0.00008899825438382877
            -0.00007698414590286368
            -0.00003085700836598228
             0.00002207928701566691
             0.00006680109188023554
             0.00010435764620249095
             0.00014008653704237104
             0.00017335877037743676
             0.00020335660877496080
             0.00023940386548633013
             0.00029150376395268543
             0.00034823137034580134
             0.00037521806505375283
             0.00034433299459027747
             0.00025558225764025469
             0.00012742923175842276
            -0.00002198247366801278
            -0.00017894432033770729
            -0.00033416797063789451
            -0.00048872373918342046
            -0.00064902246456276897
            -0.00081770593803100590
            -0.00099372057248384963
            -0.00117044352937753656
            -0.00133018791627466360
            -0.00144713301518501814
            -0.00149852827821913312
            -0.00147365580497183543
            -0.00137816334654736151
            -0.00123224213190775288
            -0.00106092297368065667
            -0.00088272475984322001
            -0.00070438879891640202
            -0.00052303784173724139
            -0.00033067819379834043
            -0.00011791393578649115
             0.00011200029409276341
             0.00033415951446452523
             0.00052223588671580052
             0.00066645411820306553
             0.00076921890877988924
             0.00083255084275772281
             0.00085072508030757167
             0.00081692967271450008
             0.00073480514928508879
             0.00062150229832547491
             0.00049848211948835580
             0.00037652792981260287
             0.00024756799079117482
             0.00009304388981060584
            -0.00008440461911877019
            -0.00024673342888823473
            -0.00036018237291960038
            -0.00042760944699528531
            -0.00047247894281146689
            -0.00050711108782183453
            -0.00051731108921008193
            -0.00047519868782611055
            -0.00036983372675731830
            -0.00022710258392250981
            -0.00009159492853872451
             0.00002106645977019179
             0.00013847468100655893
             0.00028556543407020003
             0.00044919030067527924
             0.00059489411603276770
             0.00070318699472587487
             0.00078186754577248732
             0.00084333683426941091
             0.00088030851862290905
             0.00086577101864573512
             0.00077712392517464025
             0.00062514501891475075
             0.00045539634246527055
             0.00031550133100465748
             0.00021524358627942759
             0.00011559218068352115
            -0.00002490420926325834
            -0.00019468084355295148
            -0.00034600062994080580
            -0.00044981147356692747
            -0.00051482045882985034
            -0.00056286887977982929
            -0.00059187716802454055
            -0.00057081843910934931
            -0.00047718019659387964
            -0.00033078111036593085
            -0.00018389565391577532
            -0.00007742256813931494
            -0.00000248557933543243
             0.00008972269632603377
             0.00022746825247776557
             0.00038151583349813609
             0.00050547632807625674
             0.00058689893417528452
             0.00064370293394526651
             0.00068998434802537115
             0.00071417927375653481
             0.00069102009769518461
             0.00060926588112912095
             0.00048348293979972310
             0.00034617379745663585
             0.00022417447909470884
             0.00011369446415288411
            -0.00001602595320584426
            -0.00017864753215094301
            -0.00034581237121941591
            -0.00048571600304862957
            -0.00059400528058874157
            -0.00068040919481120231
            -0.00075006836235248136
            -0.00079574275127006612
            -0.00080045200486077162
            -0.00074697882350890563
            -0.00063179343011931935
            -0.00047737026616014993
            -0.00032273489957656686
            -0.00018856065587990480
            -0.00005955935622090157
             0.00008631741895423020
             0.00024515456434088916
             0.00039222747404893350
             0.00050758981251008365
             0.00059076992664243314
             0.00065303967291521227
             0.00069669643361841094
             0.00070289582650070168
             0.00064362275555534328
             0.00051072409010586987
             0.00033449095708198507
             0.00016705461356551318
             0.00003418999404792102
            -0.00009002252645009990
            -0.00024419449761077619
            -0.00042931495727829529
            -0.00060692622751926475
            -0.00073691430111214116
            -0.00081161426541130556
            -0.00085059980025440002
            -0.00086607680488691007
            -0.00084005076028717562
            -0.00074261287538150104
            -0.00057327840582361699
            -0.00037689790098990189
            -0.00021280504766727800
            -0.00010030710840165502
            -0.00000169129275883763
             0.00013291157474028918
             0.00031109122847108411
             0.00048605022752058497
             0.00059814371143566373
             0.00062892479674798529
             0.00060615486218138013
             0.00056184344017630200
             0.00049781750820660972
             0.00039551902064052541
             0.00026118538657642239
             0.00014219904496720945
             0.00007760497420981090
             0.00004854091917672731
            -0.00000587752288298405
            -0.00012387778276027114
            -0.00027506122406949771
            -0.00038491872715233535
            -0.00040364071458639291
            -0.00034562282712280055
            -0.00026463111646080685
            -0.00019522145924991141
            -0.00012483737841756832
            -0.00003279260097913777
             0.00006013548441992794
             0.00011547347665312363
             0.00014054554243857795
             0.00018964359942788239
             0.00029788107593007061
             0.00043456815343207540
             0.00052758219838612791
             0.00052800570228872035
             0.00044941469835837658
             0.00034758448558499182
             0.00026595242072143167
             0.00020066609562469301
             0.00012215441281175532
             0.00002926413732218725
            -0.00004422148555442309
            -0.00008861387443249343
            -0.00014330285096356967
            -0.00024074188844727887
            -0.00035724051531503233
            -0.00043355158973985017
            -0.00043161273114516703
            -0.00036966003655565348
            -0.00030159727633395682
            -0.00025873914375480240
            -0.00022313058054597914
            -0.00016528997371304568
            -0.00009021581019060811
            -0.00002759805478326333
             0.00001815369208356961
             0.00007776654664045399
             0.00016755874965616486
             0.00026088260471429165
             0.00031761622482679336
             0.00032342692420937139
             0.00029587831105253054
             0.00025922844185628774
             0.00021908246595054014
             0.00016265431125597475
             0.00008186712913494134
            -0.00000720210039441417
            -0.00007817493904080921
            -0.00012860050869681875
            -0.00018137026248894598
            -0.00025137103120101824
            -0.00032945311271315560
            -0.00039536943905752196
            -0.00043255397454930477
            -0.00043240029295126057
            -0.00039029647025925677
            -0.00030622896999295669
            -0.00019641661032441019
            -0.00009039523878914807
            -0.00000655133486404355
             0.00005714219174661139
             0.00011145408326256657
             0.00016892891343112161
             0.00024009104679520300
             0.00032794670761835304
             0.00042612232456775058
             0.00051686747168375744
             0.00057173357642710781
             0.00056319790513767204
             0.00048502040514968595
             0.00036732411437778088
             0.00026429742169297631
             0.00021175484632354901
             0.00019475526051037230
             0.00016978055086838765
             0.00011431600151283700
             0.00003921817895983376
            -0.00003909879659085214
            -0.00012098946958945916
            -0.00020915054512914795
            -0.00027981975007037023
            -0.00028612708429161970
            -0.00019946071116254510
            -0.00005129948185725289
             0.00007808208353076163
             0.00013869931397263106
             0.00016426742107290094
             0.00021627503868541553
             0.00030819282942437168
             0.00040883206824085842
             0.00048654872681673061
             0.00053575490622729616
             0.00056912266158598665
             0.00058372182844586306
             0.00054017617508611288
             0.00039186966135937187
             0.00015065653270446926
            -0.00008593806508035193
            -0.00022109818468152772
            -0.00026861793478003600
            -0.00032221914744496422
            -0.00043942659446609503
            -0.00059773709173738840
            -0.00073817864271508431
            -0.00082386256178674426
            -0.00086074843846188664
            -0.00086965755249149279
            -0.00084401735581421616
            -0.00074370046812883672
            -0.00054125211023393460
            -0.00028023413462045039
            -0.00006853885070370141
             0.00001642711875231541
             0.00001741273100256637
             0.00005780606741161071
             0.00020401175633409990
             0.00040189519215073390
             0.00055447686243506578
             0.00062808176935094055
             0.00065870851611596879
             0.00067335091266846345
             0.00063865739522557725
             0.00050098565100023052
             0.00027187468246795814
             0.00005500708514031604
            -0.00004023770661196730
            -0.00002905045718609678
            -0.00004770137468238050
            -0.00019159860982849607
            -0.00041796233767634025
            -0.00061996015791632999
            -0.00074079674852900793
            -0.00079832857952056137
            -0.00082495013543156686
            -0.00080860173366807740
            -0.00070124838433485346
            -0.00049069385596148219
            -0.00025379394219929844
            -0.00011148010804051306
            -0.00011035705145024264
            -0.00015423764750675136
            -0.00009651639673462043
             0.00009206826596149434
             0.00030091789445382008
             0.00042302007160299315
             0.00045817994917756502
             0.00045792534174461099
             0.00042465176848785653
             0.00030602185557482986
             0.00008213106682861507
            -0.00016930531329885468
            -0.00032888200931066689
            -0.00035396041155324066
            -0.00032096280725246734
            -0.00035017111823406206
            -0.00049099386027390312
            -0.00068369298218380549
            -0.00082795624869657562
            -0.00087419937825756458
            -0.00084763666501708613
            -0.00079516697587201008
            -0.00072290953725364531
            -0.00059252957792388903
            -0.00038543820410289869
            -0.00016855126231852407
            -0.00005345259469795077
            -0.00006965481387346041
            -0.00011573745365516151
            -0.00005552182988524223
             0.00014597150869761360
             0.00039173600559297032
             0.00056509693813976939
             0.00064743169804599239
             0.00069814702725456285
             0.00075194042233162560
             0.00077620696535894023
             0.00073187839178446797
             0.00064861590940681966
             0.00060953924312240587
             0.00066644308252674495
             0.00078205722065557103
             0.00084751845620081618
             0.00076264317719901254
             0.00052250067406936051
             0.00023215927285243136
             0.00002468428508911819
            -0.00005973284453680342
            -0.00009804650669733482
            -0.00015949694645416127
            -0.00021527760222586799
            -0.00021890786503087520
            -0.00020869205005585254
            -0.00025860875781146512
            -0.00036149184396266990
            -0.00042034057346556399
            -0.00033705327662114610
            -0.00009889519281230086
             0.00018835895548208642
             0.00038793600498925979
             0.00047286313334580620
             0.00051733713803791973
             0.00057654486846531736
             0.00064074609215347082
             0.00067977409126019619
             0.00069695104212230913
             0.00073373937996705821
             0.00081153853732745162
             0.00088157820686107834
             0.00085498988963361798
             0.00067812189756146499
             0.00038242730042197686
             0.00007622223285627967
            -0.00013406477113850720
            -0.00023951819644359989
            -0.00031550845511673563
            -0.00041406194246253674
            -0.00052350818406366665
            -0.00062052907552534377
