             0.00000000000000000000
            -0.00000000005899681636
             0.00000001040740474815
             0.00000006786728956884
             0.00000022312328655305
             0.00000051240219944136
             0.00000094555056853556
             0.00000151313331375825
             0.00000219115726037284
             0.00000293966700693014
             0.00000371422308872646
             0.00000448796746788554
             0.00000524886435226956
             0.00000596250591463043
             0.00000656090545457327
             0.00000699193302624899
             0.00000723747729974691
             0.00000724883282910456
             0.00000693008910010702
             0.00000623132667510892
             0.00000521443922304895
             0.00000401300776683368
             0.00000276221588051089
             0.00000157267572753434
             0.00000053614992762306
            -0.00000028646265740521
            -0.00000087973140295672
            -0.00000122252723839380
            -0.00000122319133453699
            -0.00000076113714435957
             0.00000018461068782616
             0.00000145259257520245
             0.00000275004122871707
             0.00000379109741161580
             0.00000444466368957562
             0.00000483053987203191
             0.00000522466601126636
             0.00000579584356428509
             0.00000646702269505031
             0.00000701102082956368
             0.00000717468414301326
             0.00000674166990766524
             0.00000565431450177078
             0.00000414450162281411
             0.00000266058276619456
             0.00000158620092653524
             0.00000098267170519155
             0.00000058880480819007
             0.00000009325189823801
            -0.00000060637709275215
            -0.00000138515668841260
            -0.00000199261009438169
            -0.00000211228370743724
            -0.00000144748331091358
             0.00000006324412154488
             0.00000206635269919746
             0.00000394233065723908
             0.00000522939921988302
             0.00000589682119424482
             0.00000620056864454264
             0.00000636491704933179
             0.00000646354576804373
             0.00000647784769705089
             0.00000631135195183518
             0.00000576621183048114
             0.00000465527639136455
             0.00000302992662547968
             0.00000123921847678154
            -0.00000030921811864942
            -0.00000142751577000575
            -0.00000214983953394152
            -0.00000249123351749462
            -0.00000234801014711118
            -0.00000168796220256247
            -0.00000070053442092509
             0.00000030190342248491
             0.00000108913919423452
             0.00000160870878699863
             0.00000187192753471674
             0.00000182147566632234
             0.00000141417632819189
             0.00000072917610524585
            -0.00000017091646343620
            -0.00000140614901887129
            -0.00000311805674401502
            -0.00000513873827937436
            -0.00000697633867665741
            -0.00000819821680216186
            -0.00000875587952866370
            -0.00000889246271012352
            -0.00000881930972209347
            -0.00000859589193846410
            -0.00000825825000290198
            -0.00000784614252240441
            -0.00000726344324513462
            -0.00000632191313446318
            -0.00000502670245901499
            -0.00000370581897577847
            -0.00000273197969333934
            -0.00000209331217293398
            -0.00000131047484173031
             0.00000019468115300182
             0.00000261317977631778
             0.00000551805859191029
             0.00000807395720447474
             0.00000945304801278483
             0.00000916470239127503
             0.00000730866245841871
             0.00000466713474470741
             0.00000237884742461243
             0.00000119625325819195
             0.00000085207711564639
             0.00000022370711796122
            -0.00000176407854692991
            -0.00000530565529421708
            -0.00000957051358217720
            -0.00001321637631121373
            -0.00001509416377252011
            -0.00001479110723028779
            -0.00001280541417450110
            -0.00001035408336381903
            -0.00000864635574060271
            -0.00000797726558344381
            -0.00000744966590646779
            -0.00000567235804575257
            -0.00000188413741845651
             0.00000343973283777196
             0.00000888259300468470
             0.00001288351705124759
             0.00001446747736609795
             0.00001364879598752795
             0.00001134444216019645
             0.00000897233039073661
             0.00000750591460819342
             0.00000675859909617636
             0.00000554639814577129
             0.00000266772098684621
            -0.00000210605256342060
            -0.00000783346971856091
            -0.00001301460785522049
            -0.00001637721045134836
            -0.00001755592064665781
            -0.00001698309128057396
            -0.00001579492382206754
            -0.00001509701138144521
            -0.00001514744111885530
            -0.00001511308523905061
            -0.00001361251709662896
            -0.00000982729016775228
            -0.00000408783082387232
             0.00000230219004444873
             0.00000781679780619654
             0.00001137523018456525
             0.00001272448901191994
             0.00001242445162128509
             0.00001157895693329003
             0.00001110665167914710
             0.00001101390070899304
             0.00001036195301994612
             0.00000808026556444722
             0.00000383718402409063
            -0.00000170459122599783
            -0.00000731068230837487
            -0.00001181258330243730
            -0.00001456672225612573
            -0.00001565219298565780
            -0.00001581750460457365
            -0.00001608738116898414
            -0.00001699364780542314
            -0.00001795705377813788
            -0.00001762377291440098
            -0.00001496915520053334
            -0.00000991111285162052
            -0.00000328772394194449
             0.00000346275019836131
             0.00000897673831721281
             0.00001232312715268697
             0.00001346940267400229
             0.00001339206777159336
             0.00001335365441009400
             0.00001386300154631302
             0.00001435357118505897
             0.00001377631016761671
             0.00001142362451596187
             0.00000717986080719621
             0.00000172609094731181
            -0.00000376029255455504
            -0.00000804127899442574
            -0.00001037417204744713
            -0.00001097312991922118
            -0.00001088852323531478
            -0.00001120570280502722
            -0.00001216146674681210
            -0.00001301305675068896
            -0.00001268338292916793
            -0.00001049043585046917
            -0.00000653821506745149
            -0.00000171965281902816
             0.00000267863125075615
             0.00000548744287470483
             0.00000629998265926697
             0.00000578387343052332
             0.00000523301403932925
             0.00000562016088898138
             0.00000688582599299729
             0.00000804820628565086
             0.00000794377780116770
             0.00000595772861031303
             0.00000238506706276429
            -0.00000171352460117582
            -0.00000497035964906922
            -0.00000643097188903517
            -0.00000622420848832239
            -0.00000559062460982182
            -0.00000599656072534733
            -0.00000789836497346222
            -0.00001032982020828959
            -0.00001164550715794887
            -0.00001058885026527064
            -0.00000706335843774875
            -0.00000219325549993279
             0.00000224388491855635
             0.00000466596177152551
             0.00000462426997944166
             0.00000320789892880283
             0.00000239533983279934
             0.00000357744202028096
             0.00000639173718969799
             0.00000900566272178316
             0.00000943377577068099
             0.00000677006449151691
             0.00000175401363817914
            -0.00000360341993866024
            -0.00000694886863221893
            -0.00000685728360487489
            -0.00000396529779138031
            -0.00000078965936331691
            -0.00000010732742505226
            -0.00000292772447946056
            -0.00000778274214722669
            -0.00001193218525231146
            -0.00001330429051963197
            -0.00001152487240171935
            -0.00000780503718032664
            -0.00000417548307830387
            -0.00000275415398335155
            -0.00000447104987783933
            -0.00000785587775546003
            -0.00000979445051376148
            -0.00000808212386075936
            -0.00000338297711814822
             0.00000163586277595876
             0.00000452201799073690
             0.00000422235944105687
             0.00000135265912350111
            -0.00000226076128526599
            -0.00000413476652910578
            -0.00000229104811662451
             0.00000304791279852950
             0.00000910073129203104
             0.00001243851620626438
             0.00001180620750381578
             0.00000888542800375735
             0.00000613560378890734
             0.00000491908851930226
             0.00000469223041647811
             0.00000435246109991627
             0.00000216112583692834
            -0.00000283313764393176
            -0.00001016430859020511
            -0.00001717402116563607
            -0.00001992170989148134
            -0.00001595450791979829
            -0.00000709049747438369
             0.00000257813628865760
             0.00000938097340030718
             0.00001192401875563941
             0.00001113763372874108
             0.00000895325313539036
             0.00000763566708107044
             0.00000797936832220982
             0.00000927677613191819
             0.00000915472718452930
             0.00000536145754248388
            -0.00000170474106010253
            -0.00000889603488605674
            -0.00001277544209515828
            -0.00001228060579864829
            -0.00000911380234436304
            -0.00000594443545410426
            -0.00000513758215500978
            -0.00000715202879484679
            -0.00001091503142446305
            -0.00001387252073515321
            -0.00001253921495586212
            -0.00000509843038757669
             0.00000646792008308393
             0.00001760074837251195
             0.00002443230806477331
             0.00002632588755642838
             0.00002511830002879313
             0.00002301911805923621
             0.00002159832898449227
             0.00002113201532702741
             0.00002038411805707650
             0.00001713751803553735
             0.00000902702022888148
            -0.00000339453802890759
            -0.00001619235460391523
            -0.00002449083776202393
            -0.00002626258965236287
            -0.00002347859839172631
            -0.00001977770037472269
            -0.00001826923337498284
            -0.00002004777223815939
            -0.00002424656540293537
            -0.00002795027961126516
            -0.00002794006855995232
            -0.00002172167152166046
            -0.00001048963073532313
             0.00000093455188709197
             0.00000865801927046856
             0.00001223792064324941
             0.00001417436658932227
             0.00001710974108195505
             0.00002233796732845626
             0.00002913716824525990
             0.00003472492347579506
             0.00003584253717434392
             0.00002976369124172533
             0.00001636503589086634
             0.00000025164706656929
            -0.00001258544893462700
            -0.00001895152379120477
            -0.00001996970721694876
            -0.00001928131899449303
            -0.00002055849126089773
            -0.00002504901821346447
            -0.00003121684751877614
            -0.00003598548334217445
            -0.00003574459787782920
            -0.00002867047841910171
            -0.00001587357658434303
            -0.00000278466416902603
             0.00000546803910677812
             0.00000787446371927280
             0.00000724773729181150
             0.00000771690912985349
             0.00001191150915680651
             0.00001981889085728133
             0.00002898621247125584
             0.00003512287091776010
             0.00003496609688261047
             0.00002774110140235637
             0.00001658059906101043
             0.00000684492730314670
             0.00000180776924449485
             0.00000068652006481526
            -0.00000033381188943398
            -0.00000498682319711594
            -0.00001402175755360026
            -0.00002581210949063529
            -0.00003585216314479085
            -0.00003981379097023256
            -0.00003569876610682460
            -0.00002422688645785165
            -0.00001027032933791786
            -0.00000005564734769761
             0.00000393214779971717
             0.00000381485754440324
             0.00000413015741640730
             0.00000831513556470080
             0.00001651239780204556
             0.00002583593490868612
             0.00003123036391826888
             0.00002963897442658110
             0.00002072666012685412
             0.00000846414312004286
            -0.00000133879300154629
            -0.00000538866306559831
            -0.00000447642125083177
            -0.00000270031945866881
            -0.00000491401184312326
            -0.00001270792947543504
            -0.00002429935542291300
            -0.00003466965656409732
            -0.00003928764694836920
            -0.00003664881974672389
            -0.00002787459659423468
            -0.00001806469309657135
            -0.00001224327758072406
            -0.00001213388429929352
            -0.00001531676944339273
            -0.00001605381947507213
            -0.00001058698829291669
             0.00000116594674023212
             0.00001622130304096867
             0.00002809789094168968
             0.00003211154360302677
             0.00002726506068524432
             0.00001656831230858927
             0.00000606174066776111
            -0.00000036530020531038
            -0.00000232542514457121
            -0.00000259551968613315
            -0.00000626049782547083
            -0.00001543485649810820
            -0.00002876419034876470
            -0.00004092376314906543
            -0.00004690234357254539
            -0.00004476685518079084
            -0.00003534360844992472
            -0.00002354339851635338
            -0.00001474522710716062
            -0.00001107052972576310
            -0.00001175038522796336
            -0.00001211916863826119
            -0.00000722739950889052
             0.00000429565186238361
             0.00001971838554479620
             0.00003256061946136328
             0.00003764767494981937
             0.00003371280992788387
             0.00002347520942715092
             0.00001283624094146587
             0.00000544845907354720
             0.00000189612142427852
             0.00000046994283773378
            -0.00000363609654999819
            -0.00001451981101183125
            -0.00003189200762862982
            -0.00005034799196777998
            -0.00006333213412446061
            -0.00006655461196350340
            -0.00005946554519784389
            -0.00004440484024924924
            -0.00002751381445837700
            -0.00001349255749195234
            -0.00000331188950647061
             0.00000321749779999751
             0.00000970288301736465
             0.00002131171768932784
             0.00003965364721404825
             0.00006215288431522746
             0.00008369951590690972
             0.00009935297285431250
             0.00010671993939365957
             0.00010615321532646289
             0.00009962284636134260
             0.00009086396864507390
             0.00008282770395806947
             0.00007798146332713290
             0.00007362891406319375
             0.00006503653899105459
             0.00004885553484103992
             0.00002302007123909805
            -0.00000985583562088462
            -0.00003972408559598381
            -0.00005742925948277999
            -0.00006168570990507917
            -0.00005435508167349471
            -0.00003929085877316570
            -0.00002370687889114714
            -0.00001059569434698869
            -0.00000092488296863420
             0.00000763092917891592
             0.00002103989675366392
             0.00004207239841291813
             0.00006829672359023069
             0.00009418190476729540
             0.00011390586018593325
             0.00012402238696076462
             0.00012428003520563490
             0.00011612633630000976
             0.00010371585665312960
             0.00009129511333928490
             0.00008198372793440018
             0.00007313257864006539
             0.00006066244263254571
             0.00004122007802348734
             0.00001195861223517118
            -0.00002362897126361558
            -0.00005906227799303445
            -0.00008784500611693784
            -0.00010663154651552771
            -0.00011551089662746110
            -0.00011727892310409926
            -0.00011526071317621184
            -0.00011245306678088120
            -0.00011130514959175784
            -0.00011094347395173621
            -0.00010809452380630989
            -0.00009958624800741782
            -0.00008270297177435781
            -0.00005684140328289374
            -0.00002236112337804387
             0.00001032376159529025
             0.00003327635562714000
             0.00004557803067439516
             0.00004986617292137158
             0.00005250551821019219
             0.00005862656089524478
             0.00006859008925868014
             0.00007610687397173819
             0.00007476501658402534
             0.00005844030294525471
             0.00002722094789639834
            -0.00001303643131251105
            -0.00004804214797434612
            -0.00007185135942477998
            -0.00008616776055193179
            -0.00009125423253606951
            -0.00008814509244521445
            -0.00008421716869864957
            -0.00008353579979928205
            -0.00008600644106617839
            -0.00008723643785367711
            -0.00008087527643806757
            -0.00005945896746205540
            -0.00002434606326282128
             0.00001644823453653495
             0.00005255898126699418
             0.00008178469616167825
             0.00010425763705609152
             0.00011999617875912859
             0.00013054863272538023
             0.00013920244118566602
             0.00014936760182273151
             0.00016187999939440428
             0.00017336255237732101
             0.00017669739899297250
             0.00016400384938098069
             0.00013213716361570502
             0.00008402125548975555
             0.00002586893930839513
            -0.00003479200583375153
            -0.00008056952150265210
            -0.00011466464545560064
            -0.00014020104621258357
            -0.00015843119738871510
            -0.00017078182088073115
            -0.00017951250725689903
            -0.00018637062768513666
            -0.00018989125498312153
            -0.00018592973386801520
            -0.00017017494866745255
            -0.00014118873183314456
            -0.00010110467871740158
            -0.00005314454434242689
             0.00000006011183181323
             0.00004257991391681095
             0.00007561002999123103
             0.00009982795059499107
             0.00011339647091725548
             0.00012071825995101553
             0.00012311693570047345
             0.00011914642117436126
             0.00010914494784815993
             0.00009084747040067160
             0.00006073937760279344
             0.00001896654644953476
            -0.00003039722244359036
            -0.00007083795739056151
            -0.00009819203198507053
            -0.00011760842685167432
            -0.00013233519117295645
            -0.00014290608844206649
            -0.00014997856072121064
            -0.00015353041992243201
            -0.00015299572789822624
            -0.00014870251594234228
            -0.00013993131712597279
            -0.00012525566586233796
            -0.00010307936379831282
            -0.00007159147656023900
            -0.00002880993702208673
             0.00002412940805284593
             0.00007246169897396144
             0.00011084954730318180
             0.00014215888464996302
             0.00016749821605628262
             0.00018663897742318656
             0.00019918250994602256
             0.00020580147283970243
             0.00020594275546120697
             0.00019991044039178107
             0.00018751298383785353
             0.00016763036974104707
             0.00013699653154618141
             0.00009520771313190597
             0.00004475255720057320
            -0.00000366651064155098
            -0.00003892414751812483
            -0.00006377239524993461
            -0.00008411976596859690
            -0.00010063393260195905
            -0.00010978123682245964
            -0.00011257547225134084
            -0.00010807931375060187
            -0.00009874957614777506
            -0.00008689185417143010
            -0.00006970255672734820
            -0.00004281845829783761
            -0.00000798173958110543
             0.00002903567806020901
             0.00005542801033542685
             0.00007150825558901964
             0.00008568628975947197
             0.00010082220602100667
             0.00011183314725086822
             0.00011523994750116462
             0.00010896302449721924
             0.00009285722917462277
             0.00007161019113566424
             0.00004499873878415419
             0.00000985415319158187
            -0.00003117674980972719
            -0.00007110595193391125
            -0.00009819572126268023
            -0.00011375724902417577
            -0.00012145962990277168
            -0.00012703247414175959
            -0.00013012893817871429
            -0.00012820709326480002
            -0.00011893294269612664
            -0.00010067487935399440
            -0.00007654686153438610
            -0.00005054730217830748
            -0.00002252785445266986
             0.00000945930635811767
             0.00004439138953281792
             0.00007656289055377076
             0.00009770418338402194
             0.00011024896792454195
             0.00011614182801225284
             0.00011995928810542077
             0.00011891148757491270
             0.00010902965145203936
             0.00008926248357820545
             0.00006167431003844218
             0.00003056837616594897
             0.00000059271209229300
            -0.00002834504317012512
            -0.00005931135788703033
            -0.00009089287712859278
            -0.00011469963571936644
            -0.00013021339967376390
            -0.00013652375765586279
            -0.00013733051621199547
            -0.00013249257451938490
            -0.00012005022783825612
            -0.00009811878080066074
            -0.00006556525508925067
            -0.00002796484788548145
             0.00000929791533434367
             0.00004208257842911473
             0.00007069795148855412
             0.00009921796329770663
             0.00012354889800909421
             0.00014134588544799059
             0.00015204160263630550
             0.00015425368984318323
             0.00014889519019253397
             0.00013750380780333968
             0.00011846380304875837
             0.00009105148085920042
             0.00005979919968895380
             0.00002900632347963232
            -0.00000180867177777363
            -0.00002892506698315225
            -0.00005644413514428218
            -0.00008138255590120380
            -0.00010310959386587101
            -0.00011799259398958257
            -0.00012392776858909454
            -0.00012000763718532821
            -0.00010700092749203647
            -0.00008779858766610248
            -0.00006432478736564797
            -0.00004291952095644579
            -0.00002905696581040797
            -0.00001779505291998764
            -0.00000568187690166825
             0.00000591323416566438
             0.00002442023664022857
             0.00004623119046057653
             0.00006461659959509568
             0.00007097703989860570
             0.00006323727439534132
             0.00004513806386356239
             0.00002533789845132672
             0.00001203719601735909
             0.00000956817657210310
             0.00001322945509433392
             0.00001279268600600152
             0.00000579022212452495
            -0.00000775746663815211
            -0.00003255160100526682
            -0.00005824575804031063
            -0.00007597503858341193
            -0.00008030062584985309
            -0.00007307829080158939
            -0.00006051734905519809
            -0.00005175140473077082
            -0.00005196607524608329
            -0.00006020373653329142
            -0.00006685013454893795
            -0.00005911925573046745
            -0.00003674564805716377
            -0.00000453793057981715
             0.00003793549583939140
             0.00007388625280883263
             0.00009976596372275786
             0.00010800047238570123
             0.00009943494082490549
             0.00008386843869752140
             0.00007090001626522916
             0.00006542242984643701
             0.00006433402771933977
             0.00005806986197252750
             0.00003621590783389418
            -0.00000102181959223672
            -0.00004413335670258298
            -0.00008185314947834634
            -0.00010684693611580096
            -0.00012177195981486753
            -0.00012604338455940307
            -0.00012036134856639654
            -0.00010972101180743847
            -0.00010268225706415327
            -0.00010121005814278323
            -0.00010243544803736391
            -0.00009997940953559111
            -0.00008554650332176588
            -0.00005385621736610096
            -0.00000824194688493290
             0.00004013619853699646
             0.00008035551039328353
             0.00010842455864785552
             0.00012777408140105786
             0.00013232241697307956
             0.00012584671669917610
             0.00011627832876508981
             0.00010776449849260105
             0.00010122812629008187
             0.00009389838998918266
             0.00007954507674401999
             0.00005136919995253752
             0.00000716667722314279
            -0.00003729523485915690
            -0.00006976447162846410
            -0.00008590252069310272
            -0.00009454174465101770
            -0.00009488387907734936
            -0.00008597000706057147
            -0.00007150058495819376
            -0.00005886470810649985
            -0.00004926564201889552
            -0.00004254374000685431
            -0.00003524874718607641
            -0.00001782314260969391
             0.00001368802171874422
             0.00004738384228776973
             0.00007378965186309780
             0.00008801405739945631
             0.00009352491144206541
             0.00009254991572557158
             0.00008655653667541274
             0.00007810883837242459
             0.00007496808085304811
             0.00007936975844136483
             0.00008783298130558927
             0.00009585585935911464
             0.00009743843287111906
             0.00009024156038924821
             0.00007341720347263752
             0.00004735129220118506
             0.00002168597356848031
             0.00000877615831103856
             0.00000512255731781018
             0.00000329189596977704
             0.00000434648939541604
             0.00000393691996258555
            -0.00000006822897859581
            -0.00000872367046338844
            -0.00001592633957541784
            -0.00001987266864013290
            -0.00001415847722089237
             0.00000327493643310025
             0.00002598066018448437
             0.00003982619945477912
             0.00004344158463447519
             0.00004490598692369701
             0.00004662615440978805
             0.00004881510208363322
             0.00005882398309711336
             0.00007740462793784738
             0.00009794751459347027
             0.00011114857390472181
             0.00011191839513619027
             0.00009802264332752801
             0.00007485800940460393
             0.00004510187127027175
             0.00001228626366062986
            -0.00001232073230866845
            -0.00002784398142155773
            -0.00003686881408683682
            -0.00004383292195333603
            -0.00005584801598726521
            -0.00007382292026425774
            -0.00009387687918823145
            -0.00010685575102404311
            -0.00011501308382419725
            -0.00012023334962500208
            -0.00012506627448520050
            -0.00012634919013970587
            -0.00012543046695736589
            -0.00012654830267810091
            -0.00012859713947952552
            -0.00012632276540294258
            -0.00011290453595266158
            -0.00008434081981007811
            -0.00004216916784607508
             0.00000984146795024870
             0.00005396809066452270
             0.00008262024061981931
             0.00009533785207351572
             0.00009493511588159688
             0.00009027845161116558
             0.00008709866740744791
             0.00008885788993399173
             0.00009350651287106472
             0.00009745125986720096
             0.00009684071939620431
             0.00008538195426449337
             0.00005971815786508163
             0.00003311141567807334
             0.00001481449601245276
             0.00001324934642014408
             0.00001832134795593219
             0.00002415951842139503
             0.00002473626182506711
             0.00001502361029157259
            -0.00000530354488060029
            -0.00002937734642603044
            -0.00004291968448217357
            -0.00004363880107587330
            -0.00002846639532502816
            -0.00000047662042212795
             0.00001982443673768766
             0.00002688695489569134
             0.00001688723230277420
            -0.00000386446217587192
            -0.00001605403471312614
            -0.00001697145295959816
            -0.00000482309500998010
             0.00002238729784802386
             0.00004494435019347833
             0.00005543273771036900
             0.00005390533077445699
             0.00003773756355657860
             0.00002054295700770796
             0.00001335881985968686
             0.00002384362542961195
             0.00004911228814595918
             0.00007250610500462378
             0.00008179128678014261
             0.00007346182730674260
             0.00005477620862618198
             0.00003297389455038405
             0.00001658985405443759
             0.00001290393353980781
             0.00002100067738933979
             0.00004143189311957378
             0.00006135182001435762
             0.00006825039604632511
             0.00004549579826494496
             0.00000225726919436347
            -0.00004594352383393848
            -0.00007472768123939853
            -0.00008554671350146457
