             0.00000000000000000000
            -0.00000149066223504360
            -0.00000695370086877695
            -0.00001617045048938685
            -0.00002632253038694039
            -0.00003464196969331367
            -0.00004008548269163460
            -0.00004366384796718823
            -0.00004665588874879083
            -0.00004811473459460163
            -0.00004455976145162362
            -0.00003372951321485268
            -0.00001763640311553619
            -0.00000047678173587155
             0.00001458782373134042
             0.00002672899374418703
             0.00003714479138495489
             0.00004723439698410588
             0.00005762397509453755
             0.00006775329744155083
             0.00007515584330976618
             0.00007677216482893051
             0.00007123872833067844
             0.00006008158439916708
             0.00004697358803426534
             0.00003476585670113001
             0.00002362341762871396
             0.00001200406397164267
            -0.00000137446342216346
            -0.00001597930149851961
            -0.00002956783850568789
            -0.00003948281667336732
            -0.00004360586200670033
            -0.00004151006852822084
            -0.00003546593412232569
            -0.00002915760157848555
            -0.00002475081093401637
            -0.00002143705245959689
            -0.00001678559552110786
            -0.00000909687385134563
             0.00000151321581564086
             0.00001343476484905045
             0.00002446117464609925
             0.00003254228758429690
             0.00003643972463554574
             0.00003631408888659761
             0.00003350543827020088
             0.00002959181264497903
             0.00002489392931023133
             0.00001766764080402125
             0.00000568771785359227
            -0.00001124919579335514
            -0.00003066280671977638
            -0.00004911826108189121
            -0.00006393625977736847
            -0.00007323697671574875
            -0.00007607196723009984
            -0.00007345479150917586
            -0.00006808802953299270
            -0.00006205979471219682
            -0.00005509804519479455
            -0.00004513730521336214
            -0.00003037284922098227
            -0.00001110238851034267
             0.00001011684965564610
             0.00002946909682029040
             0.00004305932057696458
             0.00004927072209997184
             0.00005055947420589799
             0.00005110414759532007
             0.00005281688277744799
             0.00005373230453917622
             0.00004926729570466244
             0.00003667193681045007
             0.00001861691748219015
             0.00000083680877877566
            -0.00001231717593000641
            -0.00001985584099296407
            -0.00002360108902522822
            -0.00002579446120507392
            -0.00002769572944011320
            -0.00002994076909718635
            -0.00003236407859094496
            -0.00003339785202869405
            -0.00003097199598949115
            -0.00002473623708815735
            -0.00001679482431662204
            -0.00001003229819902208
            -0.00000607786262284643
            -0.00000471350105892131
            -0.00000484861271285029
            -0.00000540682218460055
            -0.00000550055070678563
            -0.00000491419567124233
            -0.00000467311233039320
            -0.00000657474822434215
            -0.00001140208558604828
            -0.00001741855242868954
            -0.00002117654430527532
            -0.00001978798116182692
            -0.00001229762377884253
             0.00000003868515460209
             0.00001437142521311417
             0.00002747894559872429
             0.00003676556602833906
             0.00004195935558538137
             0.00004586146008475468
             0.00005146768778251397
             0.00005845221945198562
             0.00006260270338678234
             0.00005862878116462790
             0.00004430877013333522
             0.00002176272056654271
            -0.00000423086113705856
            -0.00002827694240733326
            -0.00004622956165315468
            -0.00005620795220459158
            -0.00006014681389439418
            -0.00006379005923272434
            -0.00007079171616404309
            -0.00007766655364487711
            -0.00007636974667476630
            -0.00006092134337038965
            -0.00003242148910890203
             0.00000195144053660276
             0.00003412748062675033
             0.00005887872290977852
             0.00007557561253266941
             0.00008788209033500681
             0.00010077689565508585
             0.00011672443165995157
             0.00013259591137176663
             0.00014010900977255413
             0.00013102123849297715
             0.00010315075480826953
             0.00006325357786685636
             0.00002356267902327829
            -0.00000712011567238494
            -0.00002862576232657126
            -0.00004662339144870702
            -0.00006736903413529344
            -0.00009347537781535491
            -0.00012120826816384087
            -0.00014169932082226791
            -0.00014666008923505514
            -0.00013375501022772269
            -0.00010731730243753697
            -0.00007516590501570615
            -0.00004404465040105374
            -0.00001633092052570185
             0.00001056262288102100
             0.00004175364060449931
             0.00008031548952544816
             0.00012357896009333513
             0.00016266440991265474
             0.00018642811915519934
             0.00018805456352291155
             0.00016878929954630603
             0.00013577544794697965
             0.00009721733218715005
             0.00005889648471882230
             0.00002241501950740381
            -0.00001470128319612834
            -0.00005660102998179995
            -0.00010476351312101074
            -0.00015397448638483234
            -0.00019334197752325345
            -0.00021244315289272182
            -0.00020730298309737329
            -0.00018258454697311243
            -0.00014832276351630784
            -0.00011335300727355450
            -0.00008105526055081107
            -0.00004854622227531824
            -0.00000895495932494660
             0.00004224922275248860
             0.00010121373556780035
             0.00015575407152479783
             0.00019199890225785954
             0.00020383122156777280
             0.00019698188940169619
             0.00018230191298992360
             0.00016648277221112065
             0.00014944086237253819
             0.00012591906952208991
             0.00008950923400963444
             0.00003805005184091373
            -0.00002397842604588641
            -0.00008646186335832782
            -0.00013747728980338187
            -0.00016889895321389368
            -0.00017972852306522561
            -0.00017487224489071081
            -0.00016150309321051137
            -0.00014551987790230211
            -0.00012777787430927321
            -0.00010293089090987485
            -0.00006426886260682607
            -0.00001050465894576549
             0.00005121137645418964
             0.00010841242541523790
             0.00015057420434473373
             0.00017454711923792760
             0.00018441918964909893
             0.00018703684053524773
             0.00018708528170768531
             0.00018463272486040651
             0.00017418674563050566
             0.00014631239099741278
             0.00009549313752783568
             0.00002780652701411308
            -0.00004127705333096435
            -0.00009642679188525393
            -0.00013121863477888826
            -0.00014953168733917034
            -0.00015937293957315798
            -0.00016639261322367601
            -0.00017071291069128405
            -0.00016676956337887175
            -0.00014685853598093610
            -0.00010689175712277276
            -0.00005036929298190433
             0.00001204383729741826
             0.00006724178475709003
             0.00010668060590027205
             0.00013071474431283579
             0.00014584976447693134
             0.00015870631746588967
             0.00017262149045292298
             0.00018555238411896834
             0.00018933663299307242
             0.00017427832651895810
             0.00013731055296909499
             0.00008596457702938327
             0.00003321417401295706
            -0.00001138303844685299
            -0.00004624795119475800
            -0.00007605119933719682
            -0.00010628106605808531
            -0.00013882169256945964
            -0.00017030951493504361
            -0.00019255830438055584
            -0.00019527136264321481
            -0.00017132742316754214
            -0.00012275470546865879
            -0.00006172077557199702
            -0.00000286472319097242
             0.00004664341327801300
             0.00008919531932352402
             0.00013013974900153959
             0.00017106042527579909
             0.00020974707009322071
             0.00024208887310616368
             0.00026067488516655970
             0.00025646392510133295
             0.00022611132659330039
             0.00017672860223127282
             0.00012238375921343284
             0.00007491894164532349
             0.00003703869358331432
             0.00000369104614476595
            -0.00003212819493568674
            -0.00007505444513280997
            -0.00012416275546950218
            -0.00017124425945007186
            -0.00020343887944060754
            -0.00021071207461327527
            -0.00019197834478756057
            -0.00015473755160039368
            -0.00011130237314036762
            -0.00007218020512280462
            -0.00003935666193648351
            -0.00000755428211354440
             0.00002926678271216536
             0.00007256299718486679
             0.00011583247330825256
             0.00014566227364981718
             0.00014998070129718102
             0.00012891380672103115
             0.00009560866933459647
             0.00006639956802409567
             0.00005090259474601036
             0.00004699923911157418
             0.00004324798881055397
             0.00002616277705655901
            -0.00001092633697665799
            -0.00006221455337301882
            -0.00011302913289071965
            -0.00014822006656210475
            -0.00016070366722648551
            -0.00015516125469615353
            -0.00014220186087377570
            -0.00012959971557324914
            -0.00011722134952045935
            -0.00009775563300275247
            -0.00006324088946668155
            -0.00001199151500611801
             0.00004975551094589505
             0.00011040246166345049
             0.00015764490734234939
             0.00018406679456527434
             0.00018967786977012511
             0.00018021199378964181
             0.00016275166730184869
             0.00014079731620311432
             0.00011273122295447132
             0.00007380176314097311
             0.00002014451503494675
            -0.00004598647093277605
            -0.00011471770967636399
            -0.00017266659537165430
            -0.00021046406451010927
            -0.00022829127402016638
            -0.00023188416367187417
            -0.00022543836566947639
            -0.00021004877903112751
            -0.00018442635824739257
            -0.00014643574981181134
            -0.00009440137784963204
            -0.00002868796798049887
             0.00004647862270690896
             0.00012344559362306736
             0.00019262497939915142
             0.00024588175795989308
             0.00028065557304042673
             0.00029998811496515339
             0.00030733719007389497
             0.00030132658321258585
             0.00027673853606531530
             0.00022936908874113897
             0.00015807446828029637
             0.00006634660556817242
            -0.00003526010476139757
            -0.00013125473050181944
            -0.00020732638689378573
            -0.00025893925750432041
            -0.00029405512223594537
            -0.00032067789866437285
            -0.00033707498075285120
            -0.00033573805484373283
            -0.00030991024742824493
            -0.00025956378107333387
            -0.00019248195844401246
            -0.00011843133457119305
            -0.00004390051885013806
             0.00002794323692022610
             0.00009529351189223614
             0.00015854283094802264
             0.00022036915036109867
             0.00027981788897263180
             0.00032656636120561254
             0.00034641047959851738
             0.00033280257916067774
             0.00028960381938375468
             0.00022483780503888232
             0.00014584014116078296
             0.00005829518564453189
            -0.00003295125972519852
            -0.00012261326148284131
            -0.00020567525550435240
            -0.00027800885105275360
            -0.00033449279575104533
            -0.00036695610816441735
            -0.00036717996038344739
            -0.00033504521690510538
            -0.00028011397494851013
            -0.00021339361855176792
            -0.00014145099876364326
            -0.00006830649319270973
             0.00000261206494208493
             0.00007049467827630633
             0.00013813259039907128
             0.00020828393065898442
             0.00027589843600383027
             0.00032624313514424279
             0.00034534322936622048
             0.00033055398979722924
             0.00029064531721181163
             0.00023646409221889032
             0.00017312686490153514
             0.00010185364374062397
             0.00002414458501648863
            -0.00005772831182816247
            -0.00014174302506920209
            -0.00022368173304149639
            -0.00029150923362181635
            -0.00032822935986482325
            -0.00032521385068559920
            -0.00029024860138805400
            -0.00024053026321994077
            -0.00018948367696237074
            -0.00013912741985277829
            -0.00008165032649311016
            -0.00000868467306441278
             0.00008128418159882817
             0.00018180306752082627
             0.00027886830567823841
             0.00035471217233850406
             0.00039660212160836619
             0.00040404539659201494
             0.00038831731058878061
             0.00036281442684951210
             0.00033185936608728602
             0.00028972131523385595
             0.00022677966705756007
             0.00013726327135206299
             0.00002603651104921910
            -0.00009301671010320725
            -0.00020387670799926406
            -0.00029252190740483564
            -0.00034945911256943645
            -0.00037494545213819598
            -0.00038019368230605304
            -0.00037770305693581241
            -0.00037032717334857334
            -0.00034721097317402057
            -0.00029018565871581512
            -0.00019097631543025528
            -0.00006204884232882050
             0.00007277999646224440
             0.00019530023452053074
             0.00029853883676704595
             0.00038245919311153775
             0.00045088555054276886
             0.00050953540773672110
             0.00056047244559053865
             0.00059550044964563030
             0.00059640339107409359
             0.00054548632452332464
             0.00044021966381057410
             0.00029792711203568311
             0.00014176140596497920
            -0.00001562376284155179
            -0.00017017612469993928
            -0.00031627890978748441
            -0.00044845874876288361
            -0.00056930518955067592
            -0.00068577345126063290
            -0.00079682562672391292
            -0.00088815285721222765
            -0.00094091177038225821
            -0.00094721090954965476
            -0.00091704736810401812
            -0.00086819215258483523
            -0.00080951055207346295
            -0.00073852991001846101
            -0.00065366392145167903
            -0.00056249414122520219
            -0.00047674542788840542
            -0.00039941617101083845
            -0.00032034520573655663
            -0.00023099663566212951
            -0.00014221554188832290
            -0.00008088161718967007
            -0.00006677865328349555
            -0.00009485395242130184
            -0.00014371011065345956
            -0.00019981975396813348
            -0.00026490616921476473
            -0.00034052342415700500
            -0.00042096661821171809
            -0.00050527369208901369
            -0.00060125890352393874
            -0.00071084434841934185
            -0.00081816643433053470
            -0.00089551979018157783
            -0.00092229025226759893
            -0.00089915504814568840
            -0.00084199920088254873
            -0.00076311036909485180
            -0.00066104783301630795
            -0.00052825733867743762
            -0.00036437592185743068
            -0.00017766455861045557
             0.00002724950641807574
             0.00025697590203799882
             0.00051698621103213219
             0.00079298510581134174
             0.00105397514173438938
             0.00127649706054255721
             0.00146069146968254467
             0.00162196714733348242
             0.00177131459736902704
             0.00190467628345844953
             0.00200774361920419073
             0.00206740064858641206
             0.00207861261299888871
             0.00204270854159160778
             0.00195942743837723178
             0.00182339325768143931
             0.00163146683574751984
             0.00139405178456378383
             0.00113791876976769633
             0.00089323958918541280
             0.00067527010938288660
             0.00047796357570661783
             0.00028985484965735931
             0.00011670064665408183
            -0.00002235407391000563
            -0.00011588113632849511
            -0.00016346334106555791
            -0.00016414839480782305
            -0.00011494659608432851
            -0.00002220130170780010
             0.00009202628858114354
             0.00020126067199785933
             0.00029561204852140017
             0.00038879555837563451
             0.00049652003499898100
             0.00061276186627643684
             0.00071702110218797041
             0.00078925163173136539
             0.00080972125966360139
             0.00075899900238408577
             0.00062173676107616250
             0.00039309223528172639
             0.00008594589017965935
            -0.00027204704557215979
            -0.00065195390255462342
            -0.00103938702640373306
            -0.00143785003106596302
            -0.00184997780533084979
            -0.00225863731018056263
            -0.00262910073008922919
            -0.00292277172063977074
            -0.00311173671862065293
            -0.00318601632857192646
            -0.00314803002819879097
            -0.00300481072785228637
            -0.00276577463088358922
            -0.00244364300561721775
            -0.00205538408562641432
            -0.00162010514982414869
            -0.00115365663021875986
            -0.00066687842540814229
            -0.00017085710842453604
             0.00031823253042029400
             0.00077972114525102663
             0.00119016607042849278
             0.00152355786108971151
             0.00175709451530293038
             0.00188115904749906336
             0.00190253049026829638
             0.00183757772975528654
             0.00169945101260912538
             0.00149081761760987380
             0.00121032536181053373
             0.00086658486186737868
             0.00048732497257583050
             0.00011153765881634324
            -0.00023462408782296782
            -0.00054866262237839264
            -0.00083015379824791030
            -0.00105736078217356618
            -0.00119505472717101836
            -0.00122450406479777821
            -0.00116079937195106490
            -0.00103601675162694868
            -0.00086646866848280580
            -0.00063920199847321973
            -0.00033397181110133298
             0.00003147401463710600
             0.00039453102293919942
             0.00071044072742270899
             0.00099295206110008795
             0.00127529266825819479
             0.00155814120497749014
             0.00179908811841239199
             0.00194073184443524049
             0.00195364691674356069
             0.00185401812200508727
             0.00168078220366264233
             0.00146085168322377442
             0.00119431096226864679
             0.00087119593678028340
             0.00050305869430444003
             0.00013553774866605387
            -0.00018977226536303057
            -0.00047892377602054965
            -0.00075783227087670643
            -0.00101938765085400206
            -0.00121976530925033545
            -0.00131604513538158036
            -0.00130010036443345281
            -0.00119825173914642332
            -0.00104404281272743116
            -0.00084945457696935026
            -0.00060381168798771334
            -0.00030370242917673163
             0.00002365634842112617
             0.00033374390650616593
             0.00060616077616518725
             0.00086044346788676093
             0.00111467956592862616
             0.00134644600330377701
             0.00150784196647390655
             0.00156824507065635773
             0.00153705233088918293
             0.00144931793305856367
             0.00132959708919065775
             0.00116931682157036545
             0.00094391355361695425
             0.00064481121828079038
             0.00029229586726819089
            -0.00007567513219995461
            -0.00043279950984489388
            -0.00077535842140988081
            -0.00110069742445846673
            -0.00139209634801940735
            -0.00162068328623712660
            -0.00175727902460139735
            -0.00178986657719191534
            -0.00173063985464651108
            -0.00160268719138131031
            -0.00141922794022278581
            -0.00117627781128992704
            -0.00086386253683927319
            -0.00049313295265756500
            -0.00010639079005923548
             0.00025569494915706853
             0.00058400297370725450
             0.00089036496370146936
             0.00117730103903727532
             0.00142012458138855149
             0.00157691638053842806
             0.00161686589141262068
             0.00154149128022488960
             0.00137998716225222300
             0.00116198932467993115
             0.00089124675724905355
             0.00055225158025318905
             0.00015257034035320624
            -0.00026090783663289659
            -0.00064399919759378760
            -0.00099176048095217387
            -0.00132265393206000776
            -0.00163709021017820850
            -0.00189625992889065750
            -0.00204046354228366042
            -0.00203022936045411592
            -0.00187365656889432295
            -0.00161828789813492661
            -0.00131490987319776752
            -0.00098179769202088349
            -0.00061056680108295040
            -0.00020786708879583509
             0.00018578747883406973
             0.00052732648997098712
             0.00081010779154215768
             0.00105633663265412327
             0.00127361168051535307
             0.00142744749701771137
             0.00146012403819683690
             0.00134536702452222570
             0.00112339101251760030
             0.00087268866543231541
             0.00064791155825721339
             0.00044447525548346983
             0.00022478481680073483
            -0.00002340530675123736
            -0.00026890419542354663
            -0.00047242809601704452
            -0.00062221550811759668
            -0.00073110267294573242
            -0.00080167065581449167
            -0.00080313933101373359
            -0.00070024745084309233
            -0.00050667552290804287
            -0.00029139704887060482
            -0.00011705183743007677
             0.00002416314301171623
             0.00019009868019665584
             0.00040700436872517532
             0.00063785564645222508
             0.00082742217937640270
             0.00095430755658240088
             0.00103184566811337472
             0.00106784194393115843
             0.00103948182019297092
             0.00091728735480172709
             0.00070938423889429613
             0.00047090609610044861
             0.00026355646645272976
             0.00009773393991332211
            -0.00007372153811310031
            -0.00028329269649717345
            -0.00049915771262480646
            -0.00066846677040866226
            -0.00077512204623152593
            -0.00083739586255102214
            -0.00086732816025281124
            -0.00085109211444222698
            -0.00077285890833007724
            -0.00064407684664931808
            -0.00050000146694711175
            -0.00036960914310069743
            -0.00024618444929005708
            -0.00009524753989114055
             0.00009528940646315036
             0.00029099958705328149
             0.00045037651502938979
             0.00056458662008912247
             0.00064765558464499812
             0.00070256791519987874
             0.00070993173875100472
             0.00065150836816872898
             0.00053487173530461670
             0.00038616162098316657
             0.00022399137147471673
             0.00005049825871248297
            -0.00013578748340656649
            -0.00032593064040979040
            -0.00050245923203529118
            -0.00065482765542787666
            -0.00078401110764756159
            -0.00088773468344312192
            -0.00094784096836546543
            -0.00093987825583459516
            -0.00085376560042160136
            -0.00070076431230556172
            -0.00050452216753225617
            -0.00028997538642176811
            -0.00007868711098118594
             0.00011695774344533183
             0.00029806471203264385
             0.00047260694678296727
             0.00064619757826634490
             0.00081492501911544120
             0.00096316958673377012
             0.00106911101449142778
             0.00111697435037702662
             0.00110638933445563327
             0.00104555563712440953
             0.00093961642591544256
             0.00079286778833335123
             0.00062291935050577348
             0.00046365334944434083
             0.00033318657288121379
             0.00020317011215013181
             0.00003016378553707648
            -0.00018742200928306737
            -0.00039867470352690108
            -0.00053629667907838512
            -0.00056653021128356864
            -0.00050993637203645319
            -0.00040581673612750675
            -0.00026396619145233627
            -0.00006718729781175164
             0.00017940143198075288
             0.00042483117167358613
             0.00062177974986129907
             0.00078077432931291583
             0.00094890280627209147
             0.00114362569035923712
             0.00131815105307657877
             0.00139070274576999563
             0.00130760294520149752
             0.00108380872403342926
             0.00078233563619922297
             0.00045217403431741264
             0.00009537203646082039
            -0.00029466342837648334
            -0.00067975778741795876
            -0.00100041680635261235
            -0.00124048364386657932
            -0.00143662644566914621
            -0.00163112484413732847
            -0.00181907140459720189
            -0.00193805792025268197
            -0.00191403760835261432
            -0.00172782364270152294
            -0.00143697866724571007
            -0.00112218897893952350
            -0.00081775021219088044
            -0.00050173553621032365
            -0.00015439732545190725
             0.00018427452538674312
             0.00045504646912984588
             0.00066853484297524487
             0.00089293093975254141
             0.00116039709708128450
             0.00141551488373186773
             0.00155193869736533333
             0.00150076976042488007
             0.00129084495452958773
             0.00101917523589101374
             0.00075755497048881715
             0.00049880892775259046
             0.00019858272336937109
            -0.00013989508215364412
            -0.00045601190611956321
            -0.00071864594427618195
            -0.00096871119870545219
            -0.00125513212030299364
            -0.00155672645923122860
            -0.00177520610646921180
            -0.00181410201853423681
            -0.00166945245024224310
            -0.00142681264585232405
            -0.00117405825020597742
            -0.00093117669143906185
            -0.00066346392030673369
            -0.00035561126716971000
            -0.00005146725193362733
             0.00019854412274863790
             0.00040859821422887897
             0.00063526154944651479
             0.00088431955501166223
             0.00106515827196473553
             0.00106270330855479339
             0.00085852575835297163
             0.00055124814575500556
             0.00025140464718376979
            -0.00001554268246399086
            -0.00029536440040257215
            -0.00061830001373168128
            -0.00094730666710949088
            -0.00121757464160118420
            -0.00140744143210494834
            -0.00155501419069468678
            -0.00170553347240326534
            -0.00184251878460820590
            -0.00188348725889413821
            -0.00175563726032750196
            -0.00147690486756583235
            -0.00115027723150750143
            -0.00087092333457336609
            -0.00065088652845965867
            -0.00043701277996466460
            -0.00019039429691516106
             0.00006518041597033776
             0.00028420494686889512
             0.00047587436920013665
             0.00070543939503407737
             0.00100713064050680164
             0.00131576951819829683
             0.00151985477716007193
             0.00157968186698812484
             0.00156050645883198968
             0.00156075715360428280
             0.00162540236515465691
             0.00171355855946469507
             0.00174261766826833814
             0.00166695352005334250
             0.00150761799844385640
             0.00130699749808464846
             0.00106787242374186244
             0.00075343997123235166
             0.00035660149424149849
            -0.00004342589392002513
            -0.00032669998000144172
            -0.00045497616552175359
            -0.00051427542932072233
            -0.00061293102467607731
            -0.00077000422917070273
            -0.00090264393142158706
            -0.00089787968489291536
            -0.00071938966508140344
            -0.00044215722952018751
            -0.00014733601940422595
             0.00017018130727092037
             0.00053750028261551064
             0.00090923568092050530
             0.00120005496444558751
             0.00138169221450994378
             0.00150379426935412421
             0.00162692704124608816
             0.00176302331798619647
             0.00187342646469031149
             0.00189768214801125964
             0.00179162146774779468
             0.00156101576088720959
             0.00125000071533522121
             0.00088653899450632785
             0.00046395291351616956
            -0.00000782489521664666
            -0.00046099207616081959
            -0.00081766829249580407
            -0.00107406606150198822
            -0.00129945407270878627
            -0.00155231258275571556
