            -0.00004714083409542933
            -0.00004714666376218340
            -0.00004717330062573429
            -0.00004723891417970952
            -0.00004736014285282786
            -0.00004753888052463194
            -0.00004774589029809165
            -0.00004792794599165286
            -0.00004803966958651067
            -0.00004807204872809975
            -0.00004804902372050801
            -0.00004800042213850525
            -0.00004793817483987629
            -0.00004785482688063865
            -0.00004774364240748567
            -0.00004761326636535490
            -0.00004748150815793162
            -0.00004736186847462823
            -0.00004725197694524431
            -0.00004713216062052334
            -0.00004698081912777058
            -0.00004679764608530562
            -0.00004661903447060916
            -0.00004650886301313778
            -0.00004652024756015504
            -0.00004665683093216854
            -0.00004686677732171736
            -0.00004707594345095762
            -0.00004723545167920483
            -0.00004734699684834576
            -0.00004745239777803847
            -0.00004759931469950216
            -0.00004780191340524078
            -0.00004802264037903291
            -0.00004818874507167105
            -0.00004823639280804966
            -0.00004815738267895022
            -0.00004801151052630194
            -0.00004788493741355209
            -0.00004782541806694047
            -0.00004781263702855298
            -0.00004778265104767680
            -0.00004767250894638132
            -0.00004745413664945840
            -0.00004715348472001840
            -0.00004685083369105348
            -0.00004664974568466384
            -0.00004661777527365334
            -0.00004673952539076496
            -0.00004692975649521585
            -0.00004710004301637475
            -0.00004722020621914660
            -0.00004732621866792827
            -0.00004748234686830476
            -0.00004773315711941899
            -0.00004807003386484950
            -0.00004842568573691896
            -0.00004869696969977081
            -0.00004879497067617949
            -0.00004869880494901174
            -0.00004847178979625614
            -0.00004821906113757214
            -0.00004801638667674849
            -0.00004786707583845305
            -0.00004771405376772634
            -0.00004748929251960548
            -0.00004716447476651436
            -0.00004677587488839402
            -0.00004641505346245641
            -0.00004618765729084122
            -0.00004615333877835958
            -0.00004628597726775428
            -0.00004649882710941874
            -0.00004671460295859041
            -0.00004690954183003742
            -0.00004710129468752276
            -0.00004730471577160994
            -0.00004750414108463977
            -0.00004766487544633407
            -0.00004775446539787737
            -0.00004774838043744618
            -0.00004763495344950719
            -0.00004743253885613922
            -0.00004719533780381355
            -0.00004698359078577084
            -0.00004682030893406127
            -0.00004668104577756273
            -0.00004652936732801971
            -0.00004635851683825315
            -0.00004619705978126946
            -0.00004608538378433397
            -0.00004605559689597100
            -0.00004612669743015936
            -0.00004629453851304893
            -0.00004651629311642604
            -0.00004672046604061865
            -0.00004685070126352568
            -0.00004690566172994670
            -0.00004693632147997699
            -0.00004700341593281905
            -0.00004713716022953443
            -0.00004732610111169033
            -0.00004752405255782776
            -0.00004766428503380760
            -0.00004768407953853778
            -0.00004756160297330167
            -0.00004734285313298860
            -0.00004712225025070737
            -0.00004697834787684601
            -0.00004692214658281327
            -0.00004690392071510989
            -0.00004686417669300274
            -0.00004677531375213150
            -0.00004665033880329406
            -0.00004653291749315782
            -0.00004647779311000393
            -0.00004651712899587055
            -0.00004662469413192173
            -0.00004672060836137850
            -0.00004672850778099564
            -0.00004664608646424337
            -0.00004656076029966686
            -0.00004657913401290475
            -0.00004673545071704400
            -0.00004696889072104906
            -0.00004717341866657403
            -0.00004726537272250629
            -0.00004722206575528703
            -0.00004708963307421217
            -0.00004696391783603792
            -0.00004693494973059295
            -0.00004701419516366681
            -0.00004710980173829535
            -0.00004710030290446886
            -0.00004694110544014970
            -0.00004670022180451113
            -0.00004650240923903433
            -0.00004644258877328226
            -0.00004653260047717078
            -0.00004669890204358867
            -0.00004682576587575208
            -0.00004682371341519830
            -0.00004669317938488852
            -0.00004652429743598053
            -0.00004646328383665786
            -0.00004660758354291657
            -0.00004687481339646613
            -0.00004714952560350876
            -0.00004730524902349418
            -0.00004729146261588634
            -0.00004714950184716330
            -0.00004697919972472143
            -0.00004687734968156413
            -0.00004687377171657295
            -0.00004691012043921788
            -0.00004687616088451242
            -0.00004671981538719311
            -0.00004647912237270129
            -0.00004627215290216660
            -0.00004622779854936196
            -0.00004638797203654547
            -0.00004669091836669695
            -0.00004700687249621578
            -0.00004720775343555250
            -0.00004723766869856426
            -0.00004714946773077406
            -0.00004704948226030421
            -0.00004707161843778821
            -0.00004730548314450374
            -0.00004756958401989305
            -0.00004766628476901253
            -0.00004755598478340349
            -0.00004729246953401580
            -0.00004702722290546571
            -0.00004690944078367102
            -0.00004698898216158824
            -0.00004717994586567093
            -0.00004730249585011224
            -0.00004718133113505616
            -0.00004681701745489373
            -0.00004638901569962989
            -0.00004608400422056920
            -0.00004606158317686124
            -0.00004629690357682480
            -0.00004662403209154842
            -0.00004685139626986188
            -0.00004689775836034259
            -0.00004683614494821943
            -0.00004683458987044150
            -0.00004703721751958116
            -0.00004745777569406658
            -0.00004795061318891022
            -0.00004828344859119919
            -0.00004828528730916683
            -0.00004796658467174868
            -0.00004750791550918421
            -0.00004715630551484158
            -0.00004706286706022492
            -0.00004718336972392885
            -0.00004730619489278129
            -0.00004719066931750866
            -0.00004673083632074714
            -0.00004604246678263196
            -0.00004540799799158787
            -0.00004511455498531534
            -0.00004525268474929933
            -0.00004569586477061091
            -0.00004616508574059759
            -0.00004640841603403773
            -0.00004638637995540354
            -0.00004629352765581041
            -0.00004642065482881831
            -0.00004693443152507368
            -0.00004773333434170369
            -0.00004849257119842403
            -0.00004886256069541158
            -0.00004871321088615818
            -0.00004819802729275774
            -0.00004765617931011482
            -0.00004740732542325289
            -0.00004753778901531117
            -0.00004784204794009404
            -0.00004795982002104003
            -0.00004762473366513993
            -0.00004685530547397467
            -0.00004595444438523648
            -0.00004532857333425694
            -0.00004524199417970697
            -0.00004562989875831088
            -0.00004616526034462240
            -0.00004643154095815430
            -0.00004621004946825756
            -0.00004565393742836020
            -0.00004520265243869989
            -0.00004529357525675697
            -0.00004605691341050186
            -0.00004723371774730876
            -0.00004831295370091938
            -0.00004884514815527678
            -0.00004870082320309519
            -0.00004812701666513146
            -0.00004757714889263642
            -0.00004742622423345031
            -0.00004771254290182830
            -0.00004810461802130678
            -0.00004814069841562237
            -0.00004754408775785630
            -0.00004639765613864041
            -0.00004510547744253484
            -0.00004419709562653995
            -0.00004396935857779049
            -0.00004434367518824528
            -0.00004495583181963490
            -0.00004516754220806880
            -0.00004492790982361001
            -0.00004438649139762784
            -0.00004403892670600129
            -0.00004430293133151881
            -0.00004524405516208007
            -0.00004660426568289179
            -0.00004786681063013174
            -0.00004856123785337661
            -0.00004856483998224450
            -0.00004805237115836341
            -0.00004759947155337694
            -0.00004739714974852748
            -0.00004753468591835896
            -0.00004776988838660248
            -0.00004740648179803400
            -0.00004639008650766133
            -0.00004490737235078208
            -0.00004346337906055317
            -0.00004258762805299257
            -0.00004269156024914263
            -0.00004350917647035553
            -0.00004457494280561687
            -0.00004528887240798305
            -0.00004535993101622270
            -0.00004484773157382136
            -0.00004447393260449817
            -0.00004430282131076658
            -0.00004458232995532026
            -0.00004501684533265520
            -0.00004529094254200895
            -0.00004518372437526325
            -0.00004475138726331705
            -0.00004431110493519215
            -0.00004425154993581717
            -0.00004474661127338913
            -0.00004542993802806016
            -0.00004624071154501532
            -0.00004642404979549638
            -0.00004596841029895807
            -0.00004525665973400953
            -0.00004467040273750021
            -0.00004460391885463437
            -0.00004512365037474150
            -0.00004592306493075726
            -0.00004651854133031218
            -0.00004654372269424979
            -0.00004591741431112148
            -0.00004507688491026132
            -0.00004457654435119332
            -0.00004467531104417169
            -0.00004475740950264116
            -0.00004531261473332826
            -0.00004526846248949332
            -0.00004482548288345376
            -0.00004416263466600939
            -0.00004367568389266677
            -0.00004370168001718505
            -0.00004419037592035093
            -0.00004491375226145332
            -0.00004529337055520082
            -0.00004540546435367476
            -0.00004489229597689779
            -0.00004404105675796883
            -0.00004343212667815978
            -0.00004334031707623378
            -0.00004392678654390891
            -0.00004442224737487918
            -0.00004469383415222165
            -0.00004451218140165895
            -0.00004391293162258015
            -0.00004325791499299081
            -0.00004314391379064208
            -0.00004369939488860976
            -0.00004474292514657520
            -0.00004538515387670124
            -0.00004544496847694990
            -0.00004489458456433571
            -0.00004417951766201059
            -0.00004384244734392203
            -0.00004418178821297874
            -0.00004506996529221888
            -0.00004583514226397311
            -0.00004600939100005372
            -0.00004519155310708466
            -0.00004467132206539495
            -0.00004387548023086849
            -0.00004375800225374196
            -0.00004447359414448808
            -0.00004549628740860743
            -0.00004625101261873174
            -0.00004634372187658848
            -0.00004565240657403310
            -0.00004451330559977390
            -0.00004356022451243276
            -0.00004321127618957177
            -0.00004361092319952033
            -0.00004437123898647265
            -0.00004480978288044612
            -0.00004469839469657201
            -0.00004418942812608421
            -0.00004353285356947711
            -0.00004348594859684212
            -0.00004409735538581328
            -0.00004536768335694713
            -0.00004667170321703443
            -0.00004726050980324877
            -0.00004678811900679926
            -0.00004556477708257138
            -0.00004430163318720066
            -0.00004378234074986747
            -0.00004427713983554445
            -0.00004550024955224765
            -0.00004650456163559518
            -0.00004677063009576951
            -0.00004618281024391978
            -0.00004506409871561948
            -0.00004408122333161533
            -0.00004378595166901541
            -0.00004418158811592147
            -0.00004486325701296286
            -0.00004499504468279121
            -0.00004433890667350341
            -0.00004306052163998738
            -0.00004192289392474630
            -0.00004132359526300341
            -0.00004191319871641278
            -0.00004327455088441764
            -0.00004488270337311742
            -0.00004583363705856819
            -0.00004573897693407738
            -0.00004476685234094938
            -0.00004368084383142376
            -0.00004327049711598355
            -0.00004383684456827140
            -0.00004511763481437615
            -0.00004611323397883064
            -0.00004607935145335319
            -0.00004503518296348137
            -0.00004386355027813558
            -0.00004268980213451937
            -0.00004245181114235193
            -0.00004310042350396926
            -0.00004412705192687691
            -0.00004446716443609400
            -0.00004383226569546225
            -0.00004238123437694843
            -0.00004108156144754768
            -0.00004028709876471298
            -0.00004058353431933019
            -0.00004146150014266818
            -0.00004289403951510327
            -0.00004348868752814273
            -0.00004329789651932117
            -0.00004242560093748027
            -0.00004173375241215411
            -0.00004183639336313025
            -0.00004293190061669987
            -0.00004494671087875308
            -0.00004678196537170395
            -0.00004777223238744170
            -0.00004761774270803577
            -0.00004669815587837762
            -0.00004571350742638672
            -0.00004550501957550947
            -0.00004621430083545761
            -0.00004711057991996431
            -0.00004723619772343937
            -0.00004604573327632373
            -0.00004364761108101809
            -0.00004058048769276629
            -0.00003798455517383118
            -0.00003659967436798168
            -0.00003638342399210539
            -0.00003665529285701360
            -0.00003677759540024621
            -0.00003673593051026841
            -0.00003658280508913666
            -0.00003637129109078713
            -0.00003642535049308458
            -0.00003775630407176943
            -0.00004034496013552501
            -0.00004357883398686443
            -0.00004649092815432644
            -0.00004853947367081859
            -0.00004932913352326923
            -0.00004849010853913766
            -0.00004744462238812123
            -0.00004810431066567800
            -0.00005036627036817206
            -0.00005290433661898806
            -0.00005420670778108491
            -0.00005424513310639438
            -0.00005365698279371869
            -0.00005198372655602657
            -0.00004915787622513207
            -0.00004665543868922961
            -0.00004615971185771234
            -0.00004833862220336698
            -0.00005138610973259003
            -0.00005234305804079276
            -0.00005116654023204961
            -0.00004810833547044261
            -0.00004455402673843187
            -0.00004170321957141735
            -0.00004013301603544859
            -0.00004023200137860374
            -0.00004181638977217557
            -0.00004441855010381156
            -0.00004680950693137304
            -0.00004861864939670479
            -0.00004888555224860643
            -0.00004787691494144443
            -0.00004809497993531967
            -0.00005012479779665272
            -0.00005273454195112439
            -0.00005419379178251199
            -0.00005420732414707584
            -0.00005336339426865726
            -0.00005120944631846410
            -0.00004723420707696525
            -0.00004254084618099383
            -0.00003916528028874993
            -0.00003749994395637511
            -0.00003495531026799259
            -0.00002833540171762833
            -0.00001774799966996512
            -0.00000412659031662596
             0.00001156191811047310
             0.00002813365668865549
             0.00004396748169462638
             0.00005718533030637301
             0.00006647204175256599
             0.00007160931165697202
             0.00007278955943245251
             0.00006891901136776198
             0.00005936316308490582
             0.00004446364654109902
             0.00002551895070346772
             0.00000594594389707364
            -0.00001115121265799197
            -0.00002511502624910439
            -0.00003609248542009667
            -0.00004440326080875247
            -0.00004885372792510487
            -0.00005078719059298196
            -0.00005057145969654987
            -0.00004921823555548474
            -0.00004911772165804116
            -0.00005109148169008012
            -0.00005241450032509433
            -0.00005190836098491804
            -0.00004947442374775650
            -0.00004504685041716413
            -0.00003859548232975004
            -0.00003184733397212640
            -0.00002350329186704816
            -0.00001496462426127814
            -0.00000798231344701720
            -0.00000380616117148882
            -0.00000365172186626599
            -0.00000779438351544421
            -0.00001549739191225394
            -0.00002423983493270292
            -0.00003180396270017973
            -0.00003906992170455054
            -0.00004474059693922996
            -0.00004770039136203387
            -0.00004632898381274095
            -0.00004163468884174268
            -0.00003411857552421313
            -0.00002568577314820932
            -0.00001870223083853712
            -0.00001576647175472121
            -0.00001765234987062159
            -0.00002362135519898233
            -0.00003105712126543079
            -0.00003779934028630383
            -0.00004428398030371220
            -0.00005013510592130591
            -0.00005323707461666491
            -0.00005062153271949271
            -0.00004207849855756294
            -0.00002768717202994206
             0.00000169630275783749
             0.00003915870807738700
             0.00007350854717457839
             0.00009873235771774186
             0.00011302652569763653
             0.00011629157488003210
             0.00010923781277740497
             0.00009241003745813186
             0.00006614714891945956
             0.00003239115686343800
            -0.00000230985097345774
            -0.00002768819694258555
            -0.00004446331637304611
            -0.00005380264743951209
            -0.00005757126776889605
            -0.00005494911157298901
            -0.00004870266518848477
            -0.00004638584687810622
            -0.00004885200484158985
            -0.00005259145017866346
            -0.00005503743582200544
            -0.00005547236368773290
            -0.00005342972235858725
            -0.00005003474623427146
            -0.00004273741034145807
            -0.00002783871742345181
            -0.00000768344031862396
             0.00001498530126134682
             0.00004075846719956693
             0.00006394972900539375
             0.00008125739185291691
             0.00009004104544178568
             0.00008926662081091934
             0.00007948565544111261
             0.00006220901325603020
             0.00003884324513404550
             0.00001144137814288160
            -0.00001323750415022619
            -0.00003549985388452952
            -0.00004713528157265496
            -0.00005446720552828178
            -0.00005606054501378246
            -0.00005264026953600975
            -0.00004519425800706362
            -0.00003629946752073611
            -0.00003110802857552214
            -0.00003179312480306216
            -0.00003605875497932835
            -0.00004094421292590424
            -0.00004415771583297921
            -0.00004586430695544123
            -0.00004759504819487374
            -0.00004836449160343583
            -0.00004323284272571356
            -0.00003432448060071192
            -0.00002180144157293464
            -0.00000574825023730456
             0.00001276407080238174
             0.00002783805734041631
             0.00003645678545629110
             0.00003695884934646172
             0.00002991639834907277
             0.00001847916084697936
             0.00000410626639033008
            -0.00001017937937424533
            -0.00002694195493645738
            -0.00004072053847428126
            -0.00004817776027836126
            -0.00005445003987455344
            -0.00005646791696080065
            -0.00005499960473590941
            -0.00005006817924056104
            -0.00004419326557373158
            -0.00004252850100851638
            -0.00004518138924966469
            -0.00004822705723061173
            -0.00004951981515016031
            -0.00004908343456387202
            -0.00004712790610673390
            -0.00004487528617684439
            -0.00003746489272899109
            -0.00002321173379750585
            -0.00000874038366962878
             0.00000719522109619024
             0.00002324845644952622
             0.00003540505177005726
             0.00004188794928408383
             0.00004098592625265555
             0.00003315510294335262
             0.00002015179326412762
             0.00000346398880736551
            -0.00001342839961006233
            -0.00002814312175864296
            -0.00004021372552118490
            -0.00004642300011059325
            -0.00004923761814470294
            -0.00005232636771406707
            -0.00005385928516057510
            -0.00005278264459484086
            -0.00004817801956939259
            -0.00004213434323634130
            -0.00003860686066171884
            -0.00003956387261522894
            -0.00004271451542974036
            -0.00004457523564746722
            -0.00004355039578539946
            -0.00003756964842460940
            -0.00002633742425952909
            -0.00000995997652203822
             0.00000458849922986222
             0.00001595316979608202
             0.00002232131881635381
             0.00002537894232423983
             0.00002537155043510006
             0.00002024660637818145
             0.00001021697519042871
            -0.00000390174171254619
            -0.00001925880066550755
            -0.00003133333276564504
            -0.00003820234106121920
            -0.00004147060696272603
            -0.00004322840953337196
            -0.00004326998256632048
            -0.00004475017652633549
            -0.00004817503439240114
            -0.00005060828653317292
            -0.00005026992637820671
            -0.00004880596159421696
            -0.00004799722255726392
            -0.00005032038612531929
            -0.00005332528528230554
            -0.00005112253421556231
            -0.00004570140501971859
            -0.00003543584547713939
            -0.00002300415112432387
            -0.00000868988202897433
             0.00000258280614184659
             0.00000791035244239269
             0.00000905744135918904
             0.00000784688778869768
             0.00000262097051043756
            -0.00000429588216335735
            -0.00001335088470948256
            -0.00002542917153413241
            -0.00003524859537766416
            -0.00004099219879825243
            -0.00004580604425331668
            -0.00005106536118383003
            -0.00005510057934474460
            -0.00005578951461667407
            -0.00005485033698060732
            -0.00005471785411664747
            -0.00005241519987631842
            -0.00005005126650876743
            -0.00004851450746675968
            -0.00004945118122660005
            -0.00005240542100821799
            -0.00005307513712110221
            -0.00005077479999338839
            -0.00004667123475006367
            -0.00004135719531161314
            -0.00003679431612061785
            -0.00003040195945524121
            -0.00002484336347081748
            -0.00002185702720190952
            -0.00001866739121142826
            -0.00001643502280536300
            -0.00001697277889161884
            -0.00002041122110505161
            -0.00002649122280108672
            -0.00003315612299771815
            -0.00003885786963592127
            -0.00004454627497524212
            -0.00005160653196307844
            -0.00005658556090108547
            -0.00005809941709677450
            -0.00005607377528929546
            -0.00005305878545509973
            -0.00004985697051241911
            -0.00004793948886294988
            -0.00004891164994721191
            -0.00005199184529738464
            -0.00005460522307854429
            -0.00005407750937448890
            -0.00004984883811118346
            -0.00004194519239938706
            -0.00003191009928705070
            -0.00001975291530594186
            -0.00000586664295937297
             0.00000668732245292798
             0.00001684705494491809
             0.00002256628621849643
             0.00002332341561101757
             0.00001924697157061166
             0.00001146162270996917
             0.00000192075720993347
            -0.00000858971635233814
            -0.00002089293426537587
            -0.00003265426517967100
            -0.00004181479287811048
            -0.00004977963718090014
            -0.00005441372370743900
            -0.00005447961377947759
            -0.00004849732661092208
            -0.00004317514493069756
            -0.00004302459852142789
            -0.00004637591115610637
            -0.00005054124273753070
            -0.00005458339277070677
            -0.00005359946879754221
            -0.00005108275550244297
            -0.00004660045205100407
            -0.00003536253971418569
            -0.00002267453924553718
            -0.00001331213339922341
            -0.00000343471567884467
             0.00000726425758346145
             0.00001360619601015908
             0.00001255661095235599
             0.00000420068737217908
            -0.00000918411927349368
            -0.00002314695138437344
            -0.00003385965779208444
            -0.00003911435531811351
            -0.00004723266187204140
            -0.00005212431144398023
            -0.00005329734762538108
            -0.00005690050551523046
            -0.00005787079052995838
            -0.00005293140499981329
            -0.00004326956765403906
            -0.00003285422635277124
            -0.00003080655733167115
            -0.00003886319843125857
            -0.00004792560279136478
            -0.00005528791629869591
            -0.00005713848675800045
            -0.00005429078131417997
            -0.00005304292484744794
            -0.00004658966023638643
            -0.00003474421650256280
            -0.00003001462500199532
            -0.00002551379493845680
            -0.00001721289899675895
            -0.00000742411450405069
            -0.00000193499255559019
            -0.00000364366781493605
            -0.00001054323428645138
            -0.00001969991547060599
            -0.00002667926171078022
            -0.00003000255135999383
            -0.00004038362459234836
            -0.00004991803778564411
            -0.00005330719422334671
            -0.00005708256774997800
            -0.00005815655129957151
            -0.00005231768789686903
            -0.00004248853524141094
            -0.00003138617562321719
            -0.00003373670604638216
            -0.00004469790359117097
            -0.00005401407221774496
            -0.00005992983695212538
            -0.00005814119038526700
            -0.00005384387301780779
            -0.00005195087637607235
            -0.00004274893938226112
            -0.00003367896628090251
            -0.00003216412071138095
            -0.00002639627934251361
            -0.00001697274818502637
            -0.00000666659116346911
            -0.00000294503223949961
            -0.00000278135075676956
            -0.00000242285333701604
            -0.00000192393866188722
             0.00000413013954938024
             0.00000738535786240267
             0.00000393151251958426
             0.00000193631835310478
            -0.00000121962521274211
            -0.00001121253973771955
            -0.00001888384127046197
            -0.00002042961738301898
            -0.00002051371276820615
            -0.00002153327791271749
            -0.00003200348504991726
            -0.00004699863403701763
            -0.00005670059101859508
            -0.00006044390273632219
            -0.00005552627221942423
            -0.00004678514164465107
            -0.00004246181000650205
            -0.00003688298308089903
            -0.00003591977001094062
            -0.00004062896305894069
            -0.00003809022840612458
            -0.00003093908992434488
            -0.00001988702621032150
            -0.00000585034301222658
             0.00000157040841250762
             0.00000300440895954792
             0.00000260017763967527
             0.00000476786382850928
             0.00000932979420000439
             0.00000927605531944966
             0.00000655976217967565
             0.00000353593489205339
            -0.00000298831372596274
            -0.00001616001994389103
            -0.00002620709048837386
            -0.00003663101729122140
            -0.00004374579893533560
            -0.00004659361030099931
            -0.00005230529215675701
            -0.00005457776876881771
            -0.00005435988784538043
            -0.00005056458092428961
            -0.00004551654777740224
            -0.00004821067218026069
            -0.00005009529210498210
            -0.00005088037892361380
            -0.00005204490609737041
            -0.00004687076531013173
            -0.00003719622617932787
            -0.00002731166789000410
            -0.00001630194633051988
            -0.00001110204871819231
            -0.00000678738595133708
            -0.00000119572644610238
             0.00000480726399064666
             0.00001108594696980389
             0.00001462212569942113
             0.00001198277582728074
             0.00000171636573499411
            -0.00001474873601219327
            -0.00003237261637380948
            -0.00004092594203113233
            -0.00004471610438383952
            -0.00004772743675467056
            -0.00004741326051203825
            -0.00004489481889080303
            -0.00004294642857411889
            -0.00003782576684147997
