             0.00000000000000000000
             0.00000000056841309413
            -0.00000010099221597739
            -0.00000057868208147943
            -0.00000161989166025255
            -0.00000306483607064428
            -0.00000450283032718278
            -0.00000552935507058030
            -0.00000588884028914736
            -0.00000551324106601375
            -0.00000454126037162691
            -0.00000323258668734291
            -0.00000180422094987266
            -0.00000033837496877586
             0.00000119851615660418
             0.00000280359851981157
             0.00000428288235529880
             0.00000535505996681374
             0.00000593297349583300
             0.00000625539752490992
             0.00000667588243090923
             0.00000727071872415731
             0.00000770948951542112
             0.00000750607520985235
             0.00000634721110358380
             0.00000427842905400203
             0.00000172465963053539
            -0.00000062537185200802
            -0.00000211527144380541
            -0.00000255340814880880
            -0.00000240443403733546
            -0.00000244182873900677
            -0.00000312037422546915
            -0.00000422101034040074
            -0.00000505369229849182
            -0.00000499168114286522
            -0.00000386369155670407
            -0.00000200327781401978
            -0.00000008708826980054
             0.00000115277085680147
             0.00000135610857026960
             0.00000087422415432000
             0.00000059292687767707
             0.00000124175541371287
             0.00000280773356017258
             0.00000458442389723781
             0.00000569028185141819
             0.00000552508312710461
             0.00000398623652775876
             0.00000153680512704671
            -0.00000096372150565992
            -0.00000274720712245056
            -0.00000364187138340895
            -0.00000412316021937510
            -0.00000485751502719829
            -0.00000616040258938925
            -0.00000776008816915386
            -0.00000896033952685477
            -0.00000907134639365229
            -0.00000783721710958009
            -0.00000559526103328441
            -0.00000309976379764908
            -0.00000111706430652862
             0.00000001588327657053
             0.00000059795237301908
             0.00000133865033529000
             0.00000278695562167993
             0.00000481200292076050
             0.00000663786331598509
             0.00000745813182768157
             0.00000699535420727901
             0.00000555893458159224
             0.00000377907608594009
             0.00000225332160050735
             0.00000124290164910459
             0.00000057154042988531
            -0.00000021507047678179
            -0.00000144117757205246
            -0.00000291456895357722
            -0.00000401859647687929
            -0.00000424180477164457
            -0.00000360452280415889
            -0.00000261656867586179
            -0.00000188623128754583
            -0.00000174514273589222
            -0.00000211026463447951
            -0.00000256737550265913
            -0.00000258306039968006
            -0.00000180952113051571
            -0.00000038715636942642
             0.00000102335555018659
             0.00000163215409839757
             0.00000108448695893802
            -0.00000027825115837822
            -0.00000168521123864009
            -0.00000245848621558356
            -0.00000236744208634421
            -0.00000166323201875873
            -0.00000088979802644882
            -0.00000057620670357990
            -0.00000086958319844181
            -0.00000130230550251084
            -0.00000102374558408472
             0.00000053531926444464
             0.00000313320682794320
             0.00000579317902112428
             0.00000742699160205404
             0.00000751306991740021
             0.00000632971305877677
             0.00000470720529032328
             0.00000353963491904982
             0.00000323418742734882
             0.00000335872822937955
             0.00000281025818467968
             0.00000058440167754112
            -0.00000331865945534080
            -0.00000765111509404230
            -0.00001059615058522039
            -0.00001093515324729656
            -0.00000884743118283288
            -0.00000576691142494075
            -0.00000339991038052213
            -0.00000270352486231093
            -0.00000335687159472671
            -0.00000386665167466329
            -0.00000238960873998229
             0.00000196606160917566
             0.00000818675099310771
             0.00001375769422342697
             0.00001637385643138351
             0.00001553434328183335
             0.00001250531607197544
             0.00000944246911849258
             0.00000801509729965207
             0.00000850277607295218
             0.00000953599854135955
             0.00000881349321687609
             0.00000477437684687076
            -0.00000202260231335804
            -0.00000911237386231584
            -0.00001373155033755382
            -0.00001464986850969552
            -0.00001266679036523166
            -0.00000998711548591966
            -0.00000879414719328893
            -0.00000991776943756491
            -0.00001232611227758419
            -0.00001361040394982225
            -0.00001152860848761211
            -0.00000558735806317825
             0.00000244046632324977
             0.00000969450798461298
             0.00001404321637214560
             0.00001521611591505826
             0.00001456439150885431
             0.00001407079426264962
             0.00001503474340554239
             0.00001716162074016038
             0.00001857030268709569
             0.00001696014828719060
             0.00001125244009330768
             0.00000257821426606317
            -0.00000626415577318765
            -0.00001256128784843139
            -0.00001525157935567236
            -0.00001530506717397658
            -0.00001484680898909349
            -0.00001577454229516805
            -0.00001852598974353071
            -0.00002160694233990623
            -0.00002236069117028679
            -0.00001879798343227602
            -0.00001108689152721994
            -0.00000163665106533042
             0.00000630120501714438
             0.00001073392704954926
             0.00001189203385682411
             0.00001180446151073464
             0.00001289882599530427
             0.00001630540889908267
             0.00002100028833986592
             0.00002443192391165540
             0.00002418791444287582
             0.00001962158901327658
             0.00001206310238576476
             0.00000425770887723738
            -0.00000155703419088053
            -0.00000486731276180852
            -0.00000685516562522129
            -0.00000935249041499352
            -0.00001344433900108829
            -0.00001857140003174253
            -0.00002269139969523632
            -0.00002352364810944816
            -0.00002005338224037390
            -0.00001332724352071225
            -0.00000592629708947603
            -0.00000034733114549947
             0.00000254104928317599
             0.00000378154280966581
             0.00000547389961326256
             0.00000935028160437578
             0.00001551527510220956
             0.00002208758301971507
             0.00002616225562633349
             0.00002577903835032468
             0.00002118600195818712
             0.00001463243651344899
             0.00000889505891469114
             0.00000535843027921034
             0.00000333333198020177
             0.00000089090722187442
            -0.00000369147654957376
            -0.00001070131001010784
            -0.00001847075150638058
            -0.00002400798023794797
            -0.00002485487165799242
            -0.00002084839029606682
            -0.00001434309836180813
            -0.00000851293409733579
            -0.00000520890186640138
            -0.00000405872793993147
            -0.00000313392189867884
            -0.00000022733099929432
             0.00000578396410547323
             0.00001391341704246228
             0.00002123405632497675
             0.00002459767739155747
             0.00002290076322304473
             0.00001782970162053288
             0.00001266542098170026
             0.00001002708181273197
             0.00001027305729638611
             0.00001159312576403871
             0.00001121377253401790
             0.00000696039068619619
            -0.00000139034030498661
            -0.00001143007684923466
            -0.00001930020293273405
            -0.00002220217094572206
            -0.00002032420155478191
            -0.00001634111341705033
            -0.00001321997930530440
            -0.00001234865379651134
            -0.00001295457124145616
            -0.00001272172530915570
            -0.00000913678377601859
            -0.00000113940595068605
             0.00000978521705480384
             0.00002005945077447328
             0.00002625258333615332
             0.00002715512344383925
             0.00002417149534795519
             0.00002051248988743117
             0.00001875369351256501
             0.00001939447256973722
             0.00002070404202427055
             0.00001996205736472762
             0.00001519243617419979
             0.00000638113806967056
            -0.00000397546956880762
            -0.00001214443238715371
            -0.00001555413515940718
            -0.00001448085008493565
            -0.00001210043197891998
            -0.00001171646661012849
            -0.00001481323904474761
            -0.00002005693747810065
            -0.00002388325233257917
            -0.00002295471479803664
            -0.00001583452971979373
            -0.00000412125992708716
             0.00000790500711774535
             0.00001554175748375777
             0.00001664226427005453
             0.00001275506080798073
             0.00000797502449194225
             0.00000596641115667760
             0.00000776127464883420
             0.00001177799258131176
             0.00001462839847930635
             0.00001358810976396058
             0.00000828250853426171
             0.00000091227328192368
            -0.00000491543123651181
            -0.00000698291657485401
            -0.00000609763382086938
            -0.00000519689088915406
            -0.00000693451213818786
            -0.00001172516434717108
            -0.00001804314173347289
            -0.00002244468003638447
            -0.00002225702848069722
            -0.00001703745661543037
            -0.00000863510279406701
            -0.00000026843222568597
             0.00000537077103132089
             0.00000776595886617330
             0.00000860213780877498
             0.00001036649408339871
             0.00001424021556722798
             0.00001945042233640259
             0.00002374372356735275
             0.00002461396922179025
             0.00002070990518750149
             0.00001321408526392912
             0.00000432340975574384
            -0.00000329051476784288
            -0.00000834836872796079
            -0.00001134382059870064
            -0.00001389399501097511
            -0.00001732170009393474
            -0.00002168631801405732
            -0.00002576730754195434
            -0.00002769098336588984
            -0.00002622234593441257
            -0.00002110518103658850
            -0.00001403698507053393
            -0.00000679817135573408
            -0.00000051103537508555
             0.00000471794877247446
             0.00001001278435871151
             0.00001623135886404640
             0.00002320367766721753
             0.00002966530653211773
             0.00003427548529344510
             0.00003575062307701347
             0.00003358623128562437
             0.00002877752858612281
             0.00002264227812832866
             0.00001586717901159340
             0.00000834200858239222
            -0.00000045035178173815
            -0.00001071654557821773
            -0.00002141661660372888
            -0.00003048477474632972
            -0.00003597063977890452
            -0.00003743941033393952
            -0.00003496587994759312
            -0.00003070228054669130
            -0.00002654759624951210
            -0.00002345919154744787
            -0.00002077611456014683
            -0.00001673606065033676
            -0.00000977904644047889
             0.00000023235643793349
             0.00001154038049804225
             0.00002137069151307502
             0.00002766530624635363
             0.00003066780257622185
             0.00003136032024590686
             0.00003143073387320373
             0.00003162742534090279
             0.00003153278185642015
             0.00002933188536090991
             0.00002295148279840704
             0.00001163791060077904
            -0.00000311838464126389
            -0.00001776190020013991
            -0.00002859984528535932
            -0.00003448995471617316
            -0.00003608460263879691
            -0.00003503339662450298
            -0.00003335708130497901
            -0.00003176845684092764
            -0.00003007349603980125
            -0.00002647839832757045
            -0.00001956208756976563
            -0.00000917955717379720
             0.00000288863038345614
             0.00001334683000460355
             0.00001995614595953787
             0.00002325014750730005
             0.00002505897902271891
             0.00002735009494481794
             0.00003079250370940098
             0.00003479478263427572
             0.00003685540555143321
             0.00003420297937513160
             0.00002581190157101014
             0.00001218275980314030
            -0.00000297779656938530
            -0.00001500275570979386
            -0.00002194798977731983
            -0.00002447647623640616
            -0.00002518839077106088
            -0.00002672662173757179
            -0.00002957600491423089
            -0.00003263347188633108
            -0.00003279265195981751
            -0.00002788488096805579
            -0.00001794865121288410
            -0.00000514943104441774
             0.00000665160432466894
             0.00001471911181879276
             0.00001941513396522962
             0.00002296053434507830
             0.00002810513459119341
             0.00003532459054243600
             0.00004309733108546027
             0.00004801519392378794
             0.00004745227806039901
             0.00004080856170693051
             0.00002907575202243675
             0.00001575726044886079
             0.00000486592293573682
            -0.00000192146582361515
            -0.00000622420950301186
            -0.00001168153944902443
            -0.00002062076228999923
            -0.00003242721590369893
            -0.00004404550386128526
            -0.00005053099600301503
            -0.00004958182649842264
            -0.00004218122895750121
            -0.00003065063814452404
            -0.00001935283143495216
            -0.00001115897487893772
            -0.00000602919724767451
            -0.00000116758980390121
             0.00000770497371720223
             0.00002171451714993586
             0.00003879585727681058
             0.00005393880317553131
             0.00006218291251159190
             0.00006350713407595328
             0.00005969895295712577
             0.00005244561986916960
             0.00004467834760793446
             0.00003824922857305895
             0.00003175358134471215
             0.00002280925726396761
             0.00000977706131018318
            -0.00000880562562468881
            -0.00003111696027042578
            -0.00005220512448815337
            -0.00006666726918162805
            -0.00007395743213296328
            -0.00007642550259337194
            -0.00007574948522036265
            -0.00007446623414469758
            -0.00007570322376999002
            -0.00007829166181353873
            -0.00008009024633879826
            -0.00007930520021069450
            -0.00007378528239674238
            -0.00006273667306436708
            -0.00004765556925902141
            -0.00003240189493505165
            -0.00002059029193097548
            -0.00001390955724162533
            -0.00001225720551491099
            -0.00001279783889738400
            -0.00001276519639233246
            -0.00001195340710585479
            -0.00000935991865800967
            -0.00000531972900356447
            -0.00000516582611276561
            -0.00001225114442489746
            -0.00002624079503471002
            -0.00004265993676628790
            -0.00005672946006355537
            -0.00006506474187427463
            -0.00006958792099733123
            -0.00007152983431988854
            -0.00007185880070003500
            -0.00007412144270133866
            -0.00007739830814313398
            -0.00007910247151006607
            -0.00007738780642012066
            -0.00007003518412394325
            -0.00005575897198496949
            -0.00003551329425096837
            -0.00001287382053785785
             0.00000872247231890719
             0.00002774961685583587
             0.00004433238899539810
             0.00006103620003209714
             0.00007854193756809562
             0.00009726770088816234
             0.00011660035354750466
             0.00013299506285160184
             0.00014622367064515758
             0.00015518604583010263
             0.00015897777064953448
             0.00015793501407682960
             0.00015367782970518022
             0.00014865800806574241
             0.00014396662954181880
             0.00013840490355280168
             0.00013000771686792485
             0.00011738598308383114
             0.00010028792787196485
             0.00007982665091000858
             0.00005718610539286600
             0.00003237096289333664
             0.00001043993569114825
            -0.00000520386751229294
            -0.00001166203041851121
            -0.00001137116677005905
            -0.00001018483679147504
            -0.00001120902925025286
            -0.00001321476619914160
            -0.00001201782573405441
            -0.00000465964919067251
             0.00000842177176999507
             0.00002503666473557796
             0.00004314114644193589
             0.00005716662698082501
             0.00006628865757361828
             0.00006934175861748541
             0.00006808423243490640
             0.00006517839428684127
             0.00006199409935031189
             0.00005734278954236769
             0.00004793861734242731
             0.00002968629882550540
             0.00000016136612220901
            -0.00004151809841541245
            -0.00008929210023693183
            -0.00013541043106122161
            -0.00017265535857747565
            -0.00020169868578174031
            -0.00022168800851575995
            -0.00023360558159898320
            -0.00024006928889321811
            -0.00024340783717626151
            -0.00024402953758537098
            -0.00024061314129601342
            -0.00023048424372445244
            -0.00021131028137051300
            -0.00018257538858399688
            -0.00014515631840913930
            -0.00010099104855982548
            -0.00005206461245414719
            -0.00000083057604971370
             0.00004142791247568269
             0.00007407520663381111
             0.00010085793144140865
             0.00012291266992538858
             0.00013976041364407852
             0.00015073239289855692
             0.00015536794813156475
             0.00015351005465458567
             0.00014484673656149050
             0.00012887018654043214
             0.00010526578854226431
             0.00007497828633224813
             0.00004009120002227874
             0.00000161624350763511
            -0.00003150105989522407
            -0.00005815766898673842
            -0.00008110917702506808
            -0.00009849669564423902
            -0.00010888455651103536
            -0.00011156064802877755
            -0.00010665150328560955
            -0.00009711212707155878
            -0.00008492578758195037
            -0.00006758692089920567
            -0.00004169938505539316
            -0.00000420183746137701
             0.00003445085165717496
             0.00006677749218903589
             0.00009168341170921095
             0.00011225885983226037
             0.00012954180163322586
             0.00014173503239119030
             0.00014785138128386465
             0.00014844937599027899
             0.00014541858969693177
             0.00013967016934674479
             0.00012991715179999392
             0.00011322621935913863
             0.00008694853809157514
             0.00005014854401968106
             0.00000430450425339320
            -0.00003393202382666259
            -0.00005856661610365951
            -0.00007642964739745088
            -0.00009046356641148941
            -0.00009912193345559238
            -0.00010243128429516850
            -0.00010210335537464952
            -0.00009910690613233332
            -0.00009467920080076605
            -0.00008610725732053259
            -0.00006815164786755774
            -0.00003835692131907632
             0.00000012545567378298
             0.00004100016476422433
             0.00007236095584045993
             0.00009025860305672127
             0.00010392603331770554
             0.00011374229869332161
             0.00011845212981533449
             0.00011977095866701925
             0.00011864179513820110
             0.00011653946473913294
             0.00011370045684244705
             0.00010704620249307656
             0.00009414830149786919
             0.00007130083180503360
             0.00003828210381534220
            -0.00000403970658071634
            -0.00004513059626497390
            -0.00008028182057134392
            -0.00010974809751456629
            -0.00013138256110913589
            -0.00014425332068145175
            -0.00014971715001031735
            -0.00014967993410052680
            -0.00014579112937447447
            -0.00013907874931435191
            -0.00013005519648538044
            -0.00011448734113899660
            -0.00009081891374192202
            -0.00005528466316047050
            -0.00001479495501630181
             0.00002524134047116985
             0.00005948408689091903
             0.00008714584054501928
             0.00010863421389017900
             0.00012326274611371680
             0.00013019151235356546
             0.00013022006703905666
             0.00012542049325349122
             0.00011732918853276416
             0.00010704191321729296
             0.00009147824427356959
             0.00006606789315585058
             0.00002632293086984173
            -0.00001927594440324709
            -0.00006306961994829450
            -0.00009830839645786051
            -0.00012558424607442642
            -0.00014782566585945761
            -0.00016413363685029638
            -0.00017163439217249873
            -0.00017246681227313924
            -0.00016641447428686858
            -0.00015314298233658156
            -0.00013366869532424228
            -0.00010460101747013699
            -0.00006214962417219798
            -0.00001277994038835332
             0.00003329153365303932
             0.00006748777536079620
             0.00008736636051710655
             0.00009763503316894435
             0.00010499385363326041
             0.00011049667907064173
             0.00011207432137171345
             0.00011203257918924188
             0.00010547922406222464
             0.00009317690047697536
             0.00007597677387540838
             0.00004969383693299391
             0.00001367572072227739
            -0.00002248747313555110
            -0.00004884359659594218
            -0.00006050991632696322
            -0.00006013511377481436
            -0.00005629864795395769
            -0.00005576881897785386
            -0.00005821127628273790
            -0.00006198235169200366
            -0.00006100105170563709
            -0.00004727200277624158
            -0.00003049362976816244
            -0.00000655652610920676
             0.00002318846360049522
             0.00005246886224138523
             0.00007289749984020449
             0.00008076310744595305
             0.00008023515786637445
             0.00007875588634299564
             0.00008092553154423703
             0.00008378507946533095
             0.00008394713460402740
             0.00007744302459681895
             0.00006064318997049404
             0.00003716883456588972
             0.00001119322678530961
            -0.00001786691627033504
            -0.00004580819090920146
            -0.00006442556143952148
            -0.00006977744364017496
            -0.00006829959295361768
            -0.00006747732334565441
            -0.00007032962204557989
            -0.00007350632523762571
            -0.00007504485278569691
            -0.00007161763454415538
            -0.00005943833421979610
            -0.00004338149321905584
            -0.00002621429839579435
            -0.00000430041250613219
             0.00001845701555239323
             0.00003615676204838088
             0.00004542007157888650
             0.00005115679788676855
             0.00005626415249174333
             0.00006080671699376256
             0.00006269086730310649
             0.00006092575478439378
             0.00005482910572855289
             0.00004471291235075053
             0.00003172048123529454
             0.00001432992250539944
            -0.00000997469880879341
            -0.00003576464920334663
            -0.00005710946975501435
            -0.00007082754717411861
            -0.00007882211619028625
            -0.00008124240178233106
            -0.00007956139849407463
            -0.00007512514773419885
            -0.00007016525102271085
            -0.00006584705482078427
            -0.00005899392055398562
            -0.00004480569746777958
            -0.00002237542962722195
             0.00000776540820173303
             0.00003591483864946953
             0.00005855532467223154
             0.00007322384979777752
             0.00008010042397810770
             0.00007957305824122593
             0.00007502299710516977
             0.00007249384613559669
             0.00007508250274565401
             0.00008254923951132544
             0.00009089718996406196
             0.00009301168439652381
             0.00008255524875111934
             0.00005881264187769429
             0.00002900921816771725
             0.00000263012011118402
            -0.00001997609376870846
            -0.00003633572985693025
            -0.00004182358222810304
            -0.00003980940763970565
            -0.00003676699301402419
            -0.00003543812076098081
            -0.00003813189563437530
            -0.00004110900645054132
            -0.00003366321603334163
            -0.00000677017037837338
             0.00003006725128857199
             0.00006623485291176222
             0.00009041111326628501
             0.00010512759467503239
             0.00011340987962984224
             0.00011500602273093401
             0.00010653234211877601
             0.00009519257871657112
             0.00008491106383444821
             0.00007394730038992614
             0.00006341142482606947
             0.00004254445239144178
            -0.00000211127419122395
            -0.00005959730820734972
            -0.00011113906683166331
            -0.00014510782182671866
            -0.00016044048252187494
            -0.00016341020329868118
            -0.00015876528514489194
            -0.00014417083647472480
            -0.00012786391775631957
            -0.00011879938051689615
            -0.00011283279697733387
            -0.00010774445636946682
            -0.00010162618453328354
            -0.00008034498445165194
            -0.00003600155012694716
             0.00002349462223303167
             0.00007369578912588559
             0.00009707636651883967
             0.00010529081801936473
             0.00010922637123923602
             0.00010815158970627543
             0.00010135945997694027
             0.00009995307981182773
             0.00010292159654312074
             0.00010219735099105168
             0.00010053891219230842
             0.00008765368736494248
             0.00004850168733418202
            -0.00001707519587976633
            -0.00007704986322907242
            -0.00011050221537847011
            -0.00012018302903918410
            -0.00012297325359589097
            -0.00012221737415309602
            -0.00011474028759329305
            -0.00011546668342247125
            -0.00012398372328686346
            -0.00013018159728317192
            -0.00013565174029532735
            -0.00013185328047503352
            -0.00010262269095558356
            -0.00004543467274982753
             0.00002385701862087246
             0.00007072270394451620
             0.00008318241259379561
             0.00008106028231123111
             0.00007940623334793291
             0.00006590350896825209
             0.00005708148113886762
             0.00005415024392841516
             0.00005342186951329759
             0.00005304298543884766
             0.00004609623696183897
             0.00001609157574489541
            -0.00003794889597537742
            -0.00009811766027221354
            -0.00014435713800072943
            -0.00016399885510414203
            -0.00016234849017432676
            -0.00015325348299800870
            -0.00014145692874456133
            -0.00012515361403581636
            -0.00011409582272689644
            -0.00011164092991723678
            -0.00010666900814482189
            -0.00010253826697077475
            -0.00009408258623328971
            -0.00006306359753638413
            -0.00001325183748749230
             0.00003641628308746635
             0.00006711983838415850
             0.00007218421330338072
             0.00006613651683747808
             0.00006704301763121452
             0.00007110819474828908
             0.00008349903247251381
             0.00010788119788815072
             0.00013008664150451334
             0.00014958956664116232
             0.00016282738605341042
             0.00016380327118980425
             0.00014781307514046552
             0.00012143739419531860
             0.00009494093633032561
             0.00007785969735777073
             0.00007374262627241854
             0.00007421821125919243
             0.00006743382296089331
             0.00002999130466694348
            -0.00001300015525463408
            -0.00005437497165978269
            -0.00008320160421862204
            -0.00010616585226135618
            -0.00011906015385258230
            -0.00010418186334211921
            -0.00006852805439573318
            -0.00003527709078394080
            -0.00001035445886752033
            -0.00000523745027749313
            -0.00000518863939272529
             0.00000980506773425683
             0.00004318820778524105
             0.00008250930736530327
             0.00012198070165959071
             0.00014808381368547032
             0.00016596103427925926
             0.00017253035584167671
             0.00016497470230481944
             0.00014448230149475543
             0.00011747374703020040
             0.00009548226377217857
             0.00008463833694474794
             0.00007979898736008539
             0.00007107801704797036
             0.00004192239208031750
            -0.00001021182762685311
            -0.00006766823121681479
            -0.00012312189931225532
            -0.00016015202203407218
            -0.00018513695162729671
