             0.00000000000000000000
            -0.00000012732895242443
            -0.00000062570546841969
            -0.00000155984202019318
            -0.00000282302447685624
            -0.00000438029561211147
            -0.00000630445571805984
            -0.00000863781826196756
            -0.00001133747045935321
            -0.00001438234753530310
            -0.00001777346820413229
            -0.00002130522589219584
            -0.00002449065554060753
            -0.00002704441568715469
            -0.00002920646064097821
            -0.00003097532917282538
            -0.00003156821307502326
            -0.00003049761621465402
            -0.00002827720767530819
            -0.00002552125427570357
            -0.00002231826521397886
            -0.00001855439082731258
            -0.00001427021910939760
            -0.00000973091224377387
            -0.00000528060832152998
            -0.00000139483262375443
             0.00000104808244105438
             0.00000132323995220259
            -0.00000028372119212328
            -0.00000274412226232568
            -0.00000519010936716565
            -0.00000744707255674173
            -0.00000980164443251547
            -0.00001285525289368540
            -0.00001741316967088479
            -0.00002304993336051306
            -0.00002764657758022489
            -0.00002967980980357790
            -0.00002954905126468520
            -0.00002816069598141381
            -0.00002596908521610143
            -0.00002362847404601281
            -0.00002183362685671713
            -0.00002030471160166535
            -0.00001794503847462722
            -0.00001378085146438284
            -0.00000788262003938085
            -0.00000181298383725604
             0.00000260233152860844
             0.00000471685177587441
             0.00000466886711919414
             0.00000265006685748671
            -0.00000076775387452667
            -0.00000422150440864745
            -0.00000650589679788839
            -0.00000818156494039161
            -0.00001123011936210885
            -0.00001665715889504105
            -0.00002300202233242582
            -0.00002786643404559720
            -0.00003024325606897461
            -0.00003037401239573459
            -0.00002846842323594110
            -0.00002470500473474776
            -0.00002000246247922087
            -0.00001579181084990162
            -0.00001247943122542878
            -0.00000893899293958113
            -0.00000409828907682995
             0.00000133940178614298
             0.00000509541324950269
             0.00000591234792888533
             0.00000491005667565304
             0.00000360497629960464
             0.00000247065792941091
             0.00000110765735358075
            -0.00000109573655028973
            -0.00000363034286978087
            -0.00000508936121953595
            -0.00000500628429477834
            -0.00000356495421289060
            -0.00000013262286655211
             0.00000575910041736099
             0.00001270569781163940
             0.00001841210233472846
             0.00002228952467594718
             0.00002585522674897268
             0.00003046670875237923
             0.00003554473999391624
             0.00003929519570676720
             0.00004082639835516806
             0.00004056026022077419
             0.00003856991417302544
             0.00003450227274036379
             0.00002950067407939341
             0.00002580945617404673
             0.00002406894097366395
             0.00002224956065422360
             0.00001739871862609671
             0.00000852475467420007
            -0.00000270603337317723
            -0.00001320047834853768
            -0.00002006046395985737
            -0.00002273168385993925
            -0.00002273944201493722
            -0.00002198488388664840
            -0.00002243133052483454
            -0.00002497212099461795
            -0.00002778633562846062
            -0.00002649565845857822
            -0.00001720716185873903
            -0.00000085265969816735
             0.00001685111913353880
             0.00003003198197590255
             0.00003641564027947265
             0.00003795114230156962
             0.00003862550530140017
             0.00004166099361527793
             0.00004815070076278507
             0.00005615569254717427
             0.00006054068848074504
             0.00005573270851234104
             0.00004035691582055504
             0.00001923987492770304
            -0.00000000792548144390
            -0.00001259204013859167
            -0.00001899228091690098
            -0.00002299542100085853
            -0.00002811703641552664
            -0.00003599952488438232
            -0.00004605990491711569
            -0.00005461217422343728
            -0.00005589517115059758
            -0.00004600316116940827
            -0.00002654374979031028
            -0.00000435111485537530
             0.00001334007614940930
             0.00002402071612484500
             0.00003049048487470343
             0.00003724828864264305
             0.00004716124468400053
             0.00006042628281840863
             0.00007427604350693864
             0.00008347791333878733
             0.00008300851542995948
             0.00007154821778910633
             0.00005304433716245291
             0.00003440907558752122
             0.00002022314507827457
             0.00001008755321603266
             0.00000086675820317438
            -0.00001023079831794610
            -0.00002402639359721825
            -0.00003937859791953980
            -0.00005339415087999034
            -0.00006124764767365567
            -0.00005861547764802743
            -0.00004575586856203980
            -0.00002808677585482912
            -0.00001198030758190084
            -0.00000001057115576280
             0.00000949874136283572
             0.00001947251753608704
             0.00003184737140071874
             0.00004702287617568634
             0.00006369609829558021
             0.00007856514541573119
             0.00008643084720236161
             0.00008308750005797445
             0.00006982476332483220
             0.00005295596206797641
             0.00003801481856023438
             0.00002575606138857326
             0.00001405591987911541
             0.00000149156204269308
            -0.00001288957158409289
            -0.00003023980990744137
            -0.00004944175513569818
            -0.00006531015239290350
            -0.00007158168779232815
            -0.00006681419358038839
            -0.00005520320215824036
            -0.00004150724585140511
            -0.00002842249062454108
            -0.00001729730103111738
            -0.00000810919297257049
             0.00000075954904959160
             0.00001189178722090813
             0.00002692881683812421
             0.00004402657612363520
             0.00005778088268365780
             0.00006272149517220403
             0.00005770334266129006
             0.00004670455860653918
             0.00003498461162179816
             0.00002561085341696993
             0.00001921182255992500
             0.00001467147779453160
             0.00000945112782059317
             0.00000052876073263323
            -0.00001293552839562513
            -0.00002755437741382313
            -0.00003769368665339223
            -0.00003928972237728433
            -0.00003246531707412577
            -0.00002160582605416993
            -0.00001188038904583775
            -0.00000599324202471368
            -0.00000413410784854971
            -0.00000407892299306585
            -0.00000130634383876060
             0.00000822999889709135
             0.00002435333822778977
             0.00004099933153189449
             0.00004955499938129463
             0.00004618562694056972
             0.00003485287495174047
             0.00002300845338828732
             0.00001604959898937849
             0.00001504181178605017
             0.00001731115131545470
             0.00001776253706708376
             0.00001117456384951949
            -0.00000413212413916000
            -0.00002376776371004114
            -0.00003841228842570170
            -0.00004014893452418192
            -0.00002938853776595306
            -0.00001384860538915868
            -0.00000204334716520144
             0.00000122854223757109
            -0.00000351842529664177
            -0.00001130892956378504
            -0.00001428724342471354
            -0.00000519567908263436
             0.00001551034603383062
             0.00003755023690944760
             0.00004841291852453056
             0.00004317976083644691
             0.00002860396285449811
             0.00001771982306767428
             0.00001845649421026845
             0.00002826857773913646
             0.00004091388348948006
             0.00005203583829736464
             0.00005497830349647116
             0.00004255997043037734
             0.00001889677564086901
            -0.00000035483408303612
            -0.00000336962826805392
             0.00000760901113561024
             0.00002062071491703131
             0.00002508314406630794
             0.00001830740968031829
             0.00000291011073704665
            -0.00001660553852339493
            -0.00003232168520093467
            -0.00003464589927345381
            -0.00002236868872221513
            -0.00000811424388659925
            -0.00000765221547559389
            -0.00002372063304042727
            -0.00004327077028985074
            -0.00005129202559798357
            -0.00004319839888847324
            -0.00002287942212186350
             0.00000449385327540343
             0.00003180961790927870
             0.00004671021353830263
             0.00004084641211612762
             0.00002177605069212810
             0.00000750601439496928
             0.00000898250333129238
             0.00002015158774347916
             0.00002541319044890713
             0.00001476850586560427
            -0.00000936697162904401
            -0.00003729151817284904
            -0.00005863559706721049
            -0.00006472417115526818
            -0.00005113116852317975
            -0.00002242501254306485
             0.00000571332146407089
             0.00001682440710540189
             0.00000963042883249544
            -0.00000095610693724449
             0.00000105793057320794
             0.00001862144410763006
             0.00004217548173829236
             0.00006051672193773932
             0.00006741364826382711
             0.00005960053131397338
             0.00003616789868841869
             0.00000425263076240966
            -0.00002136084615803288
            -0.00003007560582174757
            -0.00002687457172898682
            -0.00002912418376093381
            -0.00004880368451542379
            -0.00008078445092902293
            -0.00011013459206089422
            -0.00012551560102320075
            -0.00012213799892235984
            -0.00009838812754958094
            -0.00005825641808734139
            -0.00001546287349075045
             0.00001247827063003350
             0.00001956626008904751
             0.00001868403721601394
             0.00002966263861757604
             0.00005976727759887232
             0.00009775207910630896
             0.00012711397132085647
             0.00013916317471359730
             0.00013232033555098319
             0.00010822455526833016
             0.00007480795834893256
             0.00004797899507816764
             0.00004023960470470905
             0.00004580269714429357
             0.00004300115909900547
             0.00001532458315050633
            -0.00003304154726321229
            -0.00008388697355696764
            -0.00012101517029092991
            -0.00013659303277128502
            -0.00012792084167198976
            -0.00009922606948111575
            -0.00006629184097216084
            -0.00004734335099691672
            -0.00004574794589362873
            -0.00004579447877887974
            -0.00002743025129582570
             0.00001580464624783971
             0.00007197007222494813
             0.00012107475640127961
             0.00014909007249744915
             0.00015152832555093439
             0.00013088581306446563
             0.00009822650247621101
             0.00007193626265236696
             0.00006552947127537035
             0.00007411228333560124
             0.00007630563061940830
             0.00005341964404507387
             0.00000608025055980333
            -0.00004879173905622616
            -0.00009275661352766565
            -0.00011563207744888080
            -0.00011560217366677896
            -0.00009786499752547182
            -0.00007650351442583077
            -0.00006925028825307515
            -0.00008189371973829781
            -0.00009957898574019365
            -0.00009807437465896533
            -0.00006503935975570423
            -0.00000940355961375985
             0.00004900582146544793
             0.00009276589681048809
             0.00011145696117143556
             0.00010463570793516396
             0.00008361244172056115
             0.00006719336325681988
             0.00007013794069102072
             0.00008920740875383124
             0.00010227054317036342
             0.00008646202522198894
             0.00003850429684496189
            -0.00002367737369778713
            -0.00007608030553436019
            -0.00010218914133929989
            -0.00009787833510206101
            -0.00007257151993665278
            -0.00004667956642859460
            -0.00003966321644367153
            -0.00005499624133502130
            -0.00007611817256543428
            -0.00007800979012924089
            -0.00004688400975613299
             0.00000878540762437370
             0.00006617552478754451
             0.00010484590129030197
             0.00011609200237487937
             0.00010413667117226010
             0.00008446306385560920
             0.00007671226662533629
             0.00009184892737205219
             0.00012250042290783982
             0.00014620024606329073
             0.00014136249211122798
             0.00010275645550201920
             0.00004431926349325373
            -0.00001050491335107394
            -0.00004378538655965020
            -0.00005096366946567892
            -0.00003909379516841809
            -0.00002464482008537359
            -0.00002628501999111567
            -0.00004994883619573453
            -0.00008111902939929807
            -0.00009379512328503114
            -0.00006953658323895414
            -0.00001203747310957954
             0.00005607712443117036
             0.00011012581810414504
             0.00013530412698584249
             0.00013102930972402134
             0.00011219267190953700
             0.00010099123376190324
             0.00011094198347682109
             0.00013687870673345122
             0.00015891037294531995
             0.00015540156685764909
             0.00011689058074247553
             0.00005283570197601163
            -0.00001418662382576350
            -0.00006097051102856533
            -0.00007561048427195347
            -0.00006480899746366355
            -0.00004994371654760433
            -0.00005179691710978965
            -0.00007488043588381841
            -0.00010423597365012840
            -0.00011677345369508427
            -0.00009588883482442572
            -0.00003910744707623456
             0.00004057366242811398
             0.00011883132629787408
             0.00017147488311825701
             0.00018764668365644772
             0.00017630157162699684
             0.00016030452011282347
             0.00016002895558548161
             0.00017718021259001260
             0.00019345186407302884
             0.00018693300093309455
             0.00014635616462759269
             0.00007135897322469356
            -0.00003067548623962972
            -0.00014349870297754866
            -0.00024261973644402438
            -0.00030730315013859528
            -0.00033709741817264610
            -0.00035297575063653421
            -0.00037911526120653017
            -0.00042422255221592146
            -0.00047841269987652712
            -0.00052191381002004197
            -0.00053532170197250514
            -0.00050689633656696988
            -0.00043548228059532335
            -0.00032953685200588334
            -0.00020767850999115029
            -0.00009718337346009149
            -0.00002071068749245435
             0.00001900659938368855
             0.00004077936952134426
             0.00006964918040181118
             0.00011547830442628348
             0.00016485832506961650
             0.00019247700801287989
             0.00017811741473236018
             0.00011391760749673201
             0.00000504803401591810
            -0.00012818362628497684
            -0.00025311471501349804
            -0.00034088201399647502
            -0.00038576970187739512
            -0.00040651360719981067
            -0.00042916060500247546
            -0.00046926318368216999
            -0.00052423871176367827
            -0.00057488013753531739
            -0.00059484408730562060
            -0.00056540231915219404
            -0.00048327960333771560
            -0.00035739549246566568
            -0.00020471970666099401
            -0.00005051860935191130
             0.00007838414009080136
             0.00017163554973718647
             0.00024392249509642551
             0.00032219095330738060
             0.00042421390660873454
             0.00054539590199965135
             0.00066222647313568593
             0.00074554442617158381
             0.00077243759825821104
             0.00073502275084567166
             0.00064326593044903657
             0.00052043092679778381
             0.00039617126760190040
             0.00029562594690003840
             0.00022625185857665136
             0.00017289607209613071
             0.00010713985868720755
             0.00000822645944305039
            -0.00011863769865550168
            -0.00024395445182753418
            -0.00033368031813376449
            -0.00036431203739641874
            -0.00032791428388384526
            -0.00023940644294060542
            -0.00013617520445141618
            -0.00005603803197512849
            -0.00000806906966427571
             0.00003183487670029113
             0.00009293733369238294
             0.00018311460093527524
             0.00029014906396885253
             0.00039901295029047226
             0.00049611924714759281
             0.00055782923656063623
             0.00055309729437518515
             0.00046855635541040691
             0.00032991714679268954
             0.00019140958143826453
             0.00009217065892439795
             0.00002213252739879325
            -0.00005919070276292470
            -0.00017639992458887702
            -0.00032374612375163272
            -0.00048559523499058674
            -0.00065323188025288577
            -0.00081798094255797053
            -0.00095546079813424477
            -0.00102720354270047828
            -0.00100337647804816816
            -0.00088815294764126214
            -0.00072332302082703942
            -0.00056238998595143351
            -0.00043299730459466428
            -0.00031837328954765408
            -0.00017564961352436166
             0.00002172238131476378
             0.00025577319830496760
             0.00048819201257634820
             0.00070085665073720807
             0.00089213036622205852
             0.00105032950221470322
             0.00114603137168126827
             0.00114998149428431444
             0.00105889831017973320
             0.00090471206843398906
             0.00073890667365949494
             0.00059877627955131664
             0.00048018856061247858
             0.00034466510084805134
             0.00015977704923008718
            -0.00005878055146569953
            -0.00025894696081754252
            -0.00040872225746067039
            -0.00051154007083098355
            -0.00057557870141680993
            -0.00059362343433876617
            -0.00055096760387193789
            -0.00044581286286556011
            -0.00030058439569802866
            -0.00015294897415173635
            -0.00002835192803537084
             0.00008620996153492433
             0.00022608523738338731
             0.00039990323887616154
             0.00057931961010487874
             0.00072967960896749568
             0.00083282926063617127
             0.00089008704423409167
             0.00091154184400564909
             0.00090009813719402578
             0.00084700752205806333
             0.00074334645389257346
             0.00059235935028583906
             0.00041553164779720430
             0.00024273206390828571
             0.00008551118249587743
            -0.00007723621924843643
            -0.00027031010401916915
            -0.00048507999548412295
            -0.00068960281942636844
            -0.00085837562798550017
            -0.00098415425014128366
            -0.00107111699604084919
            -0.00112028245983309825
            -0.00112126113082961919
            -0.00105730038574919556
            -0.00092351931109245099
            -0.00074370226288906095
            -0.00056387407404013558
            -0.00041722753796855474
            -0.00028989521221489748
            -0.00013565597116005145
             0.00006230202720034404
             0.00026293265197196628
             0.00041143474403040696
             0.00049291925539566856
             0.00053382376627398860
             0.00055922287631712472
             0.00055978341258979783
             0.00050523056523540456
             0.00038778310124234588
             0.00024522053223604786
             0.00013205767330522753
             0.00005857545158508806
            -0.00002970667215470257
            -0.00017809291100903470
            -0.00035170098043839707
            -0.00047663990665124616
            -0.00052019169231524434
            -0.00050992456829245024
            -0.00048985214564533221
            -0.00046872283973030073
            -0.00041429707804590448
            -0.00029693143832472982
            -0.00013418620237008974
             0.00001886367645469504
             0.00012803224959128051
             0.00022058957312705909
             0.00034767683768761643
             0.00051065980747001436
             0.00065339371970529986
             0.00071909512173509249
             0.00069756968971966386
             0.00062679049673495580
             0.00055415325765490104
             0.00049041328933396942
             0.00040549431674668254
             0.00027214235392452322
             0.00010478036779224621
            -0.00005038856440466850
            -0.00016627825956057351
            -0.00026647094131152990
            -0.00038585985077904515
            -0.00051191611059968475
            -0.00059286858181842946
            -0.00059427009739670999
            -0.00053086973874661401
            -0.00044764350296995823
            -0.00037532902077150662
            -0.00030250982474562462
            -0.00019157239403901725
            -0.00002592585731148334
             0.00016367793433846232
             0.00032532938052281108
             0.00043647881495436768
             0.00051910273184275785
             0.00059885324915859089
             0.00066552089893766157
             0.00068415978190543183
             0.00063480837797775982
             0.00053436513079161785
             0.00041979224420073352
             0.00031158521063457594
             0.00019500374266665982
             0.00004049306920904669
            -0.00015565430680741733
            -0.00035366550153398846
            -0.00050296824993636676
            -0.00059133776567849906
            -0.00064520712548396563
            -0.00068842063217481946
            -0.00071628914704950717
            -0.00070613225735838877
            -0.00064567687105405796
            -0.00054821636234085862
            -0.00043873404442058242
            -0.00032708826925613698
            -0.00019869418674601925
            -0.00003421355829916758
             0.00015401264070539312
             0.00031663405501385040
             0.00041584113676485386
             0.00045849304154226998
             0.00047529931940144555
             0.00048958590018821863
             0.00050621725975247994
             0.00051486628155888428
             0.00049738357382553809
             0.00044134983661857092
             0.00035043243849503430
             0.00023800171495729926
             0.00011464903480177994
            -0.00001142922152192027
            -0.00011942468377403147
            -0.00017618115681305034
            -0.00017015094552834295
            -0.00013575799846858548
            -0.00012722158401977493
            -0.00016919994160706313
            -0.00023507677921600246
            -0.00027153004353834917
            -0.00024412056087198144
            -0.00016065887545791348
            -0.00005562111012466839
             0.00004249743848340002
             0.00012303003012628530
             0.00017638824930080787
             0.00018794742349462399
             0.00016586961699857950
             0.00015680147143231170
             0.00020829045630454986
             0.00031800791920559416
             0.00042874427845623962
             0.00047330953750402256
             0.00042420592853296751
             0.00030587850475442477
             0.00016825140153160613
             0.00005201235919721946
            -0.00002908116991416390
            -0.00008303291017614433
            -0.00012137034293425211
            -0.00015589884631472012
            -0.00020883994500166473
            -0.00030134926263325717
            -0.00042435533417388546
            -0.00052882754491653068
            -0.00055094035010781175
            -0.00045828479848043465
            -0.00028119435999860207
            -0.00009290519188527112
             0.00004706041945178513
             0.00013247274520227111
             0.00019603068041133364
             0.00026377788611037538
             0.00034022754248098078
             0.00042685963654621475
             0.00052966181817566823
             0.00064608725856098669
             0.00074899795815836108
             0.00078846453669480677
             0.00072203317177697032
             0.00055421052835228897
             0.00034481158226903642
             0.00016983697124599585
             0.00006445897691283398
            -0.00000187366790128766
            -0.00008751877509968708
            -0.00021169268796658925
            -0.00034307143948554271
            -0.00045268416071490126
            -0.00054248772179891190
            -0.00062189936022900459
            -0.00067825957044112116
            -0.00067244239757059720
            -0.00057078611868277161
            -0.00038765049940840549
            -0.00018984668404990184
            -0.00005093730548268289
             0.00001430106483756526
             0.00006268018948550600
             0.00014664102538041588
             0.00025442641619812390
             0.00034354622039897952
             0.00039599162579580742
             0.00042457104202269945
             0.00044105502590690177
             0.00043060318727012345
             0.00035927665637081692
             0.00021423346167771546
             0.00003871517232905694
            -0.00009316564711480222
            -0.00015020683094666849
            -0.00017101561420253882
            -0.00020913572690182863
            -0.00028199731061686012
            -0.00037277498257825279
            -0.00045795415265397773
            -0.00052747253510139404
            -0.00058103577169959391
            -0.00061117896793948679
            -0.00059873683775855697
            -0.00053333146494979606
            -0.00043445237966571780
            -0.00034098526558174299
            -0.00028250359598889883
            -0.00026616143004911785
            -0.00027177022175450198
            -0.00025801000926371358
            -0.00020070624422307407
            -0.00011741042999225356
            -0.00003945348472842914
             0.00002051805290061212
             0.00006278237335163499
             0.00008083115665214552
             0.00006012828920421988
             0.00000004654247679375
            -0.00006695227492112098
            -0.00009510253844748125
            -0.00007179201987360850
            -0.00003871515876193869
            -0.00005280542015330904
            -0.00012895691667720040
            -0.00024119242194766443
            -0.00035827904208353200
            -0.00045576824137886324
            -0.00051364507473049064
            -0.00051871593351300420
            -0.00047456829226690938
            -0.00040496159835023970
            -0.00034005316469973344
            -0.00029651601587046578
            -0.00026882390680271631
            -0.00024155887822652016
            -0.00019698911481363319
            -0.00010802727827534060
             0.00003965643101178829
             0.00021282426014240541
             0.00035299705593493319
             0.00042955632851906714
             0.00045732083036394101
             0.00047902848721092438
             0.00052882090946278790
             0.00060382666187202845
             0.00067832955166213945
             0.00073984261511951684
             0.00079067343355175774
             0.00081751604835014551
             0.00078890359855625630
             0.00068323702277771998
             0.00051642013102124905
             0.00034352981539676511
             0.00021483367668566683
             0.00013672887864850237
             0.00007911055946721661
             0.00000082120626051592
            -0.00012592428755397509
            -0.00029097560091557876
            -0.00044683166115033112
            -0.00054966655768707282
            -0.00059035334553181893
            -0.00057819034178426942
            -0.00051771275734380771
            -0.00041966406990509884
            -0.00032393196233971981
            -0.00028311015735094574
            -0.00030926862533581402
            -0.00035771047823315936
            -0.00036704154809677258
            -0.00029782317987944696
            -0.00015797959974646399
            -0.00000431806450857722
             0.00010115007780847178
             0.00013022666987713875
             0.00009132682867914235
             0.00001542454043829541
            -0.00005577717996305199
            -0.00007672742702818312
            -0.00002312409798260234
             0.00007684522097121077
             0.00015342469317059236
             0.00014932916404231157
             0.00006110395263993590
            -0.00006677420557121106
            -0.00017110526715869787
            -0.00020184236276425793
            -0.00015487113292054805
            -0.00007517434907385254
            -0.00001844572254671207
            -0.00001998278843972609
            -0.00008974794346745202
            -0.00020871997284635207
            -0.00033253410289873825
            -0.00040564490420097086
            -0.00038514830935175166
            -0.00028027553826165700
            -0.00016270842669272414
            -0.00011386818666564957
            -0.00015721839288503552
            -0.00024838753782998810
            -0.00032881964761236851
            -0.00037445838722007229
            -0.00038459674218360116
            -0.00034531699882592916
            -0.00023226455513399372
            -0.00005802195716775107
             0.00009337958512181858
             0.00013048908962605960
             0.00006641598125962162
             0.00001019925176292382
             0.00004889293142618820
             0.00017959948143910122
