             0.00000000000000000001
            -0.00000015429320667560
            -0.00000083820696203577
            -0.00000236711753364960
            -0.00000484154326391992
            -0.00000824271085489886
            -0.00001257483455682813
            -0.00001791444153261835
            -0.00002429123614621770
            -0.00003156211247444110
            -0.00003940517777953983
            -0.00004734526648922803
            -0.00005476373916805869
            -0.00006116871714971827
            -0.00006648161916025188
            -0.00007053050321943008
            -0.00007243030601726136
            -0.00007121840131758734
            -0.00006676052654522882
            -0.00005972664078005124
            -0.00005111770679048169
            -0.00004161293735434836
            -0.00003125698966407203
            -0.00002016282130384987
            -0.00000930031120924937
            -0.00000032759670565154
             0.00000517331654972745
             0.00000654234007113176
             0.00000419706132153092
            -0.00000101733525032619
            -0.00000818185235197720
            -0.00001628905408344312
            -0.00002437165861409892
            -0.00003225164454161614
            -0.00004093686111152532
            -0.00005077432418299329
            -0.00005981804693654175
            -0.00006550863625694276
            -0.00006714376142704589
            -0.00006589730437083909
            -0.00006313064966477472
            -0.00005913195178409440
            -0.00005317230250217738
            -0.00004486974007259904
            -0.00003527303122110455
            -0.00002560796932914109
            -0.00001575582490441285
            -0.00000541855697231957
             0.00000415883660795928
             0.00001065060049518764
             0.00001256934843524491
             0.00001046025165553004
             0.00000585514844794925
            -0.00000052274131265838
            -0.00000891118094369028
            -0.00001936272381411140
            -0.00003111067531557832
            -0.00004308437808563279
            -0.00005424388736262230
            -0.00006325950915495511
            -0.00006851504245678290
            -0.00006887670256667561
            -0.00006479663564917966
            -0.00005806245889609863
            -0.00005002102734306970
            -0.00004066796728364005
            -0.00002954012277368348
            -0.00001704192083681706
            -0.00000445900245796378
             0.00000682637305073202
             0.00001513241418682759
             0.00001868170384174180
             0.00001690554423133839
             0.00001124959076399476
             0.00000484705660906701
            -0.00000007582590927739
            -0.00000444952780571156
            -0.00000984541729678521
            -0.00001484686717647390
            -0.00001599682652301717
            -0.00001133220720988948
            -0.00000188243198105537
             0.00000994881598143563
             0.00002288702596824047
             0.00003695607942960478
             0.00005149587251742159
             0.00006446771710918241
             0.00007447297506547969
             0.00008224263964648833
             0.00008874302268833214
             0.00009285539942551731
             0.00009228513524550211
             0.00008636553876448607
             0.00007732298526508933
             0.00006849201249834309
             0.00006115682103048810
             0.00005407255737509505
             0.00004569433804896812
             0.00003503285985265721
             0.00002093561129315069
             0.00000217922877815789
            -0.00002008017688961632
            -0.00004085364005684755
            -0.00005518339208748571
            -0.00006218863658456651
            -0.00006452715979754332
            -0.00006509081689794175
            -0.00006396186442921529
            -0.00005894767654729149
            -0.00004798593553060295
            -0.00003003138010975012
            -0.00000549227951529074
             0.00002328271583688837
             0.00005185494896332827
             0.00007509253033322738
             0.00009097412555597938
             0.00010228902504619191
             0.00011306428101691009
             0.00012381014787953733
             0.00013054204938110249
             0.00012803591591157331
             0.00011367359300594327
             0.00008843423185962921
             0.00005568738025305905
             0.00002000907175052988
            -0.00001370887567598059
            -0.00004210133638712696
            -0.00006523549768774691
            -0.00008544391341406098
            -0.00010380420355912252
            -0.00011797092459762655
            -0.00012323571800784569
            -0.00011586711757773956
            -0.00009534776772872548
            -0.00006410265629954634
            -0.00002663838591869560
             0.00001133799824925078
             0.00004508117853442204
             0.00007353122192471894
             0.00009944772558158872
             0.00012580417133579644
             0.00015175557840628646
             0.00017223327555595654
             0.00018147538607005093
             0.00017691788152075674
             0.00015972155328383266
             0.00013280935862548601
             0.00009964528251545642
             0.00006374915925479624
             0.00002793510666282785
            -0.00000678717531306036
            -0.00004120933234571421
            -0.00007506275691442065
            -0.00010483824302645427
            -0.00012543902200299231
            -0.00013301209093469267
            -0.00012655983177605151
            -0.00010768949720964595
            -0.00007950618378803825
            -0.00004615104880189751
            -0.00001189419586637786
             0.00002096610180647727
             0.00005327240351342936
             0.00008695092133527921
             0.00012117036192125515
             0.00015160945874501447
             0.00017372768208857636
             0.00018481793825946927
             0.00018336777555789537
             0.00016885950453535920
             0.00014255510343065913
             0.00010823332253944833
             0.00007073101187277393
             0.00003245104520955898
            -0.00000739782098619973
            -0.00004940285625069721
            -0.00009026431765469908
            -0.00012367873759079850
            -0.00014485636395479204
            -0.00015276798888613118
            -0.00014891551325045156
            -0.00013471902170488319
            -0.00011099771729617898
            -0.00008084504244401231
            -0.00004931533842976269
            -0.00001868091380085540
             0.00001253222289357220
             0.00004545417145007551
             0.00007786892965382024
             0.00010539187693836933
             0.00012443235227093172
             0.00013303122556551712
             0.00013026642734753488
             0.00011684205140794774
             0.00009604219176244955
             0.00007286377149758874
             0.00005075602162287319
             0.00002923912296205347
             0.00000604206651524409
            -0.00001899145041611256
            -0.00004288769624872907
            -0.00006194621607669537
            -0.00007427230560043699
            -0.00007889176944823404
            -0.00007450113610497374
            -0.00006163558339020676
            -0.00004429475615119816
            -0.00002766704528999077
            -0.00001423257895127829
            -0.00000179951831160476
             0.00001394788402543809
             0.00003478857126023017
             0.00005862907744994098
             0.00008081005058108397
             0.00009557705553076146
             0.00009868068875507920
             0.00009000251718800410
             0.00007422343328788533
             0.00005827789945331632
             0.00004600127574416162
             0.00003521951914575486
             0.00002083460750087779
             0.00000046576796226620
            -0.00002359520440470154
            -0.00004706457095596101
            -0.00006540438855943526
            -0.00007383474192573690
            -0.00006935782245293413
            -0.00005359835698825296
            -0.00003368501065806622
            -0.00001841550218731048
            -0.00001090926137393105
            -0.00000673617530901590
             0.00000104745909192951
             0.00001638637953538363
             0.00003746899229181720
             0.00005850496846382488
             0.00007318604436392405
             0.00007713067653490664
             0.00007164805763687940
             0.00006569366061690567
             0.00006891776402645611
             0.00008103561148702228
             0.00009264446599966930
             0.00009604569220445922
             0.00008991207976331136
             0.00007609811499977015
             0.00005729625577367670
             0.00003708060339381835
             0.00002120837423296489
             0.00001643097240677582
             0.00002256321205144882
             0.00002793050338551401
             0.00001969590174369689
            -0.00000194774145477377
            -0.00002429792791984107
            -0.00003641475457234279
            -0.00003906459062937830
            -0.00004044652280580434
            -0.00004636972146003739
            -0.00005758562052426368
            -0.00007341678849638767
            -0.00009102123420211198
            -0.00010129455517820116
            -0.00009121505257896108
            -0.00005520840224262054
            -0.00000293464526212870
             0.00004692486602414199
             0.00007962031239595502
             0.00009295249613557938
             0.00009290511474914072
             0.00008434025908460619
             0.00006962652206239956
             0.00005059629536335625
             0.00002696969119448323
            -0.00000572918713731922
            -0.00005018435029253022
            -0.00009749267591395211
            -0.00012866870312579364
            -0.00012923484824060166
            -0.00010136630176964080
            -0.00006067895470499468
            -0.00002321023758785233
             0.00000389190802551979
             0.00002147195007459149
             0.00003323051769874413
             0.00004509021124763946
             0.00006407816996651962
             0.00009107271583306188
             0.00011638252635098110
             0.00012627969431811426
             0.00011442242399748672
             0.00008634599539172598
             0.00005215237573010338
             0.00001606788921216146
            -0.00002331460311879533
            -0.00006568965396729797
            -0.00010908881357090313
            -0.00015477186364089534
            -0.00020462001848876575
            -0.00025155564491280213
            -0.00027747255720634640
            -0.00026615118174498040
            -0.00021821302254870152
            -0.00015024806626797371
            -0.00008023141951093535
            -0.00001682707511881667
             0.00003943553104089368
             0.00008902470019124890
             0.00013265531846577523
             0.00017503638540244777
             0.00021980873266696480
             0.00026017531430849814
             0.00028019824144778473
             0.00027026495089617445
             0.00023850977080574652
             0.00020183184409412484
             0.00016960269866522106
             0.00013893193885722652
             0.00010289690908521291
             0.00005671081715336649
            -0.00000448932749770361
            -0.00008373188370638159
            -0.00017293513435884242
            -0.00025004844067846898
            -0.00029239357852320780
            -0.00029301428845107284
            -0.00026356666715713403
            -0.00022204129433088291
            -0.00017732764071278271
            -0.00012736637232591469
            -0.00006761723472066257
             0.00000374950345832258
             0.00008588519663524010
             0.00017307161116164751
             0.00025107953603546447
             0.00030243334440443521
             0.00031697488425332061
             0.00029964969030192486
             0.00026748626822888766
             0.00023384143607543996
             0.00020061992311961422
             0.00016410326145552151
             0.00011964111939369807
             0.00006201417379768549
            -0.00001198322172933115
            -0.00009631974410254184
            -0.00017288404076030333
            -0.00022271649105397301
            -0.00024134990087056342
            -0.00024021494327749972
            -0.00023416344690684187
            -0.00022928441424138567
            -0.00022171886956706672
            -0.00020410106452528428
            -0.00016899501401448328
            -0.00010923146560755685
            -0.00002355276418446102
             0.00007579024869403882
             0.00016484588484662501
             0.00022224411448779790
             0.00024482793504844647
             0.00024622933494322663
             0.00024082837091029456
             0.00023318563780786968
             0.00021840539921695254
             0.00018699182785614514
             0.00013075678640627218
             0.00004885825522273838
            -0.00004741518251648257
            -0.00013524180812755937
            -0.00019111165303748666
            -0.00020645642618756337
            -0.00019341940543255467
            -0.00017394931905769561
            -0.00016200699761047775
            -0.00015603342777811301
            -0.00014417503376173803
            -0.00011323404975702547
            -0.00005591048916500260
             0.00002419859693972559
             0.00011057135874403203
             0.00018096513300543493
             0.00022172671809944007
             0.00023659222804810895
             0.00024169955530313372
             0.00025095556826131569
             0.00026669333140906228
             0.00028093800848021631
             0.00028071505681069662
             0.00025493735952557782
             0.00019990828339322669
             0.00012161679612665654
             0.00003636056725767232
            -0.00003613819639147475
            -0.00008474692565349029
            -0.00011229139388122112
            -0.00013125022927869471
            -0.00015189133488750127
            -0.00017263975676362414
            -0.00018156830257541037
            -0.00016395991912881622
            -0.00010902142555633762
            -0.00001737190876554074
             0.00009334265347892924
             0.00019434607587889822
             0.00026215255930272391
             0.00029373591996933768
             0.00030499370309370043
             0.00031310484548834722
             0.00032377516885870322
             0.00033119338597434312
             0.00032296947501776822
             0.00028655451997927725
             0.00021658351966619461
             0.00012033868379740001
             0.00001686686407001503
            -0.00007163933207232757
            -0.00013172254510900264
            -0.00016554334709451476
            -0.00018612505112929826
            -0.00020565238618921143
            -0.00022717665700149102
            -0.00024124412532143273
            -0.00022895966749613656
            -0.00017342233708200582
            -0.00007143027854822908
             0.00006125083848704855
             0.00019617788226890926
             0.00030887879367006392
             0.00039003894534306191
             0.00044231440194629159
             0.00047088323795437453
             0.00047992131199740010
             0.00047298462774935480
             0.00044744046947848719
             0.00038934662088247574
             0.00028192245737012657
             0.00012314686053821350
            -0.00006716066292699687
            -0.00025996918260782857
            -0.00043558167010996994
            -0.00058961650823419621
            -0.00072485364608151351
            -0.00084322463563254253
            -0.00094510011224471378
            -0.00103007506440061557
            -0.00109565857711599779
            -0.00113421823448985222
            -0.00113111875064499600
            -0.00106942087954705494
            -0.00094100764147548915
            -0.00075443808181995106
            -0.00053334040993343918
            -0.00030746864496955517
            -0.00010309764781033248
             0.00006582702531306526
             0.00020147615532183286
             0.00031057721726087669
             0.00039360343373382302
             0.00044363502727557774
             0.00044326567343027387
             0.00037019337280107820
             0.00021737959434716048
             0.00000526147086375567
            -0.00022905744848464500
            -0.00045331712255295098
            -0.00065181535879975600
            -0.00082131777322775993
            -0.00096244637463427027
            -0.00107703720769053413
            -0.00116809379239571744
            -0.00123703443385621368
            -0.00127759801184608771
            -0.00127167825923267487
            -0.00119576687983013390
            -0.00103635433021199183
            -0.00080248725052484192
            -0.00052252078283845167
            -0.00022780155130658336
             0.00006123874156286931
             0.00033756837902068718
             0.00059981776980467182
             0.00084606225028717257
             0.00107398328979069896
             0.00127941646237665369
             0.00145173500299843939
             0.00157063940241811855
             0.00161055308621299619
             0.00155589681566440817
             0.00141389376477326538
             0.00121127332850491393
             0.00098115239492167880
             0.00075099262094140682
             0.00053618471487117158
             0.00033483599170155010
             0.00012802361380510665
            -0.00009908974746732149
            -0.00033579312323405683
            -0.00054893381952002664
            -0.00069965005192885001
            -0.00076224896802239812
            -0.00073488152923418290
            -0.00063337817745523289
            -0.00047797367254454092
            -0.00028971218370843531
            -0.00009247768973402467
             0.00010038509304293620
             0.00029995436502527662
             0.00052300839442043364
             0.00076079238231198138
             0.00097541952727365155
             0.00112156343733894577
             0.00117146222268155859
             0.00112774117675578278
             0.00101182854936060973
             0.00084097895371961482
             0.00062167490202736059
             0.00036436513391194827
             0.00009373242463137421
            -0.00017277464239720755
            -0.00044816947134648799
            -0.00075934025502264878
            -0.00111129313817966624
            -0.00147113738580480040
            -0.00178262700570707929
            -0.00199805323998176717
            -0.00210116500744885045
            -0.00210146807514140655
            -0.00201072842955738688
            -0.00182861060523203446
            -0.00155061499345505614
            -0.00118608037550961315
            -0.00076443697660058313
            -0.00031894465666119009
             0.00014328884913651806
             0.00063759765122108232
             0.00115750649331262316
             0.00165450950367628750
             0.00206119364325802303
             0.00232855610094515357
             0.00244916127720099961
             0.00244858793412837091
             0.00235426512470649678
             0.00217238093126405655
             0.00189586691494899912
             0.00152943631400313438
             0.00110231705460198939
             0.00065682589866086891
             0.00021990067381738774
            -0.00020870678375580699
            -0.00062732908018287264
            -0.00100080697035449394
            -0.00127127429112462156
            -0.00139673654403023643
            -0.00137730398433534660
            -0.00124889573903473258
            -0.00105119099676196422
            -0.00080099950608055891
            -0.00049538171678979986
            -0.00013493561626277593
             0.00025568041284646903
             0.00063695911769498785
             0.00098735735417738177
             0.00130771817986412102
             0.00159559393231393609
             0.00183128744714412600
             0.00198512543843614017
             0.00203615333330954378
             0.00198514510293605661
             0.00185131671036564889
             0.00165565343116575413
             0.00140258120244456867
             0.00108204962910073816
             0.00068866983182914706
             0.00023710735881258895
            -0.00023334903088873210
            -0.00068387108815164924
            -0.00110810590321687354
            -0.00151628838135474094
            -0.00190049382780206047
            -0.00222587063526378387
            -0.00244492944335856577
            -0.00252565591888398574
            -0.00247112369221635843
            -0.00231114307980129132
            -0.00207614191290632051
            -0.00177960172260329514
            -0.00142222013916970124
            -0.00100835371582098823
            -0.00056531809342679168
            -0.00013896441044598248
             0.00024483773209351030
             0.00059372345361247603
             0.00091325463946233915
             0.00117526436806584026
             0.00132939455647003565
             0.00134574696059948503
             0.00124462637596776623
             0.00108091714894696937
             0.00089752626159323194
             0.00069199880111212541
             0.00043291913008020223
             0.00011543277656361883
            -0.00021202264115448876
            -0.00049690426351909635
            -0.00073893828786442866
            -0.00096433216172065806
            -0.00116446168802834663
            -0.00128642859441007308
            -0.00127857912307172941
            -0.00113892858870310340
            -0.00091617707998814383
            -0.00066413388436980408
            -0.00039698125765988532
            -0.00008889010554346767
             0.00027579717126699016
             0.00065674077200003384
             0.00098489442590878854
             0.00122836538334470877
             0.00140312796933634134
             0.00152826035951919808
             0.00158982092242924435
             0.00154987225020473810
             0.00138883177611725216
             0.00113336509005139484
             0.00084132531365703012
             0.00055639674746875173
             0.00027324349804314589
            -0.00004386920924137637
            -0.00040159040694477937
            -0.00074696186758585383
            -0.00101195520066782647
            -0.00117706576876626954
            -0.00126826049382940381
            -0.00130757616143622113
            -0.00128500729111318576
            -0.00117245354064297739
            -0.00095991921743669153
            -0.00067322661611636688
            -0.00035412802503785752
            -0.00002752188615752489
             0.00031008827475282751
             0.00066749168423480660
             0.00102121525402633579
             0.00131275567105893637
             0.00149281900605754644
             0.00155807147420904276
             0.00153888554478586598
             0.00145953564153555697
             0.00131490917159058827
             0.00108412197381042375
             0.00076309985501700668
             0.00038051275895562605
            -0.00001707401820567156
            -0.00039556424984665275
            -0.00074870933299027410
            -0.00107907509796984391
            -0.00136700324217924377
            -0.00157135573639647849
            -0.00166392200234891010
            -0.00165326719143498758
            -0.00157221353730801691
            -0.00144678087369213117
            -0.00127798120110731903
            -0.00104864864339906309
            -0.00074719396158475946
            -0.00038920175533158931
            -0.00001521726900487838
             0.00033535202635819186
             0.00064523387401394232
             0.00090863112276185398
             0.00111153886841319337
             0.00123650069865100876
             0.00127739805561614158
             0.00124538718216337177
             0.00116393068840784470
             0.00105294100803329837
             0.00091384764821162920
             0.00072993640093393073
             0.00049008993571496176
             0.00021793933702551294
            -0.00003190027383282128
            -0.00021425045868849577
            -0.00032789672926554232
            -0.00040123094119200539
            -0.00045355184521829472
            -0.00048532864337741237
            -0.00049384168296015541
            -0.00048507497743138810
            -0.00046528578377096411
            -0.00042046700585714246
            -0.00032036904634353213
            -0.00015548297710476266
             0.00003781237861706275
             0.00019968840124976416
             0.00029879817442625065
             0.00036018217286372980
             0.00043169581435381220
             0.00053131026107522254
             0.00064451297055539741
             0.00075080753803792707
             0.00083350625051068926
             0.00087462466131977515
             0.00084857307037864468
             0.00073205648305702756
             0.00052831351000796130
             0.00027960157407115393
             0.00004873953462126673
            -0.00012793768051026018
            -0.00027797125488683349
            -0.00045711363015944745
            -0.00067580233949252305
            -0.00089151548131226506
            -0.00104935115192266869
            -0.00111140213034489964
            -0.00106615688089586056
            -0.00092033347122165811
            -0.00068708238212086240
            -0.00038595541753264323
            -0.00005619183170511751
             0.00024469765144413235
             0.00048000015676160788
             0.00067060174428688630
             0.00087008785531044266
             0.00110261847656199135
             0.00133765851300884811
             0.00151543301835434523
             0.00158860849013097555
             0.00154851600270184330
             0.00141772811827937462
             0.00121937872377488998
             0.00095935749300208348
             0.00064252734483884633
             0.00029874517316936421
            -0.00002403239865290054
            -0.00030209341001723443
            -0.00056074748186951662
            -0.00083875544904819593
            -0.00113105953083445366
            -0.00137781351331533889
            -0.00150801652577698992
            -0.00149245616117502935
            -0.00135777214856501395
            -0.00115444274335589495
            -0.00091284265345089504
            -0.00063007413710498773
            -0.00030324898045906284
             0.00002841479894339924
             0.00030284069691259005
             0.00050285113026948857
             0.00066636181765712254
             0.00082780156296389888
             0.00097446453925604084
             0.00105361144688101600
             0.00101757182736925047
             0.00086952700405751814
             0.00066027926383185149
             0.00043817379907684862
             0.00021292769055707698
            -0.00002824020032120193
            -0.00027473885363453601
            -0.00048457171518594876
            -0.00063489324901907715
            -0.00075033402528395707
            -0.00087019249113093897
            -0.00100797300056854511
            -0.00113967571465369445
            -0.00122264131900748450
            -0.00122970018018314837
            -0.00117013850565582064
            -0.00107823161027517460
            -0.00098293978254652211
            -0.00089118551987120865
            -0.00079345310375555575
            -0.00068038535479373111
            -0.00055738024039870258
            -0.00043952447979641446
            -0.00033074699087477083
            -0.00021670922635062424
            -0.00008573145716977249
             0.00004203854281747392
             0.00012356437067665427
             0.00013611579204573344
             0.00009672237998181390
             0.00004005132763055133
            -0.00001421589445254028
            -0.00006682031212469407
            -0.00011914397135212424
            -0.00016929411399135415
            -0.00023129603040067487
            -0.00033405005993276937
            -0.00049302291052588394
            -0.00068996820189325657
            -0.00087935585689584103
            -0.00101696295809109816
            -0.00108310379078350723
            -0.00108211526429491628
            -0.00102675085230118264
            -0.00093183891358325163
            -0.00081767196261824386
            -0.00069583875640739305
            -0.00055083494018811523
            -0.00035326963370910144
            -0.00009796501285362650
             0.00018170065091500682
             0.00044145567800449933
             0.00066038278961625600
             0.00084415038803156857
             0.00099778110547713949
             0.00111642996221605591
             0.00120711663347687560
             0.00129941533577341705
             0.00142405195533516749
             0.00158005739738599146
             0.00172115909297323858
             0.00178021134483617163
             0.00171900685951108939
             0.00154381157042740341
             0.00128411645267461553
             0.00097824585242932546
             0.00066250179328277803
             0.00036100218993204868
             0.00007634905786054842
            -0.00020737177124150968
            -0.00049679810386827738
            -0.00077449169599990418
            -0.00101419393024698170
            -0.00118772380868918258
            -0.00126086145403452379
            -0.00121851538155485204
            -0.00109426409386401439
            -0.00094828548836889772
            -0.00082270646818209724
            -0.00073287751023645242
            -0.00067959220589286127
            -0.00064788831518013384
            -0.00060216827211699684
            -0.00049808695774627217
            -0.00032019967208909294
            -0.00010621942151128164
             0.00007821612196137088
             0.00017893828825800456
             0.00018055655892541716
             0.00011851548682537190
             0.00005665251089645149
             0.00004341567932408616
             0.00008291664489949832
             0.00013629775295128421
             0.00015781260779239946
             0.00012811841867303502
             0.00004667336898954722
            -0.00007501448813711037
            -0.00019855749326471250
            -0.00026820774018029874
            -0.00025474977606898211
            -0.00019125433995378761
            -0.00015234502388433092
            -0.00019323921702194924
            -0.00031417681630096069
            -0.00046533858926819493
            -0.00058127875801673777
            -0.00063117041931932873
            -0.00063085382977990799
            -0.00060445737884970863
            -0.00056186508234645370
            -0.00051528025178678534
            -0.00049360873100221957
            -0.00052460477744877801
            -0.00060018379346885693
            -0.00066729332123907105
            -0.00066393183890645655
            -0.00057369864948633774
            -0.00043801232162383661
            -0.00029978234986748872
            -0.00015943573711565081
            -0.00000722722930928855
             0.00013821754092289257
             0.00025537750657557981
             0.00036634799861204526
             0.00052912052398820743
